Epoch	TotalEnvInteracts	Time	AverageEpRet	StdEpRet	MaxEpRet	MinEpRet	EpLen	AverageTestEpRet	StdTestEpRet	MaxTestEpRet	MinTestEpRet	TestEpLen	AverageQ1Vals	StdQ1Vals	MaxQ1Vals	MinQ1Vals	LossQ1	AverageLogPi	StdLogPi	MaxLogPi	MinLogPi	LossPi	AverageAlpha	StdAlpha	MaxAlpha	MinAlpha	LossAlpha	AveragePreTanh	StdPreTanh	MaxPreTanh	MinPreTanh	AverageMCDisRet	StdMCDisRet	MaxMCDisRet	MinMCDisRet	AverageMCDisRetEnt	StdMCDisRetEnt	MaxMCDisRetEnt	MinMCDisRetEnt	AverageQPred	StdQPred	MaxQPred	MinQPred	AverageQBias	StdQBias	MaxQBias	MinQBias	AverageQBiasAbs	StdQBiasAbs	MaxQBiasAbs	MinQBiasAbs	AverageNormQBias	StdNormQBias	MaxNormQBias	MinNormQBias	AverageQBiasSqr	StdQBiasSqr	MaxQBiasSqr	MinQBiasSqr	AverageNormQBiasSqr	StdNormQBiasSqr	MaxNormQBiasSqr	MinNormQBiasSqr
0	999	1.9109790325164795	21.867727	16.199148	88.12324	7.9728937	24.55	23.497566	0.0	23.497566	23.497566	54.0	0.0	0.0	0.0	0.0	0.0	0.0	0.0	0.0	0.0	0.0	0.0	0.0	0.0	0.0	0.0	0.0	0.0	0.0	0.0	8.917187	11.917252	60.480244	-4.654917	14.175427	15.206511	79.54203	-1.8709689	0.43125388	0.50279367	1.9117327	-0.62688386	-13.744173	14.973609	1.8517673	-78.94338	13.881712	14.846189	78.94338	0.011631133	-0.65238255	0.38937274	0.18517673	-1.0361941	413.11127	884.8918	6232.0576	0.00013528325	12.827662	15.062101	78.34924	1.3528324e-05
1	1999	2.7426629066467285	21.89739	19.323784	91.71036	6.8197417	24.390244	114.52617	0.0	114.52617	114.52617	87.0	0.0	0.0	0.0	0.0	0.0	0.0	0.0	0.0	0.0	0.0	0.0	0.0	0.0	0.0	0.0	0.0	0.0	0.0	0.0	27.318113	26.020472	94.8614	-2.6546924	35.017296	30.46544	117.66336	-1.1062971	1.1368312	0.46529102	2.4121962	-0.18678717	-33.880463	30.338337	1.4827305	-116.58012	33.923256	30.290482	116.58012	0.02168706	-0.8195954	0.2934217	0.14827305	-1.0054692	2068.3005	3209.985	13590.923	0.0004703286	32.66284	30.321123	115.88336	4.703286e-05
2	2999	3.579022169113159	17.015001	11.203094	63.820225	6.1277585	21.404255	48.95471	0.0	48.95471	48.95471	29.0	0.0	0.0	0.0	0.0	0.0	0.0	0.0	0.0	0.0	0.0	0.0	0.0	0.0	0.0	0.0	0.0	0.0	0.0	0.0	41.44737	26.890247	111.21813	0.49139583	46.10508	30.611567	128.17113	0.49139583	1.3479806	0.53713787	2.5327196	-0.2627739	-44.7571	30.654373	0.5004009	-127.05714	44.758327	30.652582	127.05714	0.1002686	-0.90657896	0.18670376	0.05004009	-1.0054281	2942.8887	3661.0894	16143.516	0.010053793	43.427013	30.73059	126.35106	0.0010053793
3	3999	4.428997039794922	18.893555	13.409136	77.89592	6.398895	21.644444	44.50691	0.0	44.50691	44.50691	26.0	0.0	0.0	0.0	0.0	0.0	0.0	0.0	0.0	0.0	0.0	0.0	0.0	0.0	0.0	0.0	0.0	0.0	0.0	0.0	34.252377	18.707285	80.18764	1.0617222	38.303238	21.820621	90.8671	1.0617222	1.7787136	0.5627606	3.2073495	-0.115584284	-36.52453	22.00621	0.8061188	-89.38186	36.53501	21.988802	89.38186	0.0044452483	-0.87984854	0.20642741	0.08061188	-1.0021958	1818.3145	1850.1173	7989.117	1.9760233e-05	34.90088	22.070675	87.9209	1.9760232e-06
4	4999	5.308936834335327	14.7635565	9.767971	51.274837	5.4382825	20.22449	42.712307	0.0	42.712307	42.712307	25.0	0.0	0.0	0.0	0.0	0.0	0.0	0.0	0.0	0.0	0.0	0.0	0.0	0.0	0.0	0.0	0.0	0.0	0.0	0.0	30.068312	14.466398	61.97706	2.0118904	33.252144	16.802414	75.56558	2.0118904	2.1162384	0.5105789	3.274962	0.42376894	-31.135904	17.124939	1.0732613	-74.2791	31.159327	17.082287	74.2791	0.01254498	-0.8577157	0.21884993	0.10732613	-0.99251574	1262.7081	1125.6646	5517.385	0.00015737653	29.29402	17.178513	73.01452	1.5737653e-05
5	5999	100.71055865287781	185.694	48.331783	297.68866	106.66406	99.3	205.02466	0.0	205.02466	205.02466	90.0	93.308075	53.887066	183.97273	-33.935707	6.6779523	-0.78216785	1.789037	14.061452	-9.009127	-99.69105	0.88177	0.06293272	0.99970007	0.77701795	-0.20554203	0.81303644	0.6014036	4.5759845	2.0116568e-06	111.72396	46.4751	166.32991	1.581	118.72103	51.104317	181.50247	1.581	135.81232	62.642918	183.65622	-20.740623	17.091297	44.556717	172.0896	-118.21336	33.375698	34.109768	172.0896	0.005808447	0.36224377	1.7416054	17.20896	-2.5350013	2277.4133	4543.248	29614.83	3.3738055e-05	60.901028	256.6553	2961.483	1.9321e-07
6	6999	196.46687150001526	231.6391	71.1126	341.4884	56.78883	100.111115	391.82886	0.0	391.82886	391.82886	211.0	181.05911	55.55681	229.35886	-30.643627	9.9689455	-0.30598265	2.1436124	16.543383	-11.129187	-190.59753	0.68763036	0.048997737	0.7768035	0.60460395	-0.48784834	0.84832436	0.6426567	5.212396	7.748604e-07	85.63549	48.19732	166.28648	1.2720811	95.1543	52.13245	182.89581	1.2720811	199.61366	48.881702	228.48235	-5.368391	104.45937	62.047207	219.52419	-9.827619	104.76359	61.53216	219.52419	0.04584073	2.6489499	4.586301	21.95242	-0.8664306	14761.616	13868.613	48190.867	0.0021013725	477.6561	972.0073	4819.087	5.215079e-05
7	7999	292.49440741539	327.43695	83.38373	384.13806	126.845024	156.28572	309.18842	0.0	309.18842	309.18842	143.0	185.96182	60.307705	231.86208	-28.174734	6.3464813	-0.22988616	2.2502708	18.069769	-12.816254	-194.64973	0.5300745	0.04192993	0.6044352	0.4607253	-0.78363156	0.85102856	0.6570394	5.3730135	2.9802322e-08	110.60237	45.192543	157.72089	2.6044786	118.98146	49.799137	173.883	2.6044786	141.7079	70.29849	221.48784	-0.8393897	22.726427	22.636307	53.991276	-9.931013	24.513922	20.687204	53.991276	0.004955998	0.1405096	0.15703535	0.9359948	-0.50600713	1028.8928	1086.7448	2915.0579	2.4561916e-05	6.44298	6.4648933	17.90217	4.1379454e-07
8	8999	389.9357476234436	265.71832	117.15182	389.38004	104.148224	153.5	1026.3273	0.0	1026.3273	1026.3273	1000.0	168.94475	56.9946	225.18016	-22.208166	4.521776	-0.15280992	2.303834	18.859238	-11.828163	-176.06462	0.4032358	0.03174138	0.460603	0.34956923	-1.0502671	0.84266746	0.6590794	6.025639	7.4505806e-07	104.08381	7.4435816	126.82337	92.922134	134.31485	8.056713	157.23843	122.5152	177.08226	8.549996	196.98634	154.89816	42.767426	3.3872054	50.21887	29.283777	42.767426	3.3872054	50.21887	29.283777	0.3195652	0.03189111	0.38851458	0.23312439	1840.5255	284.20883	2521.9348	857.53955	13.756626	2.3140395	19.240976	6.8267627
9	9999	485.76944947242737	486.215	326.63422	1050.4143	267.32614	342.25	317.23682	0.0	317.23682	317.23682	128.0	157.01044	44.0698	198.20818	-20.09455	2.5037632	-0.17587799	2.274995	18.807383	-11.469755	-162.78052	0.3023808	0.02569284	0.34946585	0.26143104	-1.4059399	0.84680885	0.6606782	5.8084574	5.066395e-07	116.82096	46.89121	168.42723	2.993972	123.11214	51.285347	182.65965	2.993972	143.88596	54.464344	185.93549	3.9067101	20.77382	15.0246525	53.587532	-13.259203	21.308706	14.255905	53.587532	0.11693311	0.19484353	0.18879132	1.2623997	-0.38221955	657.29175	732.2389	2871.6238	0.013673351	6.1212454	7.482775	35.601242	0.000106955966
10	10999	581.6310832500458	311.46066	29.469475	339.59808	250.23161	130.0	1217.1732	0.0	1217.1732	1217.1732	1000.0	154.59818	46.765247	195.29733	-32.50849	1.9398932	0.010997309	2.357115	21.014088	-11.077426	-159.81482	0.23119596	0.017447451	0.26136643	0.20013592	-1.4568479	0.86342067	0.6777191	6.1412764	4.172325e-07	126.34985	10.696729	152.6989	103.02588	151.19789	10.644651	177.59317	120.00499	157.41354	13.267292	180.42122	111.22728	6.215656	10.571474	28.67085	-23.902693	10.821676	5.769035	28.67085	0.123017944	0.04239901	0.07278188	0.21080777	-0.1522158	150.39044	143.63977	822.0177	0.015133414	1.0302536	1.045736	6.0440383	9.660487e-05
11	11999	676.2619776725769	419.20236	176.5395	753.1863	210.3757	192.66667	450.87234	0.0	450.87234	450.87234	181.0	146.2293	42.753662	184.54135	-17.964815	1.9276491	0.18137187	2.4176593	18.878286	-10.518959	-150.6891	0.17547607	0.011665274	0.20007323	0.15876362	-1.4090667	0.8763881	0.68904424	5.9398265	5.8393925e-07	142.95555	51.673588	196.62556	2.8891697	146.21423	52.283672	202.8971	2.8891697	139.19131	48.40594	185.82825	1.9074599	-7.0229297	8.445271	17.168919	-24.20642	8.732039	6.663003	24.20642	0.015707906	-0.039067764	0.060641002	0.29108092	-0.27337477	120.64413	150.85379	585.9508	0.00024673832	0.6990517	0.7708856	3.4780223	1.3878619e-06
12	12999	772.4517788887024	424.50333	27.76764	460.39938	363.9126	156.85715	424.73352	0.0	424.73352	424.73352	146.0	154.56769	46.57033	199.42552	-23.099825	1.7844443	0.608305	2.5360188	20.702538	-11.679817	-159.05379	0.14737652	0.006111243	0.15873106	0.1363977	-0.7488664	0.9146687	0.7183457	6.0569334	2.2351742e-07	155.99388	63.337532	220.4954	3.1300242	153.30417	59.723537	219.03372	3.1300242	145.3691	52.44628	194.28577	4.9994545	-7.93508	29.078339	128.57133	-39.284103	21.075354	21.548662	128.57133	0.122038856	0.060387954	0.9346126	12.857133	-0.22534442	908.5154	2469.2107	16530.588	0.014893482	17.743189	111.31166	1653.0587	0.0005847258
13	13999	868.5133628845215	431.9115	25.54234	465.38373	395.8489	157.5	397.05377	0.0	397.05377	397.05377	149.0	158.2352	47.905563	203.26254	-32.692226	1.3777968	0.7083454	2.6020691	20.30102	-11.557343	-162.56912	0.12554358	0.0055834022	0.13636948	0.116964504	-0.60226333	0.91774124	0.7295979	6.713107	1.2367964e-06	145.96579	56.339596	198.5831	3.3144872	150.22656	58.032608	209.09775	3.3144872	148.55893	56.980656	200.29248	4.3146544	-1.6676359	5.7164383	11.516622	-18.052385	4.87293	3.422459	18.052385	0.005154051	-0.003975316	0.05531195	0.4299426	-0.14552101	35.458675	40.861256	325.88864	2.656424e-05	0.2389528	0.27139267	2.6270015	2.5017144e-07
14	14999	964.8028438091278	582.5153	58.129906	692.4339	526.83154	197.8	652.5141	0.0	652.5141	652.5141	213.0	165.35841	49.8508	228.09958	-30.401634	1.7819934	0.9741232	2.7118866	22.868393	-11.548148	-169.5325	0.11311276	0.0015193643	0.116950035	0.1112538	-0.055741545	0.93649065	0.76593286	7.296815	3.259629e-07	202.54332	64.85849	254.12335	4.3861446	187.95491	61.36569	233.5732	4.3861446	169.90567	60.508286	227.22687	8.511245	-18.049242	12.733085	25.662138	-49.94897	19.18063	10.954906	49.94897	0.0032961213	-0.07682166	0.2507984	2.5662138	-0.3806717	487.90656	455.58817	2494.8997	1.0864414e-05	3.3948646	5.230606	65.85453	2.4089454e-07
15	15999	1061.6739268302917	609.72125	41.11475	653.0513	543.37274	202.2	630.304	0.0	630.304	630.304	204.0	182.98616	55.744106	236.87943	-26.5556	2.1828463	1.1774158	2.7060943	23.817766	-14.076969	-187.55006	0.12817988	0.006465626	0.13566598	0.11546094	0.36920983	0.9830766	0.7884589	8.068183	5.9604645e-07	196.7177	63.579723	253.12384	4.4098954	181.47922	64.08878	239.07094	4.4098954	185.69197	61.039696	230.00429	-2.8498607	4.212756	10.43854	32.021755	-13.824263	8.905928	6.884395	32.021755	0.020111145	0.033867326	0.10982958	0.4840409	-0.89736986	126.71044	177.84604	1025.3928	0.0004044582	1.0020206	1.6592886	9.318964	1.8134584e-06
16	16999	1157.8170144557953	575.6859	107.0219	660.46246	366.64484	191.6	627.9092	0.0	627.9092	627.9092	201.0	188.71347	58.040863	242.06458	-23.438595	1.9356979	1.0144901	2.7061594	27.47442	-9.998869	-193.08925	0.13510965	0.0012306288	0.13799979	0.13335812	0.02887276	0.957017	0.76336014	7.0787807	3.4570694e-06	201.56961	66.64202	258.45258	4.2222147	193.19661	64.52	248.57759	4.2222147	186.98407	59.65653	239.33218	6.493971	-6.2125487	6.643197	21.911171	-25.345945	8.078997	4.1782346	25.345945	0.0035592774	-0.0049280347	0.12164629	1.049907	-0.11894122	82.72784	80.037735	642.41693	1.2668456e-05	0.6239511	1.2049887	11.023046	1.9858805e-07
17	17999	1254.0228023529053	646.5316	26.585999	675.3377	609.8967	208.6	702.54095	0.0	702.54095	702.54095	221.0	190.1385	59.20053	242.28497	-23.485882	1.8536268	0.90928966	2.6892936	25.546576	-10.728294	-194.38843	0.13108648	0.0057787695	0.1384723	0.12245933	-0.18478085	0.956663	0.76491547	7.0861316	3.8146973e-06	209.72125	69.71821	269.95026	4.1858854	203.52429	66.51551	256.7725	4.1858854	186.50937	60.259224	235.85759	3.9780169	-17.014906	8.50492	15.162858	-32.54054	17.645525	7.104657	32.54054	0.090084076	-0.06902239	0.114392295	1.212179	-0.45189327	361.84076	219.1583	1058.8866	0.00811514	1.7619455	1.2671475	14.693779	0.00013927571
18	18999	1349.8145382404327	668.1161	43.71399	732.1664	595.2083	211.8	821.2928	0.0	821.2928	821.2928	270.0	190.89604	59.229355	245.63127	-43.91715	1.6025195	0.96141136	2.7109785	25.794342	-10.775144	-194.90306	0.118896626	0.0016416289	0.1226556	0.116257384	-0.08191415	0.93943727	0.7715932	7.687691	5.662441e-07	234.71759	70.13873	296.91595	4.0118575	230.67221	70.56918	292.28143	4.0118575	199.81009	53.357384	240.98326	-2.9304786	-30.862127	19.797686	34.323463	-73.92172	32.298203	17.356422	73.92172	0.105808765	-0.094279654	0.21543138	3.432346	-0.74266255	1344.4192	1072.3556	5464.421	0.011195495	5.4191422	5.971455	117.810005	7.121719e-05
19	19999	1446.142894744873	817.2027	65.78135	899.95013	739.0129	260.33334	1071.2274	0.0	1071.2274	1071.2274	329.0	195.4392	60.449085	255.34264	-27.609217	1.5260572	1.02993	2.6946826	25.96394	-10.860926	-199.3473	0.117808826	0.0018815822	0.12142584	0.115802705	0.06382331	0.93346786	0.7740731	7.6142445	6.854534e-07	246.62334	74.11826	318.61768	4.6998844	238.99844	71.56107	312.13324	4.6998844	208.73726	56.062943	254.05466	3.4173346	-30.261183	18.692705	31.543257	-66.35785	31.637476	16.25504	66.35785	0.011016192	-0.09766152	0.20690067	3.1543257	-0.5599026	1265.1561	983.3285	4403.3643	0.00012135649	4.9868965	5.5963125	99.4977	6.1834646e-07
20	20999	1540.495029449463	977.11725	80.79994	1036.8907	862.8902	303.66666	1088.8053	0.0	1088.8053	1088.8053	330.0	201.67966	63.007572	267.92136	-32.09743	1.5796802	1.0376658	2.6548626	26.4322	-10.772204	-205.46773	0.124747895	0.0019477945	0.12861493	0.12144451	0.078365594	0.92501456	0.769481	8.094493	1.4901161e-06	235.71667	72.10972	301.35336	4.4312525	228.31099	68.73091	287.63513	4.4312525	213.63419	62.93982	264.5311	-0.35020888	-14.676806	10.20919	13.727191	-30.542437	15.502713	8.905171	30.542437	0.04691945	-0.05963498	0.08035271	1.372719	-0.47814614	319.6362	271.02518	932.84045	0.002201435	1.3172114	1.1534355	18.843576	1.0959915e-05
21	21999	1632.0749416351318	1042.499	216.57	1348.3002	791.60864	320.5	847.03253	0.0	847.03253	847.03253	253.0	208.8675	65.44414	283.396	-28.62505	1.6678089	1.0507904	2.7086446	28.357464	-11.220886	-212.7257	0.13421339	0.0031133636	0.13956892	0.1286356	0.1022019	0.9231664	0.773845	7.951616	1.3709068e-06	241.61163	74.429085	309.27118	4.5761786	232.43645	69.88084	293.96573	4.5761786	218.10776	67.43712	277.17932	10.29943	-14.328682	8.630303	16.453148	-39.508877	14.899253	7.6029935	39.508877	0.00654554	-0.050529897	0.119673334	1.6424009	-0.31306332	279.79324	250.43335	1560.9515	4.2844094e-05	1.3878591	1.8464284	26.974804	7.730274e-07
22	22999	1729.1626465320587	864.04425	65.4295	940.3016	759.6227	259.5	3190.7407	0.0	3190.7407	3190.7407	1000.0	214.92473	68.64891	291.25284	-24.195377	1.8562266	1.0279436	2.6984055	27.075844	-11.688445	-218.79085	0.14334415	0.0022653781	0.14593604	0.13915783	0.05453437	0.9272067	0.77640194	9.402433	0.0	308.53	25.627975	337.41122	202.57207	299.24713	22.484722	324.4059	198.19858	269.526	17.04304	292.92468	175.1088	-29.721119	10.117277	-10.719055	-60.419273	29.721119	10.117277	60.419273	10.719055	-0.09809674	0.028940335	-0.039136518	-0.19327198	985.7042	628.23	3650.4888	114.89814	3.2034833	1.9118205	11.677353	0.4235357
23	23999	1826.9178009033203	2464.782	0.0	2464.782	2464.782	753.0	3111.1848	0.0	3111.1848	3111.1848	1000.0	218.64246	69.338684	296.86136	-34.092766	1.7443029	1.0040779	2.6291513	27.203924	-10.072813	-222.36641	0.14503875	0.00077295204	0.14671147	0.1439442	0.007892933	0.912139	0.769309	7.875661	8.5681677e-07	301.25726	42.11259	331.0382	55.030518	296.17056	40.396725	324.0665	56.304527	268.35654	38.019596	297.30298	63.18611	-27.81401	6.5998344	6.881584	-43.451454	27.850807	6.4427786	43.451454	0.17954558	-0.09443916	0.026400741	0.1222208	-0.18962735	817.1769	350.26575	1888.0289	0.032236617	2.7578604	1.2006785	7.6061735	0.0004003926
24	24999	1923.7198927402496	3151.5515	0.0	3151.5515	3151.5515	1000.0	1093.5277	0.0	1093.5277	1093.5277	327.0	224.15613	70.01884	302.1839	-36.525967	1.5902644	1.0084383	2.6163335	26.147825	-13.375813	-227.81856	0.1485964	0.0008104507	0.14977881	0.1464635	0.016203312	0.90699	0.76778835	9.309666	2.1010637e-06	259.5347	73.63546	318.43893	4.7936473	253.51897	70.36322	311.4577	4.7936473	241.2973	65.95992	292.54407	5.239065	-12.221657	9.511631	28.435347	-37.68985	13.834012	6.961327	37.68985	0.08646018	-0.047374547	0.058484454	0.7746564	-0.32413673	239.84001	195.51009	1420.5249	0.0074753626	0.93390983	0.7683909	6.0009255	3.9453862e-05
25	25999	2017.1095979213715	1390.1322	513.3651	2115.4382	999.8388	421.33334	1250.185	0.0	1250.185	1250.185	366.0	229.20036	71.140015	303.47363	-31.445408	1.578303	0.9444005	2.6122026	26.507093	-10.417767	-232.74011	0.1419955	0.003618985	0.14849876	0.13591255	-0.108367965	0.88718647	0.756708	7.706827	2.682209e-07	256.65045	73.55946	325.20203	4.3505716	248.7609	69.570786	311.08405	4.3505716	238.47705	66.65411	296.16077	10.286421	-10.283836	8.452058	23.647333	-36.484657	11.502084	6.7004952	36.484657	0.017610624	-0.029216642	0.12595178	2.3647332	-0.21128461	177.19456	188.05013	1331.1304	0.0003101341	0.9075526	2.4642093	55.919632	2.8840013e-06
26	26999	2114.4423105716705	1116.3119	0.0	1116.3119	1116.3119	330.0	2940.4443	0.0	2940.4443	2940.4443	1000.0	230.60042	72.04904	305.5522	-23.70635	1.6473086	1.0026826	2.631773	28.290892	-11.146669	-234.09915	0.13762318	0.00066361396	0.13901916	0.1359622	0.00540852	0.8804168	0.757087	7.5988693	7.748604e-07	248.66357	67.21217	315.77576	3.3317225	244.12683	66.54184	310.37366	3.3317225	273.12033	52.159897	301.5445	1.2938632	28.993483	42.832188	141.03554	-20.251213	35.89754	37.236874	141.03554	0.03610185	0.17182563	0.26416767	1.2326407	-0.32624665	2675.2183	4467.874	19891.023	0.0013033437	15.603146	29.364775	172.94447	5.041023e-06
27	27999	2211.403286933899	3025.2505	0.0	3025.2505	3025.2505	1000.0	3155.6628	0.0	3155.6628	3155.6628	1000.0	233.44635	71.32481	304.22223	-23.174269	1.5274785	0.98823524	2.5993042	27.662521	-11.4321165	-236.75206	0.13460217	0.0007145267	0.13687254	0.13336922	-0.023475181	0.8735474	0.7495946	7.6813145	7.748604e-07	266.45618	71.43646	331.4268	4.972723	259.0019	68.29632	320.47064	4.972723	245.36485	61.0217	295.73245	8.913614	-13.63705	9.898617	19.497307	-34.429417	14.887267	7.894368	34.429417	0.029344887	-0.03842097	0.09624432	1.6768435	-0.1254207	283.95175	244.82278	1185.3848	0.0008611224	1.101628	1.3964528	28.118042	3.6289628e-06
28	28999	2309.4718775749207	2143.2715	965.12616	3108.3977	1178.1454	675.0	3036.9856	0.0	3036.9856	3036.9856	1000.0	236.2138	70.83678	306.46982	-35.908966	1.5460162	0.9573908	2.6042707	28.633373	-10.547182	-239.44633	0.13042124	0.0024227835	0.1341015	0.12499851	-0.087061115	0.85947233	0.74207026	7.796273	2.4437904e-06	295.44772	49.722347	322.2775	4.9250355	292.58807	49.956657	323.7469	4.9250355	276.67822	44.02936	301.23718	9.425213	-15.90984	9.400348	27.281784	-28.641844	17.450804	6.079388	28.641844	0.07699635	-0.04988733	0.04130334	0.45001772	-0.08890089	341.48953	164.96956	820.3552	0.005928438	1.1285347	0.541658	3.9529283	2.1623726e-05
29	29999	2404.145016670227	1360.2382	0.0	1360.2382	1360.2382	402.0	3105.8464	0.0	3105.8464	3105.8464	1000.0	238.7704	70.908264	309.69968	-26.931637	1.4582567	0.9662781	2.6294615	29.001816	-12.558879	-241.93033	0.12129155	0.0020315985	0.124985576	0.11816117	-0.071032025	0.8551714	0.7410629	7.2568917	4.7683716e-07	300.49213	54.087532	344.26703	4.5986114	295.62198	52.943985	337.16962	4.5986114	278.5906	44.008183	303.79016	5.1910067	-17.03136	15.384987	33.32955	-42.41543	21.24093	8.694137	42.41543	0.1111371	-0.051928535	0.061045114	0.22341238	-0.23077008	526.76514	371.68582	1799.0685	0.012351455	1.7637721	1.2422198	7.408756	4.191962e-05
30	30999	2502.7311000823975	1778.8837	999.6043	3182.857	933.86755	546.3333	3038.2815	0.0	3038.2815	3038.2815	1000.0	241.3216	71.35572	312.68198	-36.617226	1.502548	1.0141652	2.614058	29.112785	-11.244813	-244.3926	0.11977425	0.00064903	0.12094128	0.11817785	0.030140761	0.8562602	0.7416169	7.6445923	3.7141144e-06	309.87057	14.745928	326.46533	245.51729	308.53387	13.447944	323.18454	254.90529	295.3151	13.723248	306.69775	238.8107	-13.218803	3.2415168	-2.6082861	-22.068592	13.218803	3.2415168	22.068592	2.6082861	-0.04293243	0.010805382	-0.008577788	-0.06870307	185.2442	83.15657	487.02274	6.803156	0.6016419	0.2721526	1.51618	0.022373326
31	31999	2600.4443628787994	2049.085	577.96545	2627.0503	1471.1194	616.5	3151.2842	0.0	3151.2842	3151.2842	1000.0	242.9158	71.97374	314.30435	-29.788712	1.4138303	1.0031217	2.5896466	29.267237	-12.373913	-245.926	0.12277243	0.00065089023	0.123820305	0.1207625	0.006650509	0.8541744	0.7430591	7.9641137	1.5497208e-06	322.0195	17.654379	343.27774	251.14224	316.09933	15.253097	335.60895	258.4213	292.97177	13.035426	305.5962	240.80765	-23.127579	6.1984797	-7.028984	-36.96525	23.127579	6.1984797	36.96525	7.028984	-0.07283346	0.017935421	-0.02304472	-0.11023194	573.30597	290.65073	1366.4296	49.406616	1.7939353	0.86596376	4.0747514	0.16198097
32	32999	2696.0883197784424	3188.6736	0.0	3188.6736	3188.6736	1000.0	3152.6038	0.0	3152.6038	3152.6038	1000.0	245.09079	71.61629	314.72504	-31.621075	1.4468204	0.9791827	2.6033623	29.968456	-11.688333	-248.02748	0.1196422	0.0012367958	0.12167837	0.11726154	-0.044144057	0.84883326	0.7424139	7.976509	1.7136335e-07	258.99146	75.34714	324.0389	4.9693418	250.44087	72.8057	310.73383	4.9693418	244.71164	69.74384	304.19617	4.8610206	-5.729261	6.2938447	14.1164255	-18.25316	7.373616	4.2504926	18.25316	0.0042691897	-0.018504173	0.05205539	0.8782833	-0.2311999	72.43691	68.84723	333.17786	1.8225981e-05	0.30967915	0.38404563	7.7138166	6.2924705e-08
33	33999	2793.573888540268	1227.7937	65.156555	1292.9503	1162.6372	362.5	3061.5193	0.0	3061.5193	3061.5193	1000.0	246.42973	71.543594	315.5212	-37.63091	1.4943987	0.9816642	2.621972	31.056387	-10.08827	-249.24484	0.115206376	0.00088892377	0.11761259	0.114006594	-0.03945444	0.84120035	0.7409787	7.9253726	2.8684735e-07	286.6203	54.013397	327.27414	5.357628	283.57172	53.19585	322.53137	5.357628	272.61856	51.37716	309.4495	8.330804	-10.953118	5.744865	4.6691694	-22.695274	11.062976	5.530356	22.695274	0.030373033	-0.038333524	0.022989562	0.2973176	-0.10263927	152.97429	119.900215	515.07544	0.00092252117	0.52571845	0.4018493	1.9460726	3.122459e-06
34	34999	2891.6109535694122	3148.8054	0.0	3148.8054	3148.8054	1000.0	3121.2817	0.0	3121.2817	3121.2817	1000.0	247.98383	71.38724	315.16437	-33.71578	1.4051931	0.98047036	2.6107078	31.566307	-11.885441	-250.73062	0.113217056	0.000962073	0.11436663	0.110801354	-0.04263439	0.8338015	0.7386911	7.971396	2.9802322e-07	298.45157	50.409077	330.00418	4.852055	295.00433	50.03435	327.35297	4.852055	281.85205	48.49247	310.61682	5.70709	-13.152285	4.6913786	0.85503495	-21.788267	13.153951	4.6867075	21.788267	0.122205	-0.045940753	0.019875798	0.085503496	-0.21771617	194.99164	111.60526	474.7286	0.014934061	0.65735966	0.36004886	1.5960059	6.277628e-05
35	35999	2988.0994551181793	3167.0955	0.0	3167.0955	3167.0955	1000.0	1340.1202	0.0	1340.1202	1340.1202	396.0	250.29106	70.93579	315.136	-39.06515	1.3399748	0.96781105	2.6178496	34.62393	-10.654966	-253.00586	0.10705092	0.0016475428	0.11077827	0.10474027	-0.07165587	0.82860154	0.7403685	8.273041	1.7285347e-06	254.6722	75.88036	318.7345	4.619356	244.43456	72.455414	307.14575	4.619356	244.23586	72.363655	305.22168	2.7187243	-0.19868697	12.257446	35.585693	-25.816338	9.905127	7.223084	35.585693	0.004657694	-0.0031305489	0.072388604	0.28852513	-0.36713085	150.28447	202.55652	1266.3416	2.1694115e-05	0.74188715	1.0687953	8.396039	7.32243e-08
36	36999	3085.631085395813	1141.2657	166.73248	1364.746	964.3948	337.66666	3201.5452	0.0	3201.5452	3201.5452	1000.0	251.76404	70.75699	314.7157	-47.282963	1.4560943	0.97662425	2.6275027	32.933678	-11.021143	-254.36761	0.10199965	0.0014838246	0.104869306	0.099985905	-0.05308409	0.825247	0.74050325	7.8047647	4.172325e-07	264.27426	75.17575	325.02728	4.755985	255.98529	71.81561	313.62286	4.755985	249.88974	72.44361	308.6169	-0.6115734	-6.095551	9.267243	18.590689	-25.669874	9.257038	6.1110377	25.669874	0.016701076	-0.030050883	0.077688396	0.6097444	-0.55554146	123.03755	139.97679	658.94244	0.00027892596	0.6411134	0.8431477	5.8209825	9.0957667e-07
37	37999	3182.3584322929382	1616.6948	473.35333	2090.048	1143.3414	477.0	3128.9978	0.0	3128.9978	3128.9978	1000.0	251.56123	71.23549	315.91803	-28.331987	1.4861099	1.0228065	2.6141918	32.769596	-10.434129	-254.13026	0.10346114	0.0012987576	0.105049655	0.10091075	0.05194832	0.83696157	0.75127393	8.33521	1.1920929e-06	301.1989	44.273586	337.1464	62.951313	294.41214	42.891045	330.76218	62.468285	278.26477	40.69587	311.99478	49.08721	-16.147425	6.914363	6.986427	-44.545563	16.25679	6.653166	44.545563	0.2637884	-0.05431904	0.025686257	0.07521231	-0.21420586	308.5478	246.3104	1984.3071	0.069584325	1.0375127	0.8342934	6.5634522	0.0007062961
38	38999	3280.6666440963745	2674.8638	0.0	2674.8638	2674.8638	805.0	3104.4282	0.0	3104.4282	3104.4282	1000.0	252.58278	70.78773	315.3708	-32.56017	1.3583096	0.98448724	2.5636094	32.43206	-9.447671	-255.05867	0.103621475	0.00070789654	0.10491219	0.102158576	-0.03513084	0.82832366	0.7410638	9.286293	6.6310167e-06	304.29904	38.24932	331.70776	86.54511	301.74817	38.454166	329.40958	85.312706	288.49548	35.48192	311.4847	93.04083	-13.25268	4.7192454	9.4316	-20.194101	13.506906	3.9329736	20.194101	0.21797964	-0.04245726	0.018487148	0.090585925	-0.07606815	197.90477	97.63647	407.80173	0.047515124	0.64585674	0.31396583	1.5227194	0.00026168828
39	39999	3379.552909851074	2389.025	759.4158	3148.4407	1629.6091	741.5	3189.298	0.0	3189.298	3189.298	1000.0	254.15785	70.21844	317.0034	-26.846313	1.3898994	0.95978713	2.5645933	33.67263	-11.187318	-256.58453	0.09920023	0.002344953	0.10220272	0.09532377	-0.09301462	0.8181544	0.73676646	8.85003	1.758337e-06	326.76297	18.119808	347.2673	252.66103	321.3048	15.359761	340.5664	259.319	299.6791	13.267027	312.95898	242.14062	-21.625729	4.704262	-11.7691145	-35.35739	21.625729	4.704262	35.35739	11.7691145	-0.0670611	0.012953131	-0.038412597	-0.10389715	489.8023	215.48979	1250.1453	138.51205	1.5099674	0.6251348	3.6735322	0.45208225
40	40999	3478.2175579071045	1251.563	92.73212	1344.2952	1158.8309	371.0	3119.0247	0.0	3119.0247	3119.0247	1000.0	254.32892	70.66815	319.56595	-29.374128	1.3334099	0.985513	2.5709698	33.179306	-10.636018	-256.7404	0.094914295	0.00057335873	0.09596166	0.09325148	-0.034135286	0.8177263	0.74015206	9.899725	6.4074993e-07	318.7445	15.28769	336.8922	253.59474	316.5458	13.626434	335.0444	260.88797	300.70508	13.777095	312.00577	241.79909	-15.840731	4.3557935	-5.6747437	-32.305782	15.840731	4.3557935	32.305782	5.6747437	-0.050087783	0.013726708	-0.017991552	-0.09657552	269.9017	145.20299	1043.6637	32.202717	0.851972	0.45014364	3.1199477	0.10209745
41	41999	3576.7966606616974	2774.3345	0.0	2774.3345	2774.3345	831.0	3160.3147	0.0	3160.3147	3160.3147	1000.0	255.14975	70.84865	319.09604	-32.144714	1.2938782	0.9822559	2.5958676	32.729553	-10.806234	-257.557	0.09205034	0.0007235089	0.09334319	0.090677746	-0.042302445	0.8151071	0.740054	9.327661	7.977942e-07	275.0087	72.547424	344.0777	4.596343	266.75018	69.79867	338.37842	4.596343	264.2132	65.25802	310.8955	2.3294544	-2.5369735	13.930981	30.943447	-30.857208	11.765526	7.879142	30.943447	0.013285273	-0.0076455697	0.065338895	0.21683271	-0.3436067	200.50845	211.51315	957.4969	0.00017649848	0.79402995	0.8917339	6.7095513	5.8812265e-07
42	42999	3676.14098572731	2119.4917	1060.4342	3179.9258	1059.0574	659.5	3142.8472	0.0	3142.8472	3142.8472	1000.0	256.90332	70.48466	319.8475	-25.733261	1.279594	0.9731892	2.6110187	33.31415	-11.135864	-259.2009	0.088212326	0.0011820741	0.09066249	0.08678344	-0.064906605	0.8149046	0.73789656	9.094487	1.2833625e-06	317.21887	14.740627	333.50516	252.524	313.93634	13.141245	327.25888	257.02768	302.75214	13.97422	314.25665	243.35861	-11.184178	2.816186	-1.8386965	-27.305416	11.184178	2.816186	27.305416	1.8386965	-0.03578414	0.009712551	-0.0059263674	-0.08890042	133.01677	63.495724	745.58575	3.3808048	0.42699602	0.21479502	2.4274628	0.010896791
43	43999	3775.160352230072	1107.1029	0.0	1107.1029	1107.1029	324.0	3071.6296	0.0	3071.6296	3071.6296	1000.0	257.70782	70.47726	319.24466	-27.65457	1.2054543	1.02474	2.6038506	32.341396	-11.366896	-259.92392	0.087396316	0.0012245307	0.09013234	0.085942544	0.060072854	0.81616145	0.7392906	9.550476	7.3574483e-07	316.5775	15.936969	329.90308	248.87071	312.53708	20.64253	330.57587	223.97348	303.48587	16.404997	317.08612	246.43953	-9.051187	6.133607	22.674927	-19.93613	10.046401	4.3145037	22.674927	0.0065587335	-0.027912205	0.021224823	0.1007066	-0.066942796	119.54512	82.726585	514.1523	4.3016986e-05	0.38184687	0.28212517	2.276968	1.4179449e-07
44	44999	3874.2628049850464	3180.7168	0.0	3180.7168	3180.7168	1000.0	3191.8333	0.0	3191.8333	3191.8333	1000.0	259.6094	69.86225	319.73184	-21.842575	1.2213286	0.9990577	2.5852876	32.33903	-10.774019	-261.8173	0.09109303	0.0011374657	0.093089275	0.089269064	-0.0021749134	0.82234734	0.7421211	9.641562	1.7881393e-07	324.9778	16.400742	346.41666	253.40552	321.04553	17.638071	340.9586	247.43454	303.52017	13.639847	316.33527	245.45135	-17.525354	5.782808	-0.6322284	-33.66251	17.525354	5.782808	33.66251	0.6322284	-0.05390521	0.016712481	-0.0022845112	-0.09879359	340.57892	195.24533	1133.1647	0.39971274	1.0410565	0.58063716	3.3256402	0.0014443329
45	45999	3973.6778659820557	3199.8337	0.0	3199.8337	3199.8337	1000.0	3170.6016	0.0	3170.6016	3170.6016	1000.0	260.52222	69.90396	319.27673	-25.954304	1.1695638	0.9903597	2.561873	34.352528	-11.269766	-262.71997	0.08944865	0.00047518066	0.09043999	0.088643156	-0.02322498	0.8186241	0.73594016	9.146122	7.1525574e-07	318.74	17.033495	336.62524	248.62775	318.02313	18.463367	336.7635	242.62843	304.27844	14.018331	318.4741	245.22446	-13.744684	5.9468265	6.115612	-44.84253	13.940037	5.4732475	44.84253	0.039852396	-0.04237562	0.01817614	0.023440007	-0.14490758	224.28107	142.51485	2010.8523	0.0015882135	0.69026655	0.43868557	6.498022	5.554635e-06
46	46999	4072.7235004901886	3197.478	0.0	3197.478	3197.478	1000.0	3189.5764	0.0	3189.5764	3189.5764	1000.0	262.20746	69.68955	319.23206	-40.28697	1.1724521	0.9661633	2.561085	33.540432	-11.348389	-264.36768	0.08749331	0.0013681015	0.08928426	0.08385887	-0.082847804	0.8162387	0.7366316	10.176388	6.854534e-07	314.20728	25.787825	341.53244	210.05469	300.8778	26.841734	333.71228	201.05824	292.85126	21.106262	314.2536	140.85292	-8.026529	14.2686205	25.082916	-167.0684	12.644375	10.398966	167.0684	0.017398607	-0.023914972	0.04833554	0.10435311	-0.54256845	268.0187	1258.9578	27911.852	0.0003027115	0.879542	4.103255	90.64605	9.916562e-07
47	47999	4171.975933790207	2024.2482	911.1498	3287.309	1171.8134	604.6667	3234.709	0.0	3234.709	3234.709	1000.0	263.00577	69.40008	320.2289	-30.733767	1.1786914	0.98873895	2.5714223	33.35678	-9.920923	-265.09372	0.08311902	0.00044371863	0.08403271	0.08237979	-0.02797348	0.8148962	0.7369203	9.183387	0.0	322.0335	20.875603	342.90247	246.41791	315.62564	22.143112	339.08972	223.83784	302.42914	17.062313	320.23392	243.09564	-13.196508	8.360302	23.148777	-32.180534	15.049438	4.1900954	32.180534	0.070628375	-0.040452555	0.028802138	0.10341762	-0.10341048	244.0425	103.583824	1035.5868	0.004988367	0.77264476	0.3398077	3.3278043	1.7483957e-05
48	48999	4271.014238834381	3239.2173	0.0	3239.2173	3239.2173	1000.0	3180.3901	0.0	3180.3901	3180.3901	1000.0	263.4971	69.29738	321.1935	-22.394585	1.1883525	1.0050848	2.5877662	32.685703	-12.519007	-265.55276	0.08184581	0.00049930945	0.08298654	0.080865294	0.012737648	0.8048134	0.7369863	8.954001	1.3411045e-07	322.30453	16.43212	338.07236	251.21965	318.9941	14.017331	331.21387	260.09818	305.39215	15.564712	318.17853	241.88336	-13.601932	2.5237348	-8.392492	-20.267685	13.601932	2.5237348	20.267685	8.392492	-0.042951275	0.009694833	-0.026145762	-0.0758956	191.38179	72.422806	410.77905	70.43393	0.608022	0.25986987	1.5191052	0.2194281
49	49999	4370.901870965958	3227.2734	0.0	3227.2734	3227.2734	1000.0	3207.5457	0.0	3207.5457	3207.5457	1000.0	264.64407	69.58341	321.76602	-21.410746	1.1911522	0.99183613	2.5474677	32.377262	-11.700727	-266.65082	0.08266269	0.00031530164	0.0833752	0.08190243	-0.02031588	0.8007404	0.7363043	8.70675	9.685755e-08	324.675	17.532364	343.2999	252.56837	323.3034	15.072397	338.88373	262.862	305.40945	15.572778	318.76416	242.75494	-17.893955	2.5484967	-11.284089	-27.797117	17.893955	2.5484967	27.797117	11.284089	-0.055538192	0.008874037	-0.03480259	-0.08397056	326.6885	92.789116	772.6797	127.33066	1.014902	0.30053905	2.2843199	0.3927155
50	50999	4469.810393571854	3234.851	0.0	3234.851	3234.851	1000.0	3253.66	0.0	3253.66	3253.66	1000.0	266.7171	69.03597	322.25473	-23.570827	1.1196897	0.9815101	2.5698476	30.743605	-12.047924	-268.69345	0.08025138	0.0008932233	0.081919365	0.07884347	-0.04650303	0.7979452	0.73415494	9.035979	6.4074993e-07	286.93027	65.69305	340.6239	4.974678	279.79398	65.32023	337.61383	4.974678	274.91245	58.268177	318.36957	10.303915	-4.881494	11.50042	24.945442	-24.38656	10.2498255	7.143507	24.945442	0.044910256	-0.0048342883	0.06908734	0.5830688	-0.11337627	156.08864	160.93524	622.2751	0.002016931	0.6315896	0.8621482	8.592861	7.1630952e-06
51	51999	4566.932895183563	3272.161	0.0	3272.161	3272.161	1000.0	164.36832	0.0	164.36832	164.36832	86.0	268.43588	69.02013	324.47012	-44.148945	1.1084124	0.98427665	2.562435	30.695847	-12.017193	-270.38873	0.078655	0.00078061357	0.07981792	0.07724804	-0.03998259	0.79583764	0.7318263	8.456983	4.917383e-07	282.24832	80.63388	349.2318	1.4504155	271.0606	77.96734	339.8724	1.4504155	270.45093	64.25863	319.53583	3.863701	-0.6096635	39.40662	252.996	-29.085964	16.764383	35.668037	252.996	0.06315325	0.4297965	3.0019772	25.248827	-0.28775656	1553.2535	8831.5625	64006.977	0.0039883335	109.667625	728.6727	6375.0327	1.2772857e-05
52	52999	4665.70016336441	1203.4988	82.55664	1286.0554	1120.9421	350.0	1188.797	0.0	1188.797	1188.797	345.0	269.4021	69.12091	324.343	-21.9305	1.225872	1.0020136	2.5715606	33.66615	-11.2187	-271.32782	0.07779558	0.00041936256	0.078482084	0.076904155	0.0052108937	0.78979754	0.7331184	8.825502	4.8056245e-07	271.8762	74.678474	344.226	4.3703384	261.03122	72.289375	332.74588	4.3703384	269.00952	67.11294	322.86462	5.4285984	7.9782987	15.759007	53.56187	-15.259003	14.196858	10.509462	53.56187	0.014778608	0.049459394	0.10792122	1.0582359	-0.1861791	311.99957	460.21188	2868.874	0.00021840728	1.6849658	4.0222645	35.216125	8.0605383e-07
53	53999	4764.434646368027	1474.758	219.63757	1694.3956	1255.1205	426.0	3237.5686	0.0	3237.5686	3237.5686	1000.0	269.18268	69.154366	324.58466	-20.68137	1.140162	1.0260961	2.5717344	33.51375	-9.713117	-271.07867	0.07969845	0.0010672482	0.081258535	0.077543594	0.06621557	0.7922923	0.7418276	9.713652	4.582107e-07	259.9742	75.753105	324.5255	4.636677	252.5134	72.61675	316.93805	4.636677	252.80917	72.98436	315.85135	2.7913451	0.29578066	8.162678	24.461206	-15.317852	6.399468	5.0757847	24.461206	0.0003910437	0.0014885761	0.050084762	0.56092876	-0.2339441	66.71678	96.37504	598.35065	1.5291518e-07	0.32127813	0.5896705	4.450872	5.133617e-10
54	54999	4863.844516992569	3253.9124	0.0	3253.9124	3253.9124	1000.0	3215.1113	0.0	3215.1113	3215.1113	1000.0	269.96234	68.92086	325.1012	-39.332546	1.125885	1.014355	2.566272	34.32583	-10.656656	-271.86563	0.08078167	0.0009152503	0.08297463	0.079942964	0.035978835	0.7960031	0.74362993	8.959238	4.4703484e-06	324.72	15.4690895	342.66864	254.93083	323.4498	16.139029	337.67786	255.66902	310.60257	16.151304	324.0453	246.31339	-12.847241	2.2269728	-7.515787	-20.100973	12.847241	2.2269728	20.100973	7.515787	-0.03980804	0.007143618	-0.02298391	-0.071874745	170.01102	59.69353	404.04916	56.487057	0.52652705	0.18638979	1.4447525	0.17274217
55	55999	4964.041308164597	819.9825	1393.9479	3234.3022	6.2615433	262.0	3187.502	0.0	3187.502	3187.502	1000.0	271.0183	69.12612	326.18015	-31.255838	1.441619	0.9890941	2.5658214	33.237026	-12.348829	-272.83813	0.08206422	0.0009004477	0.08351481	0.08058691	-0.027179314	0.7977242	0.74283075	9.653948	4.917383e-07	321.96173	16.243681	336.6146	253.66321	321.8322	14.745521	337.48865	260.96698	309.9591	16.112667	325.0348	245.47646	-11.8730955	2.5142386	-5.064578	-18.521215	11.8730955	2.5142386	18.521215	5.064578	-0.037175056	0.009270471	-0.015916293	-0.07011551	147.29178	61.09044	343.0354	25.649952	0.46408454	0.21440676	1.2978038	0.080609314
56	56999	5064.019318342209	3230.8103	0.0	3230.8103	3230.8103	1000.0	3212.7659	0.0	3212.7659	3212.7659	1000.0	272.3179	69.10894	326.27396	-26.022623	1.2963716	0.97666496	2.5872016	35.22984	-11.618484	-274.14243	0.08007169	0.0010853334	0.08162957	0.078263834	-0.058920983	0.8077785	0.7454043	8.58883	6.2584877e-07	325.21613	18.456575	345.9655	250.88174	323.23993	15.425022	340.76883	257.41953	309.9193	15.194731	325.09796	244.5957	-13.320649	4.079602	-5.15697	-23.807089	13.320649	4.079602	23.807089	5.15697	-0.04120216	0.012372612	-0.017021853	-0.06986287	194.08287	116.07409	566.77747	26.594341	0.5984797	0.3503306	1.6632316	0.0877812
57	57999	5162.795557498932	2339.021	900.37897	3239.4	1438.642	710.0	3272.7168	0.0	3272.7168	3272.7168	1000.0	273.7791	68.7967	326.53574	-24.79301	1.2186894	0.9866366	2.6018589	33.59446	-12.186295	-275.5807	0.07768042	0.00057905423	0.07876232	0.07657534	-0.03412523	0.8057931	0.7422214	8.490787	5.066395e-07	265.67	74.71201	332.34854	4.996806	253.43517	71.64172	319.19553	4.996806	256.78757	72.58835	320.49286	5.955524	3.352415	9.023432	29.722557	-17.631449	7.7016797	5.774524	29.722557	0.0135883605	0.015064846	0.05345503	0.7919477	-0.1736559	92.661	131.77274	883.4304	0.00018464353	0.40608487	0.55559456	6.271812	5.8583106e-07
58	58999	5261.641145944595	3260.6716	0.0	3260.6716	3260.6716	1000.0	1123.5682	0.0	1123.5682	1123.5682	323.0	275.24268	68.19131	327.1993	-22.803919	1.1615664	0.96789044	2.5954208	34.679993	-10.9623	-277.00165	0.07450272	0.0011837991	0.07658434	0.07247716	-0.0832449	0.7983666	0.73759836	8.0175085	2.6524067e-06	272.7766	73.143814	341.00446	4.7906613	257.8389	69.15653	322.56647	4.7906613	262.71387	69.125626	321.3435	6.3273296	4.87497	7.525063	29.037584	-12.215048	6.5349603	6.1389093	29.037584	0.0013731553	0.024043862	0.043310132	0.5439098	-0.16145428	80.391914	134.78493	843.1813	1.8855553e-06	0.34461033	0.5789602	4.1514363	6.989597e-09
59	59999	5359.7838797569275	1204.2892	0.0	1204.2892	1204.2892	349.0	3261.475	0.0	3261.475	3261.475	1000.0	275.6305	68.44511	327.5162	-22.592575	1.1600102	1.0027126	2.6410432	35.343178	-10.433918	-277.3847	0.07298293	0.00040647233	0.073832124	0.07232756	0.0071695386	0.81023276	0.75247145	8.677538	2.5341287e-06	255.82393	76.12294	318.719	5.2282515	240.45186	71.0071	301.29175	5.2282515	250.73253	73.6446	316.64874	7.9517345	10.280693	6.7448263	30.726303	-2.3134153	10.345905	6.6443644	30.726303	0.002203448	0.049988415	0.057325684	0.89744747	-0.03151484	151.18533	180.64319	944.1057	4.855183e-06	0.64030653	0.7421275	8.054119	1.9748777e-08
60	60999	5458.536368846893	2198.665	1050.567	3249.2322	1148.0981	667.0	1274.8716	0.0	1274.8716	1274.8716	378.0	276.3778	68.17486	328.35367	-34.249275	1.1264565	0.9950005	2.6175973	34.260178	-13.144513	-278.10992	0.07316247	0.00039428865	0.073978215	0.07241701	-0.013048538	0.80371916	0.74582934	8.742373	1.7881393e-07	255.93707	76.0606	323.56207	4.609707	244.49564	71.96683	312.40405	4.609707	253.99272	73.84673	318.44208	4.199763	9.497073	9.620661	32.835323	-12.887061	11.2392435	7.5120525	32.835323	0.007468103	0.04057961	0.061985016	0.42742783	-0.33524856	182.75153	200.52654	1078.1583	5.5772565e-05	0.8367303	1.0482728	9.920272	1.7865928e-07
61	61999	5558.042728424072	3247.5657	0.0	3247.5657	3247.5657	1000.0	3218.4004	0.0	3218.4004	3218.4004	1000.0	277.03125	68.16342	328.5023	-31.69818	1.1050173	0.97786486	2.608072	32.241493	-11.019088	-278.7569	0.07090831	0.0007868363	0.07246708	0.06969093	-0.058412857	0.8001927	0.74433154	9.396198	2.115965e-06	303.74728	52.891945	346.5513	4.758527	288.4454	49.81025	332.55103	4.758527	288.34677	49.669006	323.8862	-0.60625213	-0.09866705	9.437506	37.303593	-17.91294	7.3114595	5.968149	37.303593	0.0074794567	-0.0036597522	0.05519909	0.16951174	-0.63734114	89.07625	164.41959	1391.5579	5.5942273e-05	0.37697062	0.7549637	6.3233967	1.7654895e-07
62	62999	5656.991310596466	3229.3628	0.0	3229.3628	3229.3628	1000.0	1108.7916	0.0	1108.7916	1108.7916	324.0	278.19757	67.52249	328.8412	-22.85404	1.0685217	0.9812874	2.626254	33.11512	-11.460609	-279.811	0.068987206	0.00079401635	0.07005	0.06744077	-0.050001014	0.79737145	0.7386646	9.643925	1.7285347e-06	252.79276	76.42849	314.84357	4.8123803	239.31137	72.22915	301.68146	4.8123803	250.26439	75.06571	317.16275	6.8016987	10.953044	9.202709	34.006447	-7.822461	11.7411995	8.173328	34.006447	0.04597996	0.051829774	0.06083824	0.6861513	-0.13533908	204.65904	247.41328	1156.4384	0.002114157	0.8944761	1.168863	11.097491	7.832957e-06
63	63999	5756.316372156143	3279.3513	0.0	3279.3513	3279.3513	1000.0	1408.9431	0.0	1408.9431	1408.9431	404.0	278.87213	67.25951	328.71524	-39.686703	1.3145437	0.9673032	2.640853	32.387283	-12.472726	-280.53668	0.06581249	0.0012955113	0.068119116	0.064260304	-0.08874397	0.7885638	0.7362515	9.451539	8.34465e-07	291.529	67.05747	338.1983	5.181041	280.28732	64.95764	333.38852	5.181041	277.15637	66.724495	325.25867	7.159634	-3.1309364	7.733671	14.464332	-22.206661	6.841054	4.7762346	22.206661	0.013554525	-0.01257241	0.034378547	0.31126967	-0.13078326	69.61244	91.920525	493.1358	0.00018372513	0.27341655	0.3915208	2.9042594	6.0780604e-07
64	64999	5855.32702922821	2167.7117	1072.6394	3240.351	1095.0723	658.0	3236.256	0.0	3236.256	3236.256	1000.0	279.36804	67.21405	328.97635	-42.06302	1.1660045	1.0190908	2.6728873	34.45168	-12.034399	-280.98117	0.064873986	0.00056546665	0.0663273	0.06406819	0.05213514	0.7970719	0.74719155	9.552433	1.3550743e-06	328.25082	15.454262	341.92596	257.67218	321.33386	16.21404	336.69617	248.79057	314.9576	15.452314	328.3069	249.15672	-6.3762794	2.904718	3.4219856	-13.788913	6.4454055	2.7479217	13.788913	0.13804191	-0.019719983	0.008892588	0.010738356	-0.041675698	49.094322	37.137096	190.13411	0.019055571	0.1514492	0.113794245	0.57461673	5.9538957e-05
65	65999	5954.193280220032	3240.439	0.0	3240.439	3240.439	1000.0	945.8051	0.0	945.8051	945.8051	280.0	279.84827	66.95638	328.85767	-26.788073	1.1986475	1.0147046	2.6275268	33.0915	-12.976764	-281.45663	0.06819663	0.00066570984	0.06888725	0.0663395	0.039781585	0.79716545	0.7478759	8.863899	4.7683716e-07	251.76543	76.82538	315.61633	4.7175364	240.25253	72.89813	306.06366	4.7175364	245.5679	77.46197	316.74362	8.567249	5.3153396	9.72016	28.81544	-13.894066	9.163103	6.2267075	28.81544	0.026970372	0.025141336	0.085003726	1.421503	-0.07118977	122.734344	148.98529	830.3295	0.000727401	0.53465444	1.0008467	21.756674	4.0541913e-06
66	66999	6054.091217517853	1303.2358	0.0	1303.2358	1303.2358	379.0	3206.6116	0.0	3206.6116	3206.6116	1000.0	280.03876	66.92241	328.8178	-21.559835	1.2059473	1.0036833	2.6140833	33.38894	-11.129034	-281.6265	0.06795281	0.00039478764	0.06875948	0.06741793	0.009960416	0.79327875	0.74507093	9.060817	1.6391277e-07	312.77905	31.648043	345.60715	166.89279	295.40686	30.210724	332.3058	157.46132	293.1262	30.25205	322.0605	152.55893	-2.2806466	6.6694684	15.810212	-20.773598	5.690277	4.1597958	20.773598	0.0014168791	-0.00743922	0.023230739	0.054128084	-0.072038695	49.683163	61.522163	431.54236	2.0075465e-06	0.17107108	0.21564116	1.4965029	7.820409e-09
67	67999	6153.717021942139	1827.2714	900.5627	3038.9836	881.80554	536.3333	3201.4998	0.0	3201.4998	3201.4998	1000.0	279.93927	67.24998	329.40866	-28.865868	1.1490037	1.0185014	2.584279	31.38244	-11.820831	-281.50922	0.06937884	0.00087503163	0.07068366	0.068094775	0.049420465	0.7880211	0.7430554	8.752408	3.0323863e-06	290.6422	56.234783	340.27707	4.9930773	278.35703	53.783913	325.11935	4.9930773	278.55792	54.147404	322.8944	4.453841	0.20088616	6.2112784	15.736095	-16.068563	4.8967	3.8265738	16.068563	0.029687414	-0.0003487261	0.028751511	0.120548025	-0.21932991	38.620335	52.55669	258.1987	0.0008813425	0.15137517	0.22116803	1.8339776	2.8369345e-06
68	68999	6253.573134422302	3234.7463	0.0	3234.7463	3234.7463	1000.0	3241.3254	0.0	3241.3254	3241.3254	1000.0	279.67087	67.05129	329.55386	-29.96654	1.0871763	0.98214805	2.5427694	34.401016	-10.468377	-281.21124	0.06933593	0.00044786686	0.07047493	0.06846356	-0.047575418	0.78379524	0.7401931	8.196026	2.0936131e-06	311.23325	43.129196	344.41705	75.85959	297.8592	41.824043	335.84793	70.7545	293.33905	41.457607	325.6333	69.267746	-4.520123	5.1011724	10.782735	-18.251957	5.938467	3.3448584	18.251957	0.0051798783	-0.015212428	0.017767722	0.0475364	-0.061228346	46.45347	43.68371	333.1339	2.683114e-05	0.15756764	0.15088132	1.1175371	8.6342304e-08
69	69999	6354.41977930069	3230.8489	0.0	3230.8489	3230.8489	1000.0	3200.974	0.0	3200.974	3200.974	1000.0	280.27002	66.281815	329.8225	-29.65682	1.1348798	0.9968847	2.5593786	34.169014	-10.365835	-281.80576	0.06840745	0.00043414085	0.06911396	0.06752891	-0.008292658	0.7840373	0.73926806	10.197936	9.536743e-07	323.82434	17.321884	344.26843	253.87398	318.06552	15.704978	337.8429	257.5101	311.1146	16.768768	327.5857	246.26297	-6.9509187	3.5438812	5.5956306	-16.163227	7.0642037	3.312309	16.163227	0.012887835	-0.02204982	0.011984517	0.018268486	-0.0578557	60.874367	51.355537	261.2499	0.00016609627	0.19527717	0.1758689	0.93513477	5.30523e-07
70	70999	6455.421825170517	3233.9536	0.0	3233.9536	3233.9536	1000.0	3238.7915	0.0	3238.7915	3238.7915	1000.0	281.409	65.61787	330.02542	-32.255814	1.0307021	0.98298365	2.563968	33.492645	-11.546666	-282.91223	0.06676173	0.0007378859	0.06820773	0.0658482	-0.045917533	0.77975404	0.7339216	9.805823	2.1904707e-06	328.23544	18.0534	342.89072	255.05228	322.80115	15.366631	337.91333	258.05136	313.42203	16.609058	327.59393	246.29636	-9.379141	2.8327649	-1.8562114	-15.440319	9.379141	2.8327649	15.440319	1.8562114	-0.02930505	0.009704834	-0.005765404	-0.05743982	95.99284	52.902958	238.40347	3.4455209	0.30178955	0.17645924	0.86213446	0.010701809
71	71999	6555.727782011032	3220.404	0.0	3220.404	3220.404	1000.0	3230.8057	0.0	3230.8057	3230.8057	1000.0	282.14694	65.7313	330.61295	-18.596897	1.1185179	0.9825877	2.5675504	35.876	-10.5485325	-283.5901	0.06516093	0.0007185782	0.06650802	0.06429751	-0.047468696	0.78354704	0.73208374	10.987957	4.1909516e-07	312.9878	43.477844	341.36957	68.263504	304.89374	43.638584	339.78745	64.58676	298.18192	42.80989	326.04657	67.75098	-6.711833	5.225777	9.557236	-14.800631	7.803296	3.3861523	14.800631	0.006648936	-0.021889651	0.01724111	0.05621869	-0.055791277	72.35746	50.787914	219.05865	4.4208347e-05	0.23409238	0.16340105	0.8088115	1.3971761e-07
72	72999	6656.1590983867645	3225.1965	0.0	3225.1965	3225.1965	1000.0	3227.3027	0.0	3227.3027	3227.3027	1000.0	283.01837	65.285194	330.0467	-23.331713	1.033659	0.97411215	2.5844264	33.02312	-11.665461	-284.4736	0.06353605	0.0011792232	0.06517025	0.0616817	-0.07148634	0.78202695	0.7328061	10.267969	3.5762787e-07	326.223	17.972776	342.4205	252.9143	322.2099	16.523197	338.537	255.25351	314.8675	16.975273	327.94122	247.88455	-7.342423	2.6733859	-0.095602915	-13.997375	7.342423	2.6733859	13.997375	0.095602915	-0.022910142	0.008660389	-0.00029507632	-0.05037887	61.058155	38.797638	195.9265	0.009139917	0.19093288	0.124046676	0.70517194	2.8210154e-05
73	73999	6757.388003349304	1653.8801	0.0	1653.8801	1653.8801	472.0	3207.9824	0.0	3207.9824	3207.9824	1000.0	283.52997	65.53984	330.53128	-27.690184	1.0500503	1.0086355	2.5983195	32.315876	-12.277813	-284.95993	0.061746422	0.00043931595	0.062538035	0.06091588	0.024063965	0.7869916	0.73710006	8.444668	1.6391277e-06	327.0244	18.541897	344.3689	252.47131	319.5263	15.460221	336.26935	255.80981	314.82275	16.72292	328.83167	248.26746	-4.7035155	3.1998315	3.001637	-15.463174	4.844346	2.9823298	15.463174	0.0028215244	-0.014934821	0.010537227	0.00939761	-0.048917796	32.36198	36.07958	239.10974	7.961e-06	0.103683576	0.11837279	0.7180047	2.4782974e-08
74	74999	6858.854801416397	3235.3542	0.0	3235.3542	3235.3542	1000.0	3208.9832	0.0	3208.9832	3208.9832	1000.0	283.84143	65.57071	330.9118	-38.874237	0.9834962	0.9958638	2.6073594	34.825867	-12.078936	-285.2484	0.06230227	0.00021573267	0.06273778	0.061769746	-0.011431921	0.78956676	0.7413629	9.301257	6.3329935e-08	323.18472	17.010801	338.8313	252.34407	320.01007	14.956653	335.09122	254.8264	314.315	16.103971	327.05383	248.82352	-5.695053	2.7219548	0.5323141	-14.581185	5.697489	2.7168524	14.581185	0.09306205	-0.018000111	0.009202659	0.0016346485	-0.05329674	39.842667	34.50648	212.61098	0.008660545	0.12728666	0.117869206	0.77712965	2.6597952e-05
75	75999	6960.043915510178	3236.129	0.0	3236.129	3236.129	1000.0	3236.406	0.0	3236.406	3236.406	1000.0	284.6858	64.80052	330.36005	-22.940243	1.080589	0.9773691	2.5845232	31.54612	-14.043968	-286.112	0.061535865	0.00059001567	0.062387016	0.059990373	-0.063238166	0.7837757	0.7359472	8.398125	3.1664968e-06	310.68216	53.168976	342.67325	9.106038	297.6581	52.17405	332.77905	8.313637	294.07428	50.70355	323.7506	13.196691	-3.5838528	5.8052483	13.279942	-14.580389	5.988487	3.2684755	14.580389	0.010325317	-0.010261405	0.030029457	0.48830533	-0.15383276	46.544907	45.030552	212.58774	0.00010661217	0.15854026	0.16844001	2.384421	3.9907258e-07
76	76999	7060.016782045364	2365.0747	886.5853	3251.6602	1478.4895	712.0	3220.5078	0.0	3220.5078	3220.5078	1000.0	285.57364	64.41611	330.29437	-41.37758	1.1100955	0.990582	2.6224844	35.875862	-13.925523	-286.963	0.059075408	0.00031086706	0.059975285	0.058672413	-0.026534481	0.786968	0.7381639	9.36169	5.364418e-06	278.1268	70.180786	338.51035	5.0646133	264.62888	67.00582	320.1966	5.0646133	264.99368	66.84093	323.3524	16.25053	0.36477378	9.776012	20.563467	-29.495634	7.599367	6.1606083	29.495634	0.0075700646	0.019739449	0.1391424	1.6144371	-0.1687589	95.70348	137.50754	869.9925	5.7305875e-05	0.7178592	2.1451576	26.064074	1.9341428e-07
77	77999	7161.167706251144	1805.6124	0.0	1805.6124	1805.6124	525.0	3259.6748	0.0	3259.6748	3259.6748	1000.0	285.14243	64.69976	330.4603	-28.526487	1.0617892	0.98751277	2.6115756	32.809906	-12.164355	-286.52426	0.058366798	0.00043690248	0.059077952	0.05747231	-0.035426	0.7792915	0.731887	9.075281	5.066395e-07	314.93054	46.536495	346.31607	43.65308	301.46417	46.66961	337.21194	41.590214	296.9742	46.265373	327.30817	49.67973	-4.489968	6.018317	12.562691	-19.471611	6.6067705	3.5679877	19.471611	0.017244997	-0.014768021	0.023766564	0.19450529	-0.0871532	56.379955	55.339725	379.14365	0.00029738992	0.19685034	0.22923614	1.6970133	9.672307e-07
78	78999	7261.920533418655	3235.6235	0.0	3235.6235	3235.6235	1000.0	3279.418	0.0	3279.418	3279.418	1000.0	285.8048	64.457565	330.81128	-25.130728	1.0119972	0.9894661	2.6173773	32.046463	-10.671127	-287.14737	0.057226725	0.0003835169	0.05783761	0.056570534	-0.030078195	0.7758319	0.73812294	10.363821	1.5683472e-06	297.01135	58.97128	339.97018	4.8298564	282.82928	58.33593	338.75845	4.8298564	286.57425	55.69061	329.9694	4.243039	3.7449825	9.992627	30.906225	-13.609947	8.864414	5.94135	30.906225	0.0010899369	0.015533814	0.044486515	0.18539321	-0.14491442	113.877495	147.13907	955.19476	1.1879624e-06	0.4654125	0.7309791	5.7298045	4.246237e-09
79	79999	7362.8256113529205	3247.5518	0.0	3247.5518	3247.5518	1000.0	1383.5956	0.0	1383.5956	1383.5956	399.0	286.26114	64.1761	330.69043	-38.43141	1.0205624	0.99598014	2.6372635	33.626778	-10.238857	-287.5965	0.056610636	0.00019375786	0.056994706	0.056312166	-0.011490773	0.7822903	0.7403764	10.242119	3.606081e-06	300.208	55.106617	344.90033	4.9223537	288.53912	54.147297	337.1986	4.9223537	287.4408	52.49181	325.4729	4.977685	-1.098308	8.296843	23.5171	-16.164864	7.0225453	4.552772	23.5171	0.006445729	-0.0011552504	0.031121308	0.19933999	-0.10557323	70.04388	85.34285	553.05396	4.1547424e-05	0.24134271	0.2876394	1.8517001	1.2980912e-07
80	80999	7462.3154764175415	3261.7815	0.0	3261.7815	3261.7815	1000.0	3262.8674	0.0	3262.8674	3262.8674	1000.0	286.7777	63.85314	330.5843	-21.345161	1.0824951	0.99668324	2.6391823	33.0589	-11.558065	-288.09293	0.05633983	0.0003137591	0.056907114	0.055573132	-0.009467585	0.7732115	0.736382	9.597958	1.385808e-06	329.75412	16.432734	347.2269	258.41446	318.74918	16.495821	337.1859	247.56392	313.7673	16.12964	328.99866	246.79514	-4.981859	3.9086115	3.8870099	-27.185646	5.1488256	3.685886	27.185646	0.019074954	-0.015527685	0.012470929	0.0139570385	-0.086397044	40.096165	74.600395	739.0594	0.00036385385	0.12594762	0.23763831	2.3487594	1.1317973e-06
81	81999	7562.958003044128	3249.1116	0.0	3249.1116	3249.1116	1000.0	1328.5953	0.0	1328.5953	1328.5953	384.0	287.3971	63.43211	330.82608	-22.645586	1.0315386	0.99401784	2.6282504	34.54377	-11.171203	-288.7237	0.05616012	0.00028930523	0.056524683	0.055221703	-0.017203722	0.78413516	0.742478	10.89368	5.364418e-07	289.40903	56.92066	340.9654	4.8869805	273.11707	54.015694	321.81677	4.8869805	277.22604	54.12639	323.68976	1.570223	4.108972	6.160086	20.864826	-7.539702	5.6212597	4.8199325	20.864826	0.007189725	0.013494627	0.037671056	0.10524567	-0.39742604	54.83031	85.19672	435.34097	5.169215e-05	0.22431321	0.34580564	2.1959326	1.6463282e-07
82	82999	7665.323967456818	1741.5756	1105.4398	3270.1404	693.3687	524.3333	3272.7595	0.0	3272.7595	3272.7595	1000.0	287.76202	63.28605	330.46875	-27.848612	1.0734599	0.9981885	2.6004283	32.308975	-10.219345	-289.06418	0.055601973	0.00045390596	0.056489184	0.05489873	-0.0051764194	0.77190644	0.73544836	10.080175	5.5879354e-07	330.5676	17.529526	345.68106	256.4382	321.37238	17.718195	339.4574	245.3545	315.63144	16.080767	330.88046	246.93011	-5.7409472	2.7276986	4.0845346	-12.46277	5.9143925	2.3278267	12.46277	0.33640736	-0.017579632	0.008387994	0.015390422	-0.038059358	40.398815	28.750692	155.32066	0.11316991	0.12369623	0.085959405	0.47432506	0.00039578485
83	83999	7767.18705868721	1303.4889	0.0	1303.4889	1303.4889	383.0	3244.374	0.0	3244.374	3244.374	1000.0	287.13123	63.746635	331.29666	-36.365326	1.0883566	1.0553535	2.5621312	31.624453	-10.092412	-288.4366	0.058603942	0.001608555	0.06052268	0.05526904	0.15790091	0.7762113	0.7400157	9.584098	6.854534e-07	327.43256	17.441341	342.0314	254.87239	321.9228	19.655645	340.4151	243.70483	314.57828	17.890818	330.27643	246.5226	-7.344534	4.5668693	5.784	-30.510767	7.7841067	3.769106	30.510767	0.016640583	-0.02242686	0.014547969	0.022755925	-0.09737045	74.798485	91.10188	930.90686	0.000276909	0.23090461	0.28957137	2.9708471	9.564526e-07
84	84999	7866.857473611832	3246.1804	0.0	3246.1804	3246.1804	1000.0	3222.75	0.0	3222.75	3222.75	1000.0	287.41382	63.45131	331.13666	-36.224716	0.9847868	0.9805292	2.5576284	32.16241	-11.176374	-288.66705	0.059751723	0.00070209854	0.060720563	0.05839811	-0.054915305	0.7685736	0.73582995	9.619454	8.940697e-07	329.617	18.686584	347.1474	255.21191	317.89893	15.49137	334.31268	256.1549	313.45627	16.550678	327.46442	246.68272	-4.4426813	3.104245	3.8571987	-13.552699	4.6783447	2.7362103	13.552699	0.00021864759	-0.014164007	0.010461947	0.01219348	-0.049455103	29.37375	31.293327	183.67564	4.780677e-08	0.095106125	0.108684465	0.6702501	1.4764505e-10
85	85999	7966.365426063538	3242.5674	0.0	3242.5674	3242.5674	1000.0	3253.337	0.0	3253.337	3253.337	1000.0	287.8384	63.35635	332.98196	-19.381605	1.100154	0.98968595	2.59092	33.777824	-10.280817	-289.10986	0.057712942	0.0006611984	0.058605336	0.05660158	-0.029301826	0.77157974	0.7353233	10.009161	4.4703484e-07	324.6803	22.817526	345.6572	218.895	315.88977	22.580816	339.20312	203.67754	308.20703	25.209684	330.2652	192.50082	-7.682727	5.379935	5.0909753	-22.818134	7.9488373	4.9783506	22.818134	0.0010590447	-0.025041599	0.018942093	0.016023844	-0.078425184	87.96799	100.39721	520.66724	1.1215757e-06	0.29294825	0.35442618	1.7873667	3.5865253e-09
86	86999	8067.180146932602	3262.6963	0.0	3262.6963	3262.6963	1000.0	3228.9614	0.0	3228.9614	3228.9614	1000.0	288.84055	62.734398	331.41968	-42.333374	0.99813807	1.0046796	2.5959382	33.97827	-10.805988	-290.08957	0.057430238	0.0002282274	0.058032	0.056972153	0.013390921	0.77104354	0.7359173	10.746813	4.053116e-06	285.70316	67.19031	342.00015	4.7653265	273.79846	64.59837	324.05374	4.7653265	269.94278	65.12019	326.58722	2.8498669	-3.8556778	9.010212	15.749611	-27.658382	7.3631806	6.4679017	27.658382	0.0044808877	-0.015705265	0.04331054	0.13806927	-0.46664676	96.05018	149.49619	764.98615	2.0078352e-05	0.35922226	0.5326968	2.662016	6.242748e-08
87	87999	8169.595391511917	3229.1733	0.0	3229.1733	3229.1733	1000.0	3261.5881	0.0	3261.5881	3261.5881	1000.0	289.52386	62.5872	332.3484	-32.202938	1.0029681	0.9970018	2.5702646	34.148403	-9.865499	-290.75797	0.058562104	0.00044371956	0.05939125	0.057710376	-0.008490015	0.7816846	0.7367114	10.411989	4.0903687e-06	328.12418	18.415277	346.9653	255.28279	323.62155	15.886257	341.18008	258.521	315.46924	16.533113	329.90933	247.50415	-8.152311	2.768607	-1.158568	-14.350676	8.152311	2.768607	14.350676	1.158568	-0.025343338	0.009099084	-0.0035699136	-0.04918066	74.12537	44.280136	205.9419	1.3422798	0.23128413	0.1437036	0.6442266	0.0041359877
88	88999	8271.85195350647	3265.692	0.0	3265.692	3265.692	1000.0	3256.126	0.0	3256.126	3256.126	1000.0	290.08734	62.46981	332.6357	-29.539917	0.98954344	0.98744994	2.5617523	31.484623	-11.35682	-291.31723	0.057201575	0.00027196208	0.057766568	0.056490045	-0.035890713	0.77527606	0.7354651	9.774509	2.9802322e-07	328.12155	18.232155	345.5464	254.8209	323.0459	15.816974	336.94147	259.17957	315.7752	17.080198	328.57132	247.92831	-7.2706795	2.4754312	-1.1373363	-13.931537	7.2706795	2.4754312	13.931537	1.1373363	-0.022762164	0.008635441	-0.003535093	-0.053202264	58.99054	37.34733	194.0877	1.2935338	0.1865087	0.12787893	0.74118924	0.00402059
89	89999	8374.001251935959	2590.086	695.1683	3285.2542	1894.9176	770.5	3268.7998	0.0	3268.7998	3268.7998	1000.0	290.94806	62.12434	332.27667	-29.785896	0.90799916	0.97839814	2.5473614	32.83624	-14.936965	-292.164	0.055364903	0.0009270717	0.056749675	0.054006383	-0.06240751	0.76903075	0.7301605	10.912155	8.2701445e-07	327.4824	18.034971	343.53958	254.69739	322.51074	16.384377	337.14297	256.93362	316.98016	16.89459	330.74048	248.49503	-5.530612	2.4612844	-0.01647346	-12.345963	5.530612	2.4612844	12.345963	0.01647346	-0.01726851	0.0079498775	-5.0867016e-05	-0.04137936	36.64559	28.802048	152.42279	0.00027137488	0.11478027	0.09158313	0.45818463	8.379557e-07
90	90999	8474.513091802597	2715.225	0.0	2715.225	2715.225	798.0	3265.2722	0.0	3265.2722	3265.2722	1000.0	290.7602	62.56464	332.74622	-26.722878	0.9284731	1.0125898	2.590766	31.987293	-10.208446	-291.9953	0.05521652	0.00034793702	0.055932734	0.054427147	0.03659321	0.7742907	0.7356949	10.310449	3.054738e-07	330.655	17.68887	347.58362	257.79544	323.46368	16.142094	339.87735	255.21733	315.63315	15.867661	329.3152	248.33907	-7.8305225	2.280441	-2.0514474	-15.114809	7.8305225	2.280441	15.114809	2.0514474	-0.024212398	0.00697084	-0.006582003	-0.04612093	66.517494	37.050343	228.45744	4.208437	0.2051434	0.11270262	0.67691743	0.013502634
91	91999	8577.107214212418	1969.7701	552.66296	2522.433	1417.1072	569.0	3247.7773	0.0	3247.7773	3247.7773	1000.0	290.56326	62.417526	333.02322	-28.477213	0.95957476	1.0035499	2.5652149	32.03933	-10.189877	-291.7599	0.05548801	0.00072155555	0.056779668	0.054438826	0.010326454	0.76944304	0.73414963	10.779607	3.874302e-07	328.5181	17.718344	346.26907	255.27815	322.53433	15.604888	339.02896	255.77542	316.34195	16.690813	331.19733	247.30411	-6.192411	2.5785236	-0.27918345	-14.332852	6.192411	2.5785236	14.332852	0.27918345	-0.019412361	0.008861685	-0.0008493529	-0.05365289	44.99473	37.3552	205.43065	0.07794341	0.14272125	0.12859792	0.7586863	0.00023712528
92	92999	8679.653150320053	1511.7562	17.113525	1528.8698	1494.6427	430.0	3248.449	0.0	3248.449	3248.449	1000.0	290.36703	62.47743	333.02533	-21.915329	0.97820723	0.99455124	2.5525448	32.34748	-11.283884	-291.54108	0.05577341	0.00033006346	0.05637251	0.055291444	-0.015677601	0.77060086	0.73106045	13.3980255	7.1525574e-07	327.0367	18.293396	343.15726	253.64458	323.752	17.200342	339.59946	251.63918	316.26904	17.888063	330.43878	247.37431	-7.4829783	3.75329	3.0456326	-25.46832	7.559862	3.5959191	25.46832	0.0814708	-0.02324145	0.01242291	0.010414754	-0.08128951	70.08216	71.53643	648.6353	0.0066374918	0.22009684	0.23500907	2.0703073	2.3888379e-05
93	93999	8782.66275215149	3255.626	0.0	3255.626	3255.626	1000.0	3245.3733	0.0	3245.3733	3245.3733	1000.0	290.52774	62.29449	333.30472	-31.872843	1.0245906	1.0030993	2.59734	31.161945	-10.363137	-291.67758	0.055124406	0.0001976803	0.0556306	0.05467727	0.00900531	0.7791784	0.73928154	11.598992	2.30968e-06	326.40094	16.40786	341.96964	255.45117	323.39005	17.481081	340.4592	252.26175	316.2896	16.146772	329.83502	248.0621	-7.1004395	2.7097251	-0.51974523	-15.419598	7.1004395	2.7097251	15.419598	0.51974523	-0.02175948	0.007812219	-0.0016900899	-0.04594116	57.758854	41.146507	237.76399	0.27013507	0.17555045	0.12181382	0.70839417	0.0008784162
94	94999	8882.245293855667	3246.3403	0.0	3246.3403	3246.3403	1000.0	3265.9165	0.0	3265.9165	3265.9165	1000.0	291.0395	62.112297	333.14697	-26.50489	1.0058094	0.9926831	2.6229937	34.398373	-14.507952	-292.17926	0.055876937	0.00061058777	0.057035595	0.054817885	-0.02103978	0.78509945	0.7422731	10.99265	0.0	287.22882	83.00518	345.48492	2.575952	272.03653	77.44425	328.02213	2.575952	284.35968	43.981216	325.78262	73.282455	12.323148	65.62653	292.92014	-39.457264	25.148771	61.856617	292.92014	0.0018494037	0.6390261	3.1578143	29.292015	-0.15922405	4458.702	15613.22	85802.21	3.4202942e-06	172.61395	878.57764	8580.221	1.0683623e-08
95	95999	8984.703149080276	1413.3563	0.0	1413.3563	1413.3563	398.0	3250.6477	0.0	3250.6477	3250.6477	1000.0	291.44208	62.162624	333.15567	-34.97471	1.0357112	1.008008	2.5653527	33.915657	-9.78289	-292.58014	0.054854363	0.00049380446	0.05585836	0.054222334	0.023239877	0.77669287	0.7417436	10.775002	1.937151e-06	326.486	18.562649	342.31418	253.46132	322.34485	19.248043	340.2012	241.31415	316.30542	18.695377	332.29407	247.49738	-6.0394464	2.595815	6.6053343	-13.32778	6.1569552	2.3032718	13.32778	0.09593603	-0.018653324	0.008453773	0.026988035	-0.04219509	43.21316	28.032894	177.62971	0.009203723	0.13432477	0.0891662	0.56236684	3.1380852e-05
96	96999	9086.482758522034	3273.6301	0.0	3273.6301	3273.6301	1000.0	1519.8276	0.0	1519.8276	1519.8276	435.0	291.73785	62.173367	333.35486	-27.996098	1.0481365	0.9809563	2.5691733	34.325974	-10.608462	-292.88763	0.055341758	0.0010162789	0.05680432	0.053898346	-0.055185366	0.77903855	0.740962	11.752773	4.4249464e-07	300.25345	44.538788	342.0157	114.58088	283.17307	42.34231	323.8628	107.60101	287.0612	40.99567	325.06775	107.92031	3.8881216	7.352733	28.780909	-11.371074	6.4423575	5.2608175	28.780909	0.0142799	0.01578067	0.034424104	0.22019151	-0.042490575	69.180176	107.81026	828.34076	0.00020391555	0.30005342	0.65723234	6.337312	6.413465e-07
97	97999	9188.620234251022	3279.8643	0.0	3279.8643	3279.8643	1000.0	3261.054	0.0	3261.054	3261.054	1000.0	292.4729	61.545856	333.5661	-28.071136	1.009579	0.98852104	2.537648	32.69196	-9.71848	-293.58774	0.054266717	0.00037423705	0.05478235	0.053105164	-0.033529565	0.7691441	0.7344072	12.078422	5.379319e-06	311.70963	51.048706	352.14902	32.42836	292.50327	48.360653	334.13315	28.214947	293.2345	45.845585	326.80237	36.02831	0.7311925	5.9880505	22.96428	-10.4778385	4.6798086	3.8066761	22.96428	0.0018496594	0.007365263	0.03846054	0.36989337	-0.03836793	36.391388	61.025543	527.3581	3.4212396e-06	0.18137957	0.44758767	4.775277	1.0801782e-08
98	98999	9291.589502096176	2332.6404	951.1101	3283.7505	1381.5303	696.0	3292.726	0.0	3292.726	3292.726	1000.0	292.9561	61.263	333.4181	-32.829052	0.9319282	0.9694584	2.5632267	34.059334	-12.087659	-294.04224	0.051591933	0.0008975882	0.053116966	0.050344948	-0.090392515	0.7708225	0.73449814	9.967943	2.30968e-06	321.24814	40.029682	351.47678	101.195145	309.8781	37.978428	339.90448	95.37068	304.3517	33.150047	329.7947	123.33894	-5.526409	6.8293114	31.542252	-16.003265	7.6201797	4.371906	31.542252	0.06495716	-0.014077698	0.038844902	0.3059475	-0.059550703	77.180695	106.83779	994.9137	0.0042194324	0.3259448	0.87566	9.525029	1.3977732e-05
99	99999	9394.538267374039	3259.1406	0.0	3259.1406	3259.1406	1000.0	3278.987	0.0	3278.987	3278.987	1000.0	293.4514	61.27269	333.75336	-33.73934	0.9314773	1.005898	2.5714622	35.42446	-10.589019	-294.5601	0.050238397	0.0003492856	0.050880052	0.049608696	0.01765683	0.7721685	0.73616725	11.312022	1.3411045e-07	323.4051	33.559727	351.7777	156.23334	308.66638	31.589615	339.23987	148.24698	305.43893	29.292284	329.45764	152.53052	-3.227447	5.1023884	11.185398	-15.404037	5.181582	3.0987082	15.404037	0.0016856184	-0.009526434	0.0167962	0.040425815	-0.045455985	36.450787	34.378174	237.28436	2.8413097e-06	0.11574421	0.10694543	0.7002057	9.746847e-09
