Epoch	TotalEnvInteracts	Time	AverageEpRet	StdEpRet	MaxEpRet	MinEpRet	EpLen	AverageTestEpRet	StdTestEpRet	MaxTestEpRet	MinTestEpRet	TestEpLen	AverageQ1Vals	StdQ1Vals	MaxQ1Vals	MinQ1Vals	LossQ1	AverageLogPi	StdLogPi	MaxLogPi	MinLogPi	LossPi	AverageAlpha	StdAlpha	MaxAlpha	MinAlpha	LossAlpha	AveragePreTanh	StdPreTanh	MaxPreTanh	MinPreTanh	AverageMCDisRet	StdMCDisRet	MaxMCDisRet	MinMCDisRet	AverageMCDisRetEnt	StdMCDisRetEnt	MaxMCDisRetEnt	MinMCDisRetEnt	AverageQPred	StdQPred	MaxQPred	MinQPred	AverageQBias	StdQBias	MaxQBias	MinQBias	AverageQBiasAbs	StdQBiasAbs	MaxQBiasAbs	MinQBiasAbs	AverageNormQBias	StdNormQBias	MaxNormQBias	MinNormQBias	AverageQBiasSqr	StdQBiasSqr	MaxQBiasSqr	MinQBiasSqr	AverageNormQBiasSqr	StdNormQBiasSqr	MaxNormQBiasSqr	MinNormQBiasSqr
0	999	1.8913085460662842	20.943867	23.54933	115.327065	4.116121	23.209303	11.739369	0.0	11.739369	11.739369	14.0	0.0	0.0	0.0	0.0	0.0	0.0	0.0	0.0	0.0	0.0	0.0	0.0	0.0	0.0	0.0	0.0	0.0	0.0	0.0	5.5223804	5.516664	33.334972	-0.8980851	7.8434753	7.0885186	41.50237	-0.63730764	0.90056235	0.35593465	1.6417813	-0.38868663	-6.942913	7.1219716	1.6328614	-40.669212	7.1167064	6.9483094	40.669212	0.0069316383	-0.50866324	0.38467613	0.16328613	-1.0354328	98.926506	190.5078	1653.9849	4.804761e-05	5.843469	7.1018167	39.85278	4.804761e-06
1	1999	2.718583106994629	22.335522	23.96433	124.374176	3.452838	23.714285	18.34065	0.0	18.34065	18.34065	23.0	0.0	0.0	0.0	0.0	0.0	0.0	0.0	0.0	0.0	0.0	0.0	0.0	0.0	0.0	0.0	0.0	0.0	0.0	0.0	6.4157567	8.718718	44.916153	-6.0763235	10.531607	11.104337	56.9847	-3.4814599	1.3550386	0.41501468	2.3681505	0.024311993	-9.176567	10.919393	3.9357893	-55.645645	9.579261	10.56789	55.645645	0.0027877789	-0.5216005	0.40631673	0.39357892	-0.9765015	203.44254	461.4917	3096.438	7.77171e-06	8.090994	10.514391	54.33806	7.7717107e-07
2	2999	3.5952413082122803	15.133925	9.13861	52.619244	6.126275	19.96	54.307957	0.0	54.307957	54.307957	83.0	0.0	0.0	0.0	0.0	0.0	0.0	0.0	0.0	0.0	0.0	0.0	0.0	0.0	0.0	0.0	0.0	0.0	0.0	0.0	7.5945396	9.256633	47.338913	-5.3466434	11.787049	11.594324	57.86652	-2.1723635	1.0159799	0.45118883	2.2907917	-0.7596073	-10.77107	11.394519	2.2495515	-56.482403	11.006083	11.167684	56.482403	0.0023958213	-0.5781886	0.39732015	0.22495516	-0.98697007	245.85101	457.5371	3190.2617	5.7399598e-06	9.673675	11.218357	55.13139	5.73996e-07
3	3999	4.448842287063599	18.134651	18.61323	116.574425	6.395498	22.044445	10.149466	0.0	10.149466	10.149466	15.0	0.0	0.0	0.0	0.0	0.0	0.0	0.0	0.0	0.0	0.0	0.0	0.0	0.0	0.0	0.0	0.0	0.0	0.0	0.0	4.629327	4.5798793	23.88746	-1.3229399	6.5746717	6.1131225	31.264795	-1.166739	1.5838554	0.30623528	2.658422	0.40042177	-4.9908166	6.1050715	2.4262557	-29.846981	5.4837136	5.666483	29.846981	0.0040017115	-0.38104886	0.38755012	0.24262556	-0.9684674	62.18014	119.66511	890.8423	1.6013695e-05	4.0372434	5.559391	28.493462	1.6013695e-06
4	4999	5.319620847702026	18.294903	20.980427	151.20201	6.8408637	20.645834	9.848655	0.0	9.848655	9.848655	14.0	0.0	0.0	0.0	0.0	0.0	0.0	0.0	0.0	0.0	0.0	0.0	0.0	0.0	0.0	0.0	0.0	0.0	0.0	0.0	4.644715	3.850892	21.767502	-0.54932684	6.8642325	5.376615	29.023003	-0.33016017	1.4798136	0.272477	2.5930572	0.6154059	-5.384419	5.2892833	1.2894169	-27.554163	5.557658	5.1069484	27.554163	0.010215169	-0.4403865	0.34870493	0.1289417	-0.9652312	56.968487	97.390686	759.2319	0.000104349674	4.0474586	4.983112	26.15966	1.0434967e-05
5	5999	95.22982621192932	156.39487	70.7426	230.12445	22.837816	80.083336	207.72748	0.0	207.72748	207.72748	98.0	91.43986	52.895046	183.10794	-22.239775	7.174651	-0.7065848	1.9021724	16.05807	-10.727974	-97.82019	0.8844101	0.06148048	0.99970007	0.7819501	-0.1893791	0.8553833	0.63302493	6.360508	3.5464764e-06	85.351616	39.89161	134.31093	2.0330386	90.73736	43.523335	148.41635	2.0330386	140.26024	54.68815	183.77328	4.8440733	49.52287	33.322212	164.79002	-5.6702833	49.5565	33.272175	164.79002	0.039892785	0.866857	1.8952225	16.479002	-0.20068961	3562.884	4901.4463	27155.754	0.0015914344	85.15129	300.433	2715.5754	8.775369e-05
6	6999	191.10393929481506	203.90051	36.8265	267.6044	154.31352	107.22222	474.28174	0.0	474.28174	474.28174	339.0	172.51433	55.129356	217.49321	-29.641262	10.840604	-0.3179214	2.4282236	26.339193	-9.59045	-181.79288	0.68990505	0.052349575	0.78175193	0.6021105	-0.49220893	0.8880388	0.6854025	6.8964863	5.699694e-07	101.99449	32.758045	140.62856	2.2629986	120.96955	40.70378	171.30844	2.2629986	148.09215	67.425896	215.52411	6.2452726	27.122578	31.185326	67.824814	-55.312103	37.73101	16.868002	67.824814	0.078409374	0.16592903	0.2882153	1.4879777	-0.6106816	1708.1586	1092.0098	4600.205	0.00614803	12.869536	7.3135276	32.065147	0.0002106413
7	7999	285.13942861557007	423.68347	110.887276	511.24197	267.23608	291.0	1043.1373	0.0	1043.1373	1043.1373	1000.0	169.28604	59.50187	216.69453	-26.041348	7.283174	-0.25406873	2.5210018	25.378357	-10.700828	-177.5158	0.52617013	0.041256074	0.60195065	0.45758122	-0.80558014	0.8720201	0.68801045	6.250888	1.66893e-06	83.26735	30.572823	120.28917	0.91646767	107.1703	39.148262	152.6578	0.91646767	181.44841	14.77405	209.05371	149.96533	74.278114	32.312862	174.81961	28.569931	74.278114	32.312862	174.81961	28.569931	1.4688206	2.8391545	17.48196	0.21768743	6561.3584	5981.818	30561.896	816.24097	180.25586	460.9206	3056.1897	6.219315
8	8999	380.643563747406	289.5912	0.0	289.5912	289.5912	232.0	1021.4854	0.0	1021.4854	1021.4854	1000.0	160.69473	49.892326	209.55763	-28.859827	3.9122086	-0.2530206	2.5475826	23.00085	-9.977083	-167.50159	0.39804974	0.03316298	0.4574527	0.3419878	-1.1613193	0.86965805	0.69313604	6.262564	8.940697e-07	96.25976	20.310038	122.71876	13.142254	127.840744	26.478748	156.65395	16.983574	167.65848	7.999038	186.1507	147.56427	39.81774	23.57641	149.04767	23.64149	39.81774	23.57641	149.04767	23.64149	0.4575726	0.8702063	8.77599	0.17189547	2141.2998	3419.4858	22215.209	558.9201	35.860348	122.915825	1308.0409	4.1622834
9	9999	475.9127860069275	479.20053	309.4308	1053.9208	256.22937	369.8	256.03802	0.0	256.03802	256.03802	131.0	151.7191	37.54276	186.79735	-29.175873	2.625545	-0.3863975	2.5861914	22.001682	-10.259237	-157.16418	0.2930752	0.026561089	0.34187412	0.25035593	-1.7056354	0.86009604	0.69145334	8.916718	3.1292439e-06	94.84881	38.592617	139.03955	2.4988325	102.34592	44.460453	159.33337	2.4988325	130.78935	42.083023	170.56284	12.265221	28.443436	10.846478	53.21045	9.431715	28.443436	10.846478	53.21045	9.431715	0.4142275	0.34319794	2.4661822	0.05958924	926.6749	655.49536	2831.3518	88.957245	12.726663	10.583131	60.820545	0.5620287
10	10999	573.0495393276215	314.64224	62.604343	420.5911	248.97998	182.4	1043.6123	0.0	1043.6123	1043.6123	1000.0	139.19284	39.96464	172.2309	-20.612112	1.7731714	-0.2382441	2.6792037	24.540798	-9.589882	-143.78662	0.21767166	0.017565181	0.25027966	0.18940175	-1.8857896	0.8879352	0.7114075	7.965111	1.385808e-06	106.72484	10.853505	131.20192	72.18766	138.87628	12.750804	164.79054	93.91615	136.53955	11.8270035	164.87993	123.23661	-2.3367155	7.806581	30.818237	-14.586118	6.3545127	5.101286	30.818237	0.047980227	-0.013770221	0.06781375	0.3281463	-0.10210631	66.40295	127.64003	949.7638	0.0023021023	0.5573586	1.2732465	10.112891	1.5172631e-05
11	11999	666.7572627067566	366.2917	137.5452	619.24945	209.26273	228.0	390.53537	0.0	390.53537	390.53537	220.0	129.52446	36.225105	165.59122	-20.277168	1.3506219	-0.22469904	2.7300627	25.518867	-9.615836	-133.48888	0.16452353	0.014007666	0.18934919	0.14158028	-2.2153652	0.8663424	0.70268476	7.814042	9.23872e-07	110.820724	37.933075	151.56964	2.8569813	122.09717	45.25298	171.43219	2.8569813	107.443794	40.59334	153.5014	-1.8348869	-14.653377	9.5232725	29.091307	-28.002508	16.275196	6.366483	29.091307	0.114975385	-0.11067779	0.19010238	1.7674619	-0.5468277	305.41415	185.98419	846.3041	0.01321934	2.855801	2.6864636	31.239216	0.0001285945
12	12999	761.6770086288452	317.13263	26.312601	344.78073	261.03928	156.0	380.8723	0.0	380.8723	380.8723	204.0	123.75186	34.881058	154.97717	-21.751217	0.9941247	-0.06595133	2.7586114	25.588318	-11.123462	-127.214935	0.12414553	0.009548214	0.14154604	0.108504	-2.2231688	0.8747535	0.7066525	7.2679234	1.2516975e-06	115.75395	40.865158	156.25569	3.0148606	122.7816	48.094498	174.39912	3.0148606	103.96733	39.65812	149.8743	4.612814	-18.814268	9.415266	5.0620513	-31.687452	18.996983	9.040934	31.687452	0.00092892663	-0.13374771	0.08071182	0.5062051	-0.2799678	442.62384	283.29916	1004.0946	8.629047e-07	3.0961215	1.793236	7.3716636	4.5173483e-08
13	13999	858.3622250556946	309.82217	14.817318	342.83603	295.343	135.71428	315.17337	0.0	315.17337	315.17337	136.0	124.723526	33.147415	158.88264	-22.916248	0.89162946	0.39441583	2.825902	26.775623	-11.814009	-127.98382	0.097909525	0.005031398	0.108474046	0.09102138	-1.3956907	0.9324053	0.7378743	7.0855255	6.556511e-07	119.33068	46.287067	167.29538	3.0018682	123.58116	51.295227	179.26361	3.0018682	112.16765	42.25465	156.9787	-1.485483	-11.413503	9.996513	16.93797	-23.909893	13.506432	6.9119205	23.909893	0.009719184	-0.057366397	0.126739	0.69573456	-0.46220207	230.19833	170.12743	571.683	9.446252e-05	1.6684684	1.1680949	10.042997	1.7115157e-06
14	14999	954.8208763599396	329.0919	15.612607	357.31424	308.53656	138.42857	352.84506	0.0	352.84506	352.84506	140.0	130.4085	34.419216	161.11942	-25.353918	1.0178024	0.7179243	3.0006766	30.922895	-9.472394	-133.63873	0.08476684	0.0034450307	0.09101225	0.08075326	-0.6911302	0.96663624	0.776894	7.8728914	2.9802322e-08	129.6653	52.28167	180.38583	2.9401646	128.30557	53.362316	184.65724	2.9401646	120.1772	44.138737	158.3687	3.4300947	-8.12837	13.660206	21.119904	-29.34937	13.609793	8.212501	29.34937	0.0027293267	-0.033345558	0.11255857	0.3553523	-0.19555357	252.67162	227.8646	861.38544	7.4492245e-06	1.688414	1.2821636	5.0509596	5.7888297e-08
15	15999	1051.4211897850037	360.91937	8.996033	372.9474	343.00552	138.0	299.33966	0.0	299.33966	299.33966	117.0	139.40569	37.77517	176.25728	-30.127817	1.0995442	0.96210676	2.9713633	34.10009	-10.673315	-142.72218	0.081643835	0.0008698918	0.082527936	0.07900411	-0.09567363	0.9825673	0.78795147	9.879914	3.963709e-06	123.60908	43.651276	166.86617	4.381026	109.30696	48.41311	164.08665	4.381026	143.2718	30.82067	172.89105	16.669891	33.964848	21.475319	85.35223	1.3485993	33.964848	21.475319	85.35223	1.3485993	0.7135941	1.0987629	6.3879786	0.008328688	1614.8002	1726.0581	7285.002	1.8187202	41.049355	79.128204	515.17334	0.011232063
16	16999	1145.4811673164368	354.82318	32.424664	387.4157	282.07947	131.25	369.5983	0.0	369.5983	369.5983	141.0	145.41464	40.335434	180.99913	-24.037413	0.99574536	1.0188572	3.058657	32.24934	-13.87179	-148.73393	0.07778136	0.0009340838	0.0806138	0.07669205	0.047713082	0.9737302	0.79608005	8.604464	1.6391277e-06	143.0042	54.89116	194.39897	3.1602662	135.92337	53.814003	192.8632	3.1602662	133.68506	51.841583	177.91785	1.7486401	-2.2383099	7.6323133	19.109915	-22.023825	6.1816955	5.0048857	22.023825	0.004992175	-0.018511977	0.07290808	0.45617676	-0.4442885	63.262238	93.985985	485.0489	2.4921808e-05	0.4373122	0.5331675	3.1560905	1.6956727e-07
17	17999	1241.5135462284088	374.44565	14.529451	408.3599	361.53625	139.42857	408.31567	0.0	408.31567	408.31567	149.0	153.08237	43.075703	190.80048	-21.685457	1.0049926	1.0197475	3.0414793	34.71982	-12.287575	-156.407	0.08320056	0.001568807	0.085600875	0.08061991	0.04967524	0.9773097	0.80354506	9.869578	1.0728836e-06	147.79883	55.025867	199.24754	3.5428038	134.77675	53.405056	188.07469	3.5428038	137.38203	52.637115	183.0635	3.3705006	2.6052785	7.726615	25.931644	-20.10453	6.582234	4.8127174	25.931644	0.006610305	0.026991269	0.08377465	0.47538945	-0.2513292	66.48805	88.24837	672.45026	4.3696135e-05	0.62316304	0.9260747	7.694869	2.3968897e-07
18	18999	1338.8255786895752	380.67636	22.251545	399.93124	333.25214	139.85715	397.8794	0.0	397.8794	397.8794	146.0	155.32666	44.86891	191.61827	-22.50752	1.0452341	1.0729369	3.040742	32.12375	-11.265353	-158.61546	0.087319255	0.002023401	0.08950426	0.08201589	0.17961028	0.9761787	0.8073903	8.174741	1.8626451e-07	147.76355	56.474113	198.5006	2.8152604	146.31676	57.698673	201.87291	2.8152604	142.56874	55.04883	189.25748	4.201603	-3.7480145	6.428829	14.048288	-16.42526	5.814607	4.644115	16.42526	0.008882677	-0.021291848	0.056823347	0.47371563	-0.19585204	55.377457	71.068886	269.78918	7.890196e-05	0.33729744	0.3770935	2.4983215	6.091603e-07
19	19999	1435.201369524002	395.64453	16.660816	422.69467	369.0856	144.57143	388.35938	0.0	388.35938	388.35938	142.0	157.084	46.102795	195.00854	-28.344683	1.1526765	0.9831283	3.0106711	35.705807	-12.576133	-160.2174	0.08711738	0.0007473167	0.08895189	0.085770845	-0.040916108	0.9676302	0.80106455	9.69438	1.5497208e-06	147.46994	56.797142	199.13808	3.0049012	144.89859	56.0531	200.14433	3.0049012	144.55469	54.61211	189.21365	3.6218696	-0.3439094	6.717176	15.494445	-14.127048	5.5426497	3.8102176	15.494445	0.007971432	0.0033750823	0.06632883	0.55222917	-0.21449375	45.238728	51.967575	240.07782	6.354373e-05	0.32510525	0.3714858	3.0495706	5.5306896e-07
20	20999	1532.0771658420563	391.01828	6.367577	399.1778	381.5215	141.42857	404.29907	0.0	404.29907	404.29907	145.0	157.89633	48.025826	197.43694	-20.39623	0.8849707	0.97356784	2.8898358	32.196514	-10.621017	-160.92691	0.08719443	0.0018075088	0.08911689	0.08372092	-0.06490208	0.9514185	0.78397554	9.577902	4.172325e-06	149.18126	56.626778	202.323	3.3735673	150.35567	57.631428	205.13715	3.3735673	143.71301	54.58358	190.7658	2.3309426	-6.642655	4.771833	7.4435763	-16.093637	6.9472156	4.3164177	16.093637	0.014352067	-0.044125654	0.042994104	0.2111058	-0.425219	66.895256	65.38172	259.00516	0.00020598182	0.39862853	0.33473715	1.808112	1.6656035e-06
21	21999	1629.365550518036	393.7695	8.859119	408.48557	382.22247	142.57143	403.42087	0.0	403.42087	403.42087	146.0	156.20703	47.726276	194.78986	-31.600922	0.90624267	0.9554586	2.9088745	31.255634	-14.917764	-159.04439	0.08164662	0.0012808103	0.083865866	0.07884786	-0.11171436	0.93415993	0.778115	7.888936	1.0728836e-06	149.64276	56.657234	201.65433	3.5867774	146.11084	55.866478	203.44487	3.5867774	142.98392	54.510815	192.02338	2.6470249	-3.1269271	4.841582	8.115518	-14.849484	4.564693	3.5188303	14.849484	0.0024079224	-0.019662183	0.04424253	0.40597767	-0.24437921	33.21859	45.695007	220.50719	5.7980906e-06	0.21013062	0.24515423	1.6481786	1.08040176e-07
22	22999	1726.1876220703125	436.0212	18.871347	461.4561	403.58304	151.0	571.9163	0.0	571.9163	571.9163	178.0	156.18747	48.167706	195.31479	-23.280315	0.946236	1.0177351	2.9880328	33.308327	-17.614113	-158.92104	0.077895	0.0012038923	0.08049574	0.07646172	0.04497927	0.93819374	0.7931004	8.18423	1.501292e-06	188.0435	62.88771	250.96655	4.69454	164.22017	55.775803	225.60544	4.69454	151.2453	45.22757	192.28745	9.69081	-12.974857	14.869248	22.699	-41.144238	17.135359	9.788819	41.144238	0.095211424	-0.036187988	0.16805907	1.1667097	-0.22968294	389.44147	373.14386	1692.8483	0.009065215	2.3116267	2.0666482	13.612114	0.00023386137
23	23999	1823.4719688892365	531.3422	55.577927	579.1835	416.37387	171.0	576.3381	0.0	576.3381	576.3381	185.0	162.2149	50.5352	208.28065	-29.509363	0.9701138	1.139499	3.00843	32.36787	-11.456855	-165.11928	0.08822121	0.0048502567	0.097376004	0.08051282	0.33800837	0.9643996	0.8121501	9.039761	1.1920929e-06	192.42291	66.07328	252.54948	4.207378	178.20471	61.55595	236.35811	4.207378	164.14224	54.02291	204.368	5.000885	-14.062459	12.540671	26.337688	-36.198383	15.982054	9.979739	36.198383	0.017436871	-0.065152876	0.088544205	0.7811157	-0.219886	355.02124	346.94333	1310.3231	0.00030404446	1.7439616	1.4715408	6.101417	3.0404446e-05
24	24999	1919.8856678009033	590.3692	23.484497	632.49756	560.19495	189.2	643.4663	0.0	643.4663	643.4663	206.0	172.50154	55.347454	221.21228	-32.023537	1.3131208	1.1351304	2.966559	36.66224	-10.548165	-175.538	0.10684032	0.0051919	0.115442745	0.097391024	0.30337384	0.9718149	0.817825	10.3292675	1.3113022e-06	200.84515	70.65889	266.918	3.9421866	187.63339	64.709984	247.39378	3.9421866	176.54268	55.65237	219.06152	5.356102	-11.090711	16.454313	58.864094	-30.573807	17.207245	9.88226	58.864094	0.01738614	-0.038792863	0.12628855	0.6241408	-0.2597175	393.74835	435.778	3464.9817	0.00030227785	2.2712874	3.9033575	36.739483	1.72622e-06
25	25999	2015.7586715221405	600.1137	27.342142	635.7192	554.1005	195.2	621.4281	0.0	621.4281	621.4281	203.0	177.61409	57.801548	227.72092	-37.2414	1.3156391	1.0155841	2.9182038	34.3722	-9.925471	-180.68387	0.117080875	0.0006273976	0.1182685	0.115447916	0.03353634	0.9513109	0.8047314	8.34226	1.8104911e-06	194.90263	69.28816	261.03992	3.8951647	180.71938	63.42744	239.2053	3.8951647	180.54982	61.720356	230.71158	4.7445216	-0.16954932	11.286645	37.303417	-19.387049	9.108822	6.6668177	37.303417	0.017357308	0.00057464925	0.07355291	0.28156474	-0.264359	127.4171	163.7099	1391.5449	0.0003012762	0.74109745	1.0667143	10.503326	3.425569e-06
26	26999	2112.889929294586	578.0844	47.90662	635.7464	511.03537	192.0	709.9763	0.0	709.9763	709.9763	225.0	182.00226	59.794853	236.28595	-27.27691	1.3138763	1.0396075	2.8406105	32.11979	-10.075288	-185.06522	0.12124242	0.002230176	0.124987036	0.11774502	0.08362039	0.93250805	0.7954067	7.6635857	1.2516975e-06	213.80988	72.317024	295.07596	4.178192	201.53117	67.38383	273.21774	4.178192	191.47784	54.883625	235.36615	8.2839775	-10.053354	18.551487	35.22439	-50.93989	18.12265	10.807271	50.93989	0.011260596	-0.009366914	0.15158688	1.5066769	-0.20124228	445.2276	514.08154	2594.8726	0.00012680101	2.193971	2.3723788	22.700752	6.094504e-07
27	27999	2209.9840893745422	658.995	48.80087	738.787	609.66754	212.6	636.3932	0.0	636.3932	636.3932	207.0	185.33644	61.23826	238.66815	-36.520332	1.4060054	1.0029984	2.784207	29.652157	-10.015767	-188.33958	0.12573458	0.00041356083	0.12653318	0.12477793	0.0062847254	0.92418057	0.7853434	7.8871994	1.847744e-06	197.00798	70.51892	265.76865	3.5832536	185.1449	64.69242	242.68982	3.5832536	183.7018	65.27347	239.50641	5.212906	-1.4431133	9.846925	36.99949	-14.13969	7.5977845	6.427922	36.99949	0.00786874	-0.00784573	0.08170978	0.73406595	-0.26663998	99.04451	191.21288	1368.9622	6.191706e-05	0.60968393	1.19042	12.743621	3.2418157e-07
28	28999	2305.6233339309692	665.0065	19.459305	697.69653	644.6313	215.2	665.3575	0.0	665.3575	665.3575	213.0	187.40524	62.173344	242.3412	-34.163754	1.3534896	0.99053884	2.7769825	30.485973	-14.157171	-190.40384	0.12511116	0.0005468071	0.12635818	0.123620816	-0.01966391	0.92394215	0.7861597	7.779851	3.5762787e-06	206.8314	72.809494	274.90894	3.7629523	193.59802	66.002975	248.6057	3.7629523	190.4784	66.68672	242.12852	1.917645	-3.1196234	9.572061	37.37288	-27.776283	8.330029	5.6539364	37.37288	0.027851177	-0.02156654	0.06629382	0.4807782	-0.40102535	101.356384	146.57103	1396.7322	0.00077568804	0.5759069	0.8072453	7.756586	3.265138e-06
29	29999	2403.219536781311	685.0825	39.817303	751.68097	649.2155	220.0	829.5174	0.0	829.5174	829.5174	252.0	189.43564	63.129696	247.73546	-27.225574	1.3921679	1.0093352	2.7984784	29.73745	-12.546474	-192.447	0.12409251	0.00057206914	0.12522694	0.12311658	0.019506404	0.9216583	0.7996262	8.712009	2.1755695e-06	220.33195	71.89257	289.76733	4.2107224	206.17111	66.89782	266.10358	4.2107224	194.5619	60.369675	247.10477	4.857029	-11.609199	9.984767	17.312468	-30.824945	13.402798	7.405005	30.824945	0.004442474	-0.039370768	0.095543854	1.0217854	-0.254973	234.46904	190.81128	950.1772	1.9735575e-05	1.1034156	1.032593	10.440454	9.2510774e-08
30	30999	2499.7160651683807	739.4739	91.786125	873.713	653.61383	237.25	858.43524	0.0	858.43524	858.43524	270.0	191.12732	64.05992	249.43272	-27.463276	1.5545596	0.9972675	2.7899587	30.931705	-11.620881	-193.9839	0.12466319	0.00045481382	0.12581718	0.123841114	-0.005635863	0.9127928	0.8007976	9.80963	2.041459e-06	220.3915	70.85927	292.9784	4.2545357	205.32133	65.067474	267.44333	4.2545357	201.20398	60.426224	249.31168	4.7392073	-4.1173644	15.263051	34.703808	-46.865086	13.374606	8.42813	46.865086	0.079763636	-0.008679348	0.08695027	0.38282952	-0.18539958	249.91344	270.21613	2196.3362	0.0063622375	1.2460177	1.4682273	13.285643	2.7228738e-05
31	31999	2596.755021572113	759.6461	96.120865	893.21155	660.6122	242.25	889.75696	0.0	889.75696	889.75696	288.0	193.7664	64.90463	256.45395	-25.90938	1.380855	1.0241306	2.7719643	30.238224	-9.831328	-196.67151	0.12704735	0.0013907326	0.12981851	0.12466651	0.04979546	0.91472477	0.8022777	10.457111	1.3038516e-06	221.7479	72.67036	294.3805	3.8494146	210.40063	68.52135	277.38843	3.8494146	207.61589	62.442444	254.23373	4.561876	-2.7847495	15.793911	38.592678	-27.0327	13.554705	8.571606	38.592678	0.008173554	0.005632804	0.09439832	0.70255554	-0.104972154	257.2025	253.31276	1489.3948	6.6806984e-05	1.2246935	1.3132081	8.53508	2.6876702e-07
32	32999	2694.0229971408844	876.2602	23.689018	896.2957	836.4143	277.75	903.4704	0.0	903.4704	903.4704	275.0	195.50244	66.19078	257.73526	-27.289972	1.3388685	1.0056336	2.7249048	28.687523	-11.878817	-198.24872	0.13173093	0.000553295	0.13246869	0.12976497	0.011538763	0.9052631	0.7927686	8.127137	2.0563602e-06	236.51312	72.26493	304.55786	4.357663	216.901	67.03148	279.83133	4.357663	206.696	60.80989	254.83495	1.5716076	-10.205008	16.369503	52.536655	-37.350235	16.670164	9.706103	52.536655	0.0049160793	-0.03936546	0.11357336	0.514019	-0.3807691	372.10278	400.18295	2760.1	2.4167837e-05	1.9812713	3.032568	22.609592	9.668603e-08
33	33999	2791.800012111664	848.71844	14.868948	867.6097	826.015	266.0	1124.496	0.0	1124.496	1124.496	368.0	196.12746	65.72086	259.83038	-31.681759	1.4744139	0.9830633	2.7180412	31.565634	-10.628108	-198.82457	0.12993775	0.0011545467	0.13197203	0.12756005	-0.034604575	0.9058295	0.80024123	10.536891	7.748604e-07	262.318	60.005272	316.93546	4.0228634	244.53978	54.63482	288.38193	4.0228634	230.41315	48.529903	260.95938	0.4465497	-14.12664	14.602036	43.25872	-35.777863	18.20906	9.011742	43.25872	0.017672004	-0.05469298	0.07149034	0.31398007	-0.50145465	412.7814	323.24127	1871.3168	0.00031229973	1.6651229	1.4555364	13.531137	3.7896612e-06
34	34999	2889.142861843109	883.72876	26.345766	907.0268	846.89935	273.33334	890.1314	0.0	890.1314	890.1314	276.0	197.95047	65.78577	264.68793	-31.420166	1.3615623	0.9900194	2.6937582	30.699892	-10.606428	-200.57663	0.12492357	0.0008284332	0.12754232	0.12379362	-0.020587353	0.9015648	0.79936945	8.561762	1.0430813e-07	233.10443	72.2549	301.83377	4.139547	216.73717	68.74639	284.57706	4.139547	214.50801	62.843056	262.7413	3.5545166	-2.2291658	17.227068	49.93044	-27.808634	13.965026	10.330496	49.93044	0.025182925	0.0022905695	0.103192255	0.4552254	-0.27403367	301.7411	441.43906	2493.0486	0.00063417974	1.6281866	2.9530191	17.156746	6.6435437e-06
35	35999	2987.7427513599396	1032.7953	71.68377	1092.551	931.9964	321.66666	2766.478	0.0	2766.478	2766.478	1000.0	199.95367	66.93475	270.5452	-32.18222	1.3490603	1.0023967	2.7188873	32.235943	-10.043386	-202.58694	0.1253105	0.0005246939	0.12671259	0.124399856	0.0050213938	0.90585446	0.80353194	9.284903	8.046627e-07	273.0085	56.96443	313.32382	1.2100784	247.7662	50.226532	282.88736	1.2100784	246.15593	38.608444	272.49683	2.7077723	-1.6102653	29.38433	241.72916	-29.058846	13.234517	26.284588	241.72916	0.07489208	0.27974427	2.4991934	24.172916	-0.2535392	866.0319	6008.521	58432.99	0.0056088236	67.805244	566.63556	5843.299	3.4077802e-05
36	36999	3085.8747837543488	1082.8643	180.13123	1273.2693	841.10004	346.66666	1784.8806	0.0	1784.8806	1784.8806	559.0	201.95918	67.87369	273.63232	-26.983461	1.409695	1.0179231	2.7356577	33.001324	-12.185288	-204.63068	0.12820058	0.0011566759	0.12968193	0.12585779	0.03693093	0.91149074	0.80888695	11.397109	3.5762787e-07	284.409	47.622185	325.92474	19.259123	266.16727	41.14074	299.49902	19.803717	248.00792	38.741707	272.25793	17.390886	-18.159357	9.511185	5.987663	-37.722	18.23762	9.36024	37.722	0.03704076	-0.06933853	0.0356663	0.026727356	-0.18612689	420.22485	358.85678	1422.9492	0.0013720178	1.5404336	1.207823	4.812622	5.218821e-06
37	37999	3184.3650193214417	1209.6625	308.43237	1634.1635	910.55035	379.0	2703.2383	0.0	2703.2383	2703.2383	1000.0	204.22723	68.35961	276.30334	-37.503098	1.6338997	1.011315	2.716967	30.4179	-14.860323	-206.81146	0.13033776	0.0008549061	0.13204038	0.12887242	0.02308595	0.9041997	0.8080945	9.147915	2.9802322e-07	278.38574	47.333088	322.1001	11.907205	258.58148	40.822025	295.58765	11.908636	250.90694	40.647533	277.1043	15.69169	-7.674571	11.026085	19.065159	-34.947075	11.383633	7.1334753	34.947075	0.012406774	-0.029165842	0.04449652	0.3176732	-0.13659965	180.47359	186.01617	1221.298	0.00015392805	0.686301	0.67019576	4.773758	5.941951e-07
38	38999	3282.4074494838715	1373.203	260.26196	1633.465	1112.941	431.0	2891.7344	0.0	2891.7344	2891.7344	1000.0	205.59369	68.72572	277.37885	-36.11808	1.5056758	0.9950083	2.6715417	33.190704	-12.643104	-208.08565	0.13149023	0.00071822066	0.13289239	0.13006276	-0.010081912	0.89195263	0.7977062	9.771032	1.4901161e-07	271.69855	50.211662	321.8428	4.2603135	253.97781	45.939747	301.58206	4.2603135	247.3288	40.337074	278.61975	6.3688083	-6.649014	20.625856	63.88142	-46.089664	17.428303	12.879814	63.88142	0.025940076	-0.016953355	0.09075568	0.4324252	-0.16143093	469.6353	690.39514	4080.8357	0.00067288755	1.9074907	3.2370508	20.522892	2.5348354e-06
39	39999	3380.291224002838	1884.7861	525.1303	2409.9165	1359.6559	590.5	2862.9958	0.0	2862.9958	2862.9958	1000.0	207.0454	68.679375	281.0149	-33.89548	1.4669341	1.0052707	2.6719189	33.076088	-10.466041	-209.49606	0.13170235	0.00067376695	0.13307685	0.13034448	0.010752147	0.88484246	0.79340094	9.794596	2.026558e-06	292.09656	13.599935	312.8298	235.21251	270.86987	9.206355	287.9248	235.0943	266.10632	9.684525	278.72522	224.52628	-4.763594	7.0816355	14.955957	-20.67142	7.1097136	4.7215853	20.67142	0.0060291365	-0.01734679	0.026234938	0.057637773	-0.07208568	72.84139	80.579735	427.30756	3.6350488e-05	0.26813075	0.29668075	1.4901133	1.3506916e-07
40	40999	3478.8585879802704	1918.2466	0.0	1918.2466	1918.2466	579.0	1033.1447	0.0	1033.1447	1033.1447	352.0	208.91055	69.02141	282.35782	-32.63469	1.2926962	1.0036187	2.6554315	29.518993	-10.6555	-211.34712	0.13274655	0.00052383036	0.13396606	0.13201089	0.0073578986	0.8791682	0.794814	9.398278	1.1324883e-06	276.19983	18.077728	299.20172	188.8678	256.30475	13.8927	276.5621	179.25117	260.29227	19.847498	282.79657	176.66287	3.9875278	13.9481125	32.573185	-44.974625	12.308455	7.678031	44.974625	0.0049493187	0.015476888	0.053870272	0.13373785	-0.16630529	210.45021	257.33997	2022.7168	2.4495754e-05	0.8126666	0.9873597	7.4795175	9.469253e-08
41	41999	3576.2219800949097	2922.9377	0.0	2922.9377	2922.9377	1000.0	1154.6455	0.0	1154.6455	1154.6455	349.0	211.48041	69.31346	284.7689	-37.853874	1.3207288	1.0046839	2.6064508	30.880486	-12.815001	-213.86525	0.13366953	0.000535356	0.13473733	0.13262299	0.009485777	0.8781318	0.7897425	9.214495	1.5497208e-06	255.35783	70.602165	315.65686	3.6409702	242.10622	64.75012	290.31964	3.6409702	238.04382	62.501114	283.49054	2.9671178	-4.0624046	9.020229	25.636932	-18.234274	8.390471	5.2409596	25.636932	0.017193483	-0.016216159	0.051268652	0.22718352	-0.3103546	97.86767	104.80794	657.2524	0.0002956159	0.45343143	0.57364166	5.28735	1.1105442e-06
42	42999	3675.0331122875214	2917.2607	0.0	2917.2607	2917.2607	1000.0	2752.698	0.0	2752.698	2752.698	1000.0	214.03053	68.96559	284.86368	-36.532257	1.3199762	1.0082811	2.625715	30.666239	-12.532233	-216.3993	0.13454904	0.00064312277	0.136033	0.1334056	0.016646992	0.87500733	0.7904613	8.299386	4.8428774e-07	236.97563	66.68467	295.1244	2.5113628	224.97247	63.362347	278.40387	2.5113628	266.9269	9.92355	282.28708	227.28302	41.95444	63.555466	255.05563	-10.7262945	43.171368	62.7352	255.05563	0.053164378	0.6929847	2.6586263	25.505564	-0.045056984	5799.472	12968.724	65053.375	0.0028264509	140.65392	650.01465	6505.3374	1.0860746e-05
43	43999	3773.35698223114	2042.1107	0.0	2042.1107	2042.1107	691.0	1098.8597	0.0	1098.8597	1098.8597	328.0	214.7299	69.03323	284.601	-33.069786	1.4190327	1.0144458	2.6084073	33.103264	-12.763183	-217.04172	0.1367942	0.0012032167	0.13903534	0.13516074	0.02872176	0.8756467	0.7915248	11.143831	2.577901e-06	242.34914	76.67674	315.3332	3.7803214	230.61142	71.69376	296.56854	3.7803214	226.29457	68.96603	281.5325	4.8002596	-4.3168516	11.179863	24.068811	-23.197206	10.393761	5.966094	24.068811	0.030538812	-0.0153204035	0.05992228	0.29079932	-0.17832541	143.62454	131.60692	579.3077	0.00093261903	0.65207046	0.6167827	3.3893666	5.7400657e-06
44	44999	3869.1169266700745	1827.0018	930.04846	2757.0503	896.95337	638.5	2994.1926	0.0	2994.1926	2994.1926	1000.0	216.02878	68.698166	286.2042	-51.29255	1.4029073	0.984742	2.5748417	34.133198	-10.398068	-218.30498	0.13867612	0.001746492	0.14097881	0.13553114	-0.030227976	0.8784902	0.7892868	12.179581	3.501773e-07	258.54385	69.21188	314.56458	3.8979661	245.41667	64.256386	293.11563	3.8979661	239.43204	62.031124	282.61685	2.6201808	-5.9846344	10.064109	24.316734	-24.112257	10.678103	4.8041897	24.316734	0.026926989	-0.024666877	0.058206286	0.44725204	-0.3826208	137.10213	105.3789	591.3035	0.0007250628	0.6199253	0.6011983	4.7137837	2.6552275e-06
45	45999	3967.349585533142	1993.8461	1140.6058	3134.452	853.2402	630.0	3251.325	0.0	3251.325	3251.325	1000.0	218.10938	68.721176	285.64017	-42.313877	1.4851601	0.9795822	2.6241949	36.633705	-16.801327	-220.38498	0.13221112	0.0015625273	0.13561444	0.13064222	-0.04108988	0.88001674	0.79467636	13.35303	8.046627e-07	313.17114	34.44751	343.49487	162.88803	296.42575	33.203312	325.87534	146.2511	270.75357	20.598305	286.48987	163.81538	-25.672173	15.456029	21.839876	-46.00221	27.53573	11.820861	46.00221	0.011269638	-0.08111242	0.053851563	0.14607242	-0.14260909	897.9492	599.52765	2116.2031	0.00012700474	2.9013853	1.8115462	6.560333	4.804363e-07
46	46999	4066.4311549663544	1720.8582	551.0114	2271.8696	1169.8468	522.5	3241.634	0.0	3241.634	3241.634	1000.0	220.67392	69.70328	289.39804	-38.117104	1.4187231	0.9741194	2.6049616	30.870665	-11.520733	-222.95396	0.12813455	0.0015358198	0.13091795	0.12546064	-0.053123157	0.8695568	0.78550667	9.980822	3.0696392e-06	266.16013	68.07012	330.6051	4.249838	254.4725	64.607864	311.36877	4.249838	244.13504	59.727524	289.86267	6.2681828	-10.337483	12.757601	25.710516	-36.577423	14.698424	7.319582	36.577423	0.002439273	-0.035150398	0.06439859	0.64697367	-0.22678106	269.61993	217.68338	1337.908	5.950053e-06	1.062622	0.8257938	6.0230722	6.5286635e-08
47	47999	4166.127495288849	1041.2157	135.38797	1176.6036	905.8277	326.0	3093.5938	0.0	3093.5938	3093.5938	1000.0	221.47789	70.65643	291.3088	-31.533144	1.434051	1.0121194	2.629141	32.305798	-13.277857	-223.72409	0.12742645	0.001153784	0.1290286	0.12519918	0.025109414	0.8737842	0.7908894	9.412646	8.940697e-07	314.16733	16.068485	328.6193	247.56564	298.21875	11.370706	308.42838	250.75279	281.33337	12.642732	292.57404	229.57745	-16.885382	2.860564	-10.146362	-30.01087	16.885382	2.860564	30.01087	10.146362	-0.056854267	0.010907945	-0.033885855	-0.09948138	293.29898	100.54196	900.6523	102.94867	0.99025905	0.36149672	2.9855227	0.34381816
48	48999	4265.713428497314	3176.0479	0.0	3176.0479	3176.0479	1000.0	3104.9333	0.0	3104.9333	3104.9333	1000.0	223.86624	70.68826	293.48022	-34.373245	1.4145205	0.9941668	2.615245	30.537252	-15.51873	-226.0493	0.12784718	0.00075625296	0.12921984	0.12633274	-0.011973499	0.873397	0.7857704	9.037552	1.2945384e-06	314.82166	17.201996	335.98224	242.54417	301.21594	13.174554	318.2877	247.21523	282.9302	12.69563	293.35886	230.9917	-18.285748	4.924937	-7.121774	-33.570225	18.285748	4.924937	33.570225	7.121774	-0.060640514	0.015941989	-0.02465242	-0.105624266	358.62357	186.57613	1126.96	50.71967	1.1858666	0.6052681	3.5458302	0.17556897
49	49999	4365.049928665161	2217.7769	968.17737	3185.9543	1249.5996	689.0	3003.2415	0.0	3003.2415	3003.2415	1000.0	225.60802	71.12028	296.16556	-39.10597	1.3656843	1.0030967	2.6054993	31.78676	-14.036351	-227.73416	0.12643507	0.0007207275	0.12817556	0.12551025	0.0064339754	0.8688309	0.78277814	8.380178	1.4901161e-07	279.34244	59.11058	328.69186	4.660749	267.38113	56.65605	308.76282	4.660749	260.59256	52.82819	293.97272	4.443298	-6.7885756	14.866936	48.93376	-42.12099	13.982883	8.461057	48.93376	0.14712685	-0.019914394	0.089791894	0.54480827	-0.2252169	267.1105	369.6029	2394.513	0.021646312	1.3521916	2.9224572	26.188232	7.701454e-05
50	50999	4464.367018938065	3084.3582	0.0	3084.3582	3084.3582	1000.0	3135.9954	0.0	3135.9954	3135.9954	1000.0	227.02234	71.3073	297.1289	-35.79977	1.5540073	0.99037987	2.6120772	33.363937	-10.32976	-229.17773	0.12596242	0.00065527286	0.12751123	0.12476416	-0.019848485	0.8749336	0.78770596	11.433312	7.4505806e-07	267.20288	74.22016	338.65067	4.251326	255.10396	71.10587	322.388	4.251326	249.46808	61.650013	296.61423	5.185588	-5.6358547	17.341887	38.809834	-35.35673	16.38047	8.011497	38.809834	0.0044605075	0.00014560079	0.11015394	0.97649693	-0.12162521	332.50388	290.26166	1506.2032	1.9896126e-05	1.6084703	2.3428006	15.394093	6.878424e-08
51	51999	4563.326062679291	1137.1217	0.0	1137.1217	1137.1217	342.0	3160.9402	0.0	3160.9402	3160.9402	1000.0	228.4706	71.045975	297.22534	-29.238907	1.3614775	0.9973763	2.5874004	32.95674	-12.12513	-230.54982	0.1243088	0.00042796653	0.12550141	0.12353546	-0.005411247	0.8690094	0.78359985	8.93856	4.6640635e-06	277.81464	62.009735	337.16757	4.9575624	264.53622	59.066128	317.91663	4.9575624	256.35693	51.923515	296.03464	6.6601577	-8.179289	13.1199045	31.53504	-30.227982	13.594969	7.362708	31.53504	0.02002752	-0.019432826	0.06848347	0.49271178	-0.12584142	239.03265	208.05505	994.45874	0.00040110157	0.9384661	0.9740637	7.590149	1.6725505e-06
52	52999	4663.038879871368	2000.9453	1085.2156	3086.161	915.7297	639.0	3103.1428	0.0	3103.1428	3103.1428	1000.0	230.06496	70.71011	297.9628	-29.072811	1.3187529	0.9974462	2.580832	28.494831	-9.948689	-232.16473	0.12442932	0.00030816183	0.12532502	0.123775944	-0.0052746534	0.86574966	0.77888733	9.491189	6.7055225e-08	313.09256	15.672123	330.68967	243.68753	300.74014	12.364436	314.17352	247.47646	287.2624	13.440815	297.64478	232.0147	-13.4777565	3.38212	-6.29822	-20.48067	13.4777565	3.38212	20.48067	6.29822	-0.04500851	0.012099883	-0.020732801	-0.07690157	193.08865	93.829765	419.4579	39.667576	0.64667284	0.3277668	1.5287199	0.13057975
53	53999	4762.936235666275	2220.3203	888.74243	3109.0627	1331.5779	701.5	3121.1685	0.0	3121.1685	3121.1685	1000.0	230.93436	71.01738	299.39633	-25.803286	1.2135117	0.9875344	2.5585163	31.822193	-11.179053	-232.93597	0.12250497	0.00087453896	0.12439701	0.12126391	-0.026079828	0.86110175	0.777787	8.780235	2.0861626e-07	303.2807	46.005367	338.3513	72.47074	289.4018	43.561253	321.03015	68.58871	276.467	33.22873	299.69504	97.8972	-12.934773	12.836775	33.125607	-32.140038	16.88893	6.845088	33.125607	0.37793708	-0.035788722	0.06493151	0.4292005	-0.10067012	332.09116	219.53108	1097.3057	0.14283644	1.2246168	1.2689362	13.833102	0.00048557416
54	54999	4863.057435274124	3061.3652	0.0	3061.3652	3061.3652	1000.0	3090.2832	0.0	3090.2832	3090.2832	1000.0	232.37917	71.10743	300.39865	-35.346226	1.1531858	0.9840461	2.546645	33.56698	-10.893626	-234.33244	0.11915724	0.0010147817	0.12175847	0.11781598	-0.033764597	0.859792	0.7746437	9.192381	1.0319054e-06	311.16138	18.719671	327.88538	239.06868	305.38126	14.91212	318.27728	249.52937	287.49936	14.307932	299.88474	232.35818	-17.881895	2.8964062	-11.434968	-30.989231	17.881895	2.8964062	30.989231	11.434968	-0.058563836	0.008998804	-0.03809645	-0.09785015	328.15134	115.3636	960.33246	130.7585	1.0719175	0.36166114	3.032301	0.43563172
55	55999	4962.981711626053	3136.318	0.0	3136.318	3136.318	1000.0	3095.7854	0.0	3095.7854	3095.7854	1000.0	234.0347	70.7485	301.43658	-26.28368	1.1183738	0.9912809	2.5594568	33.28127	-11.97616	-235.96156	0.11750089	0.00052203	0.11856672	0.11610487	-0.018609159	0.854069	0.7738323	9.713618	6.03497e-07	297.8521	53.545258	333.82867	4.317092	283.56467	49.3389	315.59445	4.317092	274.9593	46.829674	301.37073	8.254129	-8.60535	7.0918055	16.766872	-20.557306	10.038482	4.8553715	20.557306	0.022612596	-0.028176017	0.029191291	0.39370376	-0.08051877	124.34575	91.416466	422.60287	0.0005113295	0.42253056	0.31807524	1.655249	1.7459782e-06
56	56999	5062.337153911591	1198.8638	120.90436	1362.7183	1074.6215	365.0	3154.0796	0.0	3154.0796	3154.0796	1000.0	234.97023	71.02555	303.42123	-24.06641	1.1195496	0.99763757	2.569605	34.650726	-11.427168	-236.93312	0.116945125	0.00036017498	0.11781093	0.116178475	-0.0050234455	0.8482414	0.77676684	11.966674	5.364418e-07	286.15588	65.36696	340.35782	4.9238205	271.1147	62.924984	320.3263	4.9238205	266.9638	53.54422	302.01425	7.6785765	-4.150864	17.123564	42.745422	-22.977173	16.54918	6.0473766	42.745422	0.04991089	-0.0009958129	0.08486669	0.5929798	-0.27982312	310.4461	196.2556	1827.1713	0.002491097	1.310056	1.3915842	15.21693	8.684252e-06
57	57999	5162.187679767609	3155.3535	0.0	3155.3535	3155.3535	1000.0	3102.9463	0.0	3102.9463	3102.9463	1000.0	235.39476	71.31703	303.48734	-27.771803	1.1346892	0.9899016	2.5475323	33.636753	-13.661085	-237.29008	0.11479274	0.00089722493	0.11635036	0.11346169	-0.02178124	0.84423137	0.77174973	11.8201885	1.9073486e-06	298.80444	41.118336	333.33298	97.21887	287.39017	42.973442	319.18457	83.97087	280.97382	29.935215	303.09958	121.27342	-6.4163847	16.80453	60.95978	-21.756655	16.022505	8.175665	60.95978	0.005911966	-0.009531628	0.0937695	0.5075421	-0.081463836	323.5622	396.10092	3716.0952	3.495134e-05	1.5417258	3.3086603	30.939653	1.1910237e-07
58	58999	5259.251125097275	3111.484	0.0	3111.484	3111.484	1000.0	3104.4617	0.0	3104.4617	3104.4617	1000.0	236.87437	70.999664	303.63004	-25.12327	1.1204424	0.9917771	2.5456705	36.125954	-10.3256035	-238.74474	0.113292955	0.0007042432	0.11460454	0.1121756	-0.017856278	0.8506536	0.7772985	12.337883	1.4156103e-06	314.74237	17.658958	329.7484	241.30276	306.0477	14.423898	318.38474	249.07669	291.57797	14.659783	302.7636	233.78354	-14.469721	2.4972024	-7.047104	-20.117199	14.469721	2.4972024	20.117199	7.047104	-0.047406785	0.008862245	-0.023965448	-0.07721005	215.60883	70.36436	404.70166	49.661674	0.70705754	0.24341474	1.5227215	0.16943583
59	59999	5359.223280668259	983.5163	38.183777	1021.7001	945.3325	302.5	3121.665	0.0	3121.665	3121.665	1000.0	237.72015	71.52831	304.1035	-29.18844	1.2245792	0.9998734	2.5526683	33.03028	-13.487317	-239.55296	0.11305732	0.0005709049	0.11428096	0.11228472	-0.00021354687	0.8491405	0.77651805	10.7948475	1.2516975e-06	317.87317	15.816952	331.62167	249.31766	306.07278	13.484638	317.45352	250.06798	292.85117	14.003874	303.55234	234.16476	-13.22166	1.9967861	-7.9101853	-18.691835	13.22166	1.9967861	18.691835	7.9101853	-0.043357607	0.0073704873	-0.02561201	-0.067504905	178.79941	52.49429	349.38467	62.571033	0.5872031	0.1819344	1.1738236	0.20259574
60	60999	5459.48383975029	2079.4912	1081.3074	3160.7986	998.18384	653.0	3118.299	0.0	3118.299	3118.299	1000.0	238.45576	71.383804	304.34702	-23.117338	1.126105	0.9929388	2.5411408	33.246777	-12.5807705	-240.28064	0.11106171	0.00051786186	0.11267096	0.11035944	-0.01542054	0.8499695	0.77456886	10.113464	1.2461096e-06	300.5992	50.922806	336.19522	25.84407	289.16513	47.638756	320.5722	25.26273	276.31357	46.128315	303.87314	25.532097	-12.8515625	5.9957438	5.1698494	-21.93192	13.027558	5.603063	21.93192	0.022783846	-0.044729758	0.021041764	0.01921715	-0.11753041	201.1116	124.17725	481.0091	0.00051910366	0.6877488	0.41899842	2.0901132	1.7441249e-06
61	61999	5557.557086467743	1178.6301	11.43573	1190.0658	1167.1943	357.0	3146.6094	0.0	3146.6094	3146.6094	1000.0	239.12093	71.62177	305.10947	-22.944227	1.1920781	1.0094912	2.5468562	31.814373	-10.716224	-240.92703	0.1125958	0.000624986	0.11346474	0.1111265	0.020816773	0.851286	0.7762126	10.152162	2.0042062e-06	279.75784	64.90707	333.7547	23.523767	268.17603	63.500324	320.45026	24.001848	263.22778	56.59221	304.1269	26.23552	-4.9482026	12.974978	44.857067	-22.981195	11.571935	7.676269	44.857067	0.02335611	-0.0073058736	0.06815721	0.46947774	-0.078553975	192.83478	209.58322	2012.1566	0.00054550794	0.8460125	1.5687593	21.059395	1.9724305e-06
62	62999	5657.45224237442	1377.5286	0.0	1377.5286	1377.5286	411.0	3116.6895	0.0	3116.6895	3116.6895	1000.0	239.52536	71.583885	305.64642	-19.18854	1.13559	0.99958205	2.563112	36.41274	-11.217322	-241.28207	0.112420335	0.00036346022	0.11309514	0.111607194	-0.0008606186	0.8536455	0.7793281	12.751167	3.233552e-06	312.3812	22.19495	332.12665	227.98927	302.72018	20.056725	322.03168	221.14185	286.37872	19.596697	304.3412	209.35645	-16.341448	2.7771177	-7.8863287	-23.176146	16.341448	2.7771177	23.176146	7.8863287	-0.054096796	0.009279942	-0.02565414	-0.079915375	274.7553	88.24036	537.1338	62.194183	0.90746236	0.28900895	1.6889788	0.202317
63	63999	5757.700281858444	3134.8667	0.0	3134.8667	3134.8667	1000.0	3090.8232	0.0	3090.8232	3090.8232	1000.0	241.03851	70.996666	306.00858	-34.694386	1.3104807	0.9935557	2.5734434	33.98175	-9.699694	-242.8043	0.112113416	0.0005508132	0.11308398	0.11103505	-0.014035462	0.8540948	0.77812916	13.435059	5.1781535e-07	309.49756	21.054417	331.28003	231.47209	302.4896	19.244646	319.7357	225.58759	286.377	21.16219	304.9862	194.91203	-16.112572	3.3313687	-8.430073	-32.70786	16.112572	3.3313687	32.70786	8.430073	-0.053942688	0.014679974	-0.027096942	-0.14209889	270.71304	120.15574	1069.804	71.06613	0.9160062	0.49549237	4.6477504	0.2284292
64	64999	5857.5438911914825	3102.3943	0.0	3102.3943	3102.3943	1000.0	3146.7554	0.0	3146.7554	3146.7554	1000.0	242.77194	70.83509	306.5887	-21.398062	1.0802717	1.0002162	2.5704536	33.272743	-12.415058	-244.52611	0.11077765	0.00074834493	0.11197944	0.10939125	0.0005466175	0.85533005	0.77708125	13.386283	9.23872e-07	290.2485	54.305103	336.35043	4.775135	278.05862	52.590343	322.35077	4.775135	272.43854	45.97904	304.62445	-0.02194488	-5.620036	14.33785	39.40307	-24.330547	13.277479	7.801749	39.40307	0.12618303	-0.017058685	0.07360743	0.28181902	-0.548589	237.15875	263.02707	1552.6019	0.015922159	0.98536986	1.5143346	11.093217	6.312341e-05
65	65999	5958.401829242706	3146.505	0.0	3146.505	3146.505	1000.0	3147.524	0.0	3147.524	3147.524	1000.0	244.2775	70.767044	307.04395	-25.898691	1.0460973	0.9806264	2.526254	32.267624	-13.08255	-245.9777	0.10929107	0.0009552713	0.11170159	0.107919276	-0.042740673	0.851018	0.76822126	15.669355	1.244247e-06	298.0518	54.531536	335.13712	5.970781	291.47433	56.837894	326.55014	5.970781	282.02493	44.159058	306.9795	30.898243	-9.44943	21.11197	62.473984	-28.242281	21.17165	9.314955	62.473984	3.0183423	-0.012048368	0.14254457	2.492746	-0.091772854	535.0071	630.4206	3902.9988	9.11039	2.24273	3.7535825	62.137836	0.09912927
66	66999	6057.980021953583	3145.6	0.0	3145.6	3145.6	1000.0	3147.6875	0.0	3147.6875	3147.6875	1000.0	245.95007	70.751564	307.90512	-30.369759	1.313345	0.99866414	2.5944066	36.317608	-12.669653	-247.64384	0.10952155	0.00108023	0.11150873	0.10797466	-0.002904274	0.8541525	0.77463895	13.280794	3.1888485e-06	302.603	55.239166	340.56805	4.5715313	292.0835	54.09089	328.5316	4.5715313	276.8909	47.95691	307.1747	-1.9789705	-15.19258	9.34066	33.202106	-33.99333	16.162424	7.5391273	33.99333	0.1366415	-0.04749507	0.06292597	0.42738968	-0.7739108	318.0624	264.1865	1155.5463	0.018670902	1.1144007	1.0648777	14.190238	6.235002e-05
67	67999	6158.885741710663	3138.725	0.0	3138.725	3138.725	1000.0	3152.658	0.0	3152.658	3152.658	1000.0	247.13475	70.51662	308.95734	-21.616796	1.0672258	0.9930256	2.5703642	30.920368	-14.252432	-248.8196	0.10837581	0.00083684886	0.10952631	0.106449135	-0.015511093	0.8574533	0.77323467	12.305644	1.4528632e-06	323.53702	16.895376	337.90005	251.96318	313.31738	15.196654	325.94437	246.90118	296.55612	15.045005	307.10495	236.008	-16.761267	2.3606489	-7.3542404	-23.270847	16.761267	2.3606489	23.270847	7.3542404	-0.053577118	0.007738525	-0.028440293	-0.0749874	286.5127	79.09382	541.5323	54.084854	0.91509175	0.2530564	1.68138	0.20915677
68	68999	6256.657694101334	2276.6562	895.80707	3172.4631	1380.8491	706.0	14.35	0.0	14.35	14.35	13.0	248.36023	70.61386	309.32748	-22.898344	1.0187773	0.9890689	2.5562253	33.633568	-10.613354	-250.05368	0.10563569	0.0011753789	0.107252754	0.10392161	-0.024526985	0.85266733	0.77110094	16.992834	9.0897083e-07	289.62955	69.12597	333.82117	1.0098208	279.67746	71.15987	325.11584	-0.38469043	282.2401	34.232563	308.1228	91.95771	2.5626583	47.393917	256.5679	-22.385626	23.318512	41.340023	256.5679	0.021907875	0.78933924	4.2530828	25.65679	-0.07888452	2252.7505	10139.935	65827.086	0.000479955	189.77788	1014.9731	6582.709	1.7621308e-06
69	69999	6356.6716294288635	2034.8463	1096.683	3131.5293	938.1634	648.5	13.739264	0.0	13.739264	13.739264	12.0	249.58994	70.43398	310.29462	-23.314219	1.1513567	1.0091224	2.5746665	35.26118	-11.9114895	-251.21893	0.104924686	0.00037172675	0.10610231	0.10406787	0.02058102	0.85441285	0.77789956	13.268127	4.529953e-06	248.2162	98.586235	331.42447	1.1682457	237.10408	96.55937	321.35492	0.46558535	255.34709	60.563244	308.21997	6.93921	18.243021	68.74387	250.07791	-30.433731	33.83753	62.55837	250.07791	0.0013789157	1.9859906	6.4982753	25.007792	-0.14704107	5058.528	15355.466	62538.96	1.9014086e-06	466.2652	1534.3965	6253.896	5.8064714e-08
70	70999	6457.683966398239	3134.0598	0.0	3134.0598	3134.0598	1000.0	3133.629	0.0	3133.629	3133.629	1000.0	249.86926	70.23009	310.7164	-16.688507	1.1862935	0.9860068	2.5771625	34.17491	-10.864759	-251.50629	0.10532466	0.0008859521	0.106710434	0.103527464	-0.031514987	0.85182875	0.7743605	16.58698	3.7252903e-08	315.8011	17.94568	331.24216	244.00928	311.9376	15.260526	325.33047	251.2312	297.16492	14.8538685	309.02295	237.29642	-14.772669	2.3634098	-6.74316	-20.842716	14.772669	2.3634098	20.842716	6.74316	-0.047390703	0.0073979306	-0.02234423	-0.06611661	223.81747	71.28024	434.4188	45.470203	0.7165505	0.2211828	1.3780496	0.1506707
71	71999	6558.773965835571	3142.1677	0.0	3142.1677	3142.1677	1000.0	3153.9885	0.0	3153.9885	3153.9885	1000.0	251.39424	70.05319	310.58353	-20.250776	1.0339444	0.980449	2.550005	32.9392	-14.4716835	-253.00333	0.10195137	0.0010724461	0.103815146	0.10029404	-0.044606097	0.84659284	0.767555	14.549027	1.899898e-06	281.27594	67.75818	333.53436	4.201547	272.0831	67.41749	324.08905	4.201547	270.53714	58.836124	309.93945	1.4456813	-1.5459507	20.25492	69.18722	-20.123962	14.903488	13.803546	69.18722	0.013585788	0.014680299	0.1433705	2.2579627	-0.5638103	412.65176	904.7497	4786.8706	0.00018457364	1.9544209	4.7206388	50.98395	6.2303167e-07
72	72999	6659.793397426605	3146.2354	0.0	3146.2354	3146.2354	1000.0	3182.525	0.0	3182.525	3182.525	1000.0	252.6974	69.869354	311.51288	-31.023832	1.0616587	0.9960579	2.5466	34.591137	-12.667574	-254.33191	0.099544235	0.0006944844	0.100677095	0.09816971	-0.009028846	0.84387827	0.76920015	10.757827	8.8103116e-07	323.3239	15.768965	339.85995	253.0273	314.93588	14.702636	328.4956	250.51457	298.05676	14.453496	311.2051	237.18985	-16.87911	4.2340374	-6.978779	-25.82639	16.87911	4.2340374	25.82639	6.978779	-0.053597588	0.012991958	-0.02213502	-0.07870338	302.83142	147.40256	667.00244	48.70335	0.9584975	0.4510002	2.0326242	0.1544754
73	73999	6759.283505678177	534.0416	1162.5798	3133.6433	9.88795	178.33333	3199.479	0.0	3199.479	3199.479	1000.0	253.44655	70.01933	312.30417	-25.6428	1.7708699	1.0426624	2.536649	34.1431	-12.218278	-255.00246	0.10255159	0.0020711357	0.1070848	0.09935675	0.097027294	0.8498359	0.7709939	16.32994	5.9604645e-07	273.6707	71.557396	337.5545	4.49604	260.31253	69.45957	322.61487	4.49604	262.72128	64.32517	310.61975	-0.8625684	2.408782	15.4991045	54.79263	-20.182018	12.470559	9.513654	54.79263	0.015633272	0.023887865	0.113756485	1.1683396	-0.63846177	246.02446	421.98694	3002.2324	0.00024439918	1.3069843	2.8588173	20.771719	8.697811e-07
74	74999	6859.365923166275	3140.9097	0.0	3140.9097	3140.9097	1000.0	3144.6147	0.0	3144.6147	3144.6147	1000.0	253.53036	70.30994	313.1321	-37.844585	1.5793977	1.0057287	2.5580747	35.605057	-10.951498	-255.13022	0.10756098	0.0007928913	0.10872248	0.106052965	0.01283115	0.8541667	0.77786857	14.861244	1.8551946e-06	316.48395	16.563477	332.4017	244.93271	311.46448	15.175516	324.05383	248.04642	299.50894	13.9774	311.57593	239.32849	-11.955549	2.6189325	-3.1162653	-17.674088	11.955549	2.6189325	17.674088	3.1162653	-0.038249042	0.0077569988	-0.0117383255	-0.055277918	149.79398	60.157635	312.37338	9.711109	0.47722036	0.18520138	0.974755	0.036579736
75	75999	6960.679743528366	3132.3013	0.0	3132.3013	3132.3013	1000.0	3146.4363	0.0	3146.4363	3146.4363	1000.0	254.6361	69.79372	312.8269	-33.23267	1.5896665	0.9843442	2.573599	34.70318	-12.820516	-256.23416	0.10634242	0.00069834525	0.1080951	0.104916945	-0.034999594	0.85278094	0.7740374	10.903602	3.6507845e-06	304.44083	44.178623	340.72382	88.97927	293.2404	44.28166	324.9119	80.90585	286.12476	32.096508	311.21017	98.08373	-7.115642	15.965021	55.94732	-28.280151	15.552149	7.97778	55.94732	0.06763322	-0.013109111	0.080642514	0.46826932	-0.08915722	305.51428	332.12997	3130.1025	0.0045742528	1.3056643	2.3763955	26.198414	1.509866e-05
76	76999	7061.368782997131	3154.8635	0.0	3154.8635	3154.8635	1000.0	3111.52	0.0	3111.52	3111.52	1000.0	255.29105	69.60063	314.37582	-31.60258	1.2479728	0.96455777	2.535767	33.48309	-10.66452	-256.8555	0.102367036	0.0015155318	0.10504129	0.09897803	-0.080844395	0.8455505	0.7657554	10.893133	1.7881393e-07	313.68475	18.820286	330.49448	240.62495	309.1919	16.613415	321.7016	248.01898	298.78088	16.014956	312.2849	238.7685	-10.411072	2.8832526	-4.367955	-20.32425	10.411072	2.8832526	20.32425	4.367955	-0.0336174	0.008894101	-0.015118612	-0.06444637	116.70356	69.92793	413.0751	19.079033	0.37520826	0.2200994	1.3098241	0.066037424
77	77999	7162.153085708618	3155.3843	0.0	3155.3843	3155.3843	1000.0	3081.2498	0.0	3081.2498	3081.2498	1000.0	257.08612	69.24731	314.16257	-29.915667	1.2238098	0.98492473	2.5520325	35.872307	-11.378399	-258.63647	0.09780994	0.001176746	0.09974474	0.09574301	-0.03501001	0.8475348	0.7643569	11.695528	2.7474016e-07	312.69315	16.246807	326.0759	243.97194	309.62274	14.75248	321.61035	250.1065	299.7424	14.986474	310.82812	239.40692	-9.880305	2.5058742	-3.1545055	-16.683004	9.880305	2.5058742	16.683004	3.1545055	-0.0320027	0.008445361	-0.010658646	-0.057898123	103.89982	49.878162	278.32263	9.950904	0.33681083	0.16496088	0.87586164	0.033642523
78	78999	7262.889861822128	3162.486	0.0	3162.486	3162.486	1000.0	3140.8965	0.0	3140.8965	3140.8965	1000.0	258.18387	69.376724	314.74405	-40.648735	1.3248037	0.9878937	2.5563378	33.121998	-11.698099	-259.68973	0.09506861	0.00071904814	0.096357785	0.093677185	-0.028393604	0.8485138	0.7658939	13.402285	5.6922436e-06	301.12595	47.50078	337.7909	53.502735	291.6128	49.852474	326.2864	45.646484	284.36115	37.216362	313.11743	54.39289	-7.2516546	16.847782	54.070343	-27.970081	16.439735	8.134452	54.070343	0.0065688826	-0.007566154	0.11001326	0.60471106	-0.09126038	336.43417	383.6232	2923.602	4.3150216e-05	1.7072213	3.8734243	28.93754	1.409324e-07
79	79999	7363.632162094116	3149.9153	0.0	3149.9153	3149.9153	1000.0	1153.76	0.0	1153.76	1153.76	353.0	259.3715	69.13813	314.34744	-29.66896	1.1692497	0.9861495	2.5595515	33.23806	-12.315167	-260.9057	0.09410676	0.0006262579	0.0952441	0.092444226	-0.032788225	0.8430427	0.7635532	20.599045	5.9604645e-07	272.37128	62.822624	331.67456	4.459989	252.87405	61.10965	310.69025	4.459989	263.65707	55.081543	311.6079	5.405121	10.78301	15.314809	58.286022	-87.516396	14.164096	12.255408	87.516396	0.005510252	0.069024816	0.1808574	3.1171308	-0.2958482	350.8167	599.0084	7659.1196	3.0362877e-05	2.1830077	5.924253	97.16505	1.0160609e-07
80	80999	7464.0364372730255	3196.3477	0.0	3196.3477	3196.3477	1000.0	3138.0244	0.0	3138.0244	3138.0244	1000.0	260.5978	69.09404	315.52927	-46.989704	1.2682426	0.9865698	2.5936093	33.183872	-11.889187	-262.11993	0.09177745	0.00056796597	0.092668034	0.09030448	-0.03209746	0.84903485	0.7675184	10.986257	1.6391277e-07	311.42993	22.640402	331.69458	215.74335	302.4147	21.939856	324.31772	213.07518	294.79166	23.030893	314.3341	180.88127	-7.6230307	5.408134	7.0601635	-32.92851	8.1601305	4.5574965	32.92851	0.011747867	-0.02556989	0.01974076	0.023220146	-0.15400843	87.35851	101.26968	1084.2866	0.00013801237	0.29928726	0.41123766	5.0712676	4.6710178e-07
81	81999	7565.75886631012	1054.8348	109.677765	1164.5126	945.15704	325.0	3132.7986	0.0	3132.7986	3132.7986	1000.0	260.83392	69.72005	315.68918	-27.846388	1.2438064	1.0071561	2.606743	30.332226	-10.336346	-262.32285	0.09066141	0.0003592599	0.09136635	0.09012	0.01722067	0.8447938	0.76989526	10.7176695	6.817281e-07	294.41705	52.69558	332.49908	5.200097	285.47144	53.90233	321.7331	5.200097	284.1314	48.17712	312.273	9.147548	-1.3400007	15.441533	47.500107	-16.44869	13.135111	8.22833	47.500107	0.21367133	0.0015726904	0.06457767	0.39474505	-0.10513284	240.23659	348.0379	2256.2603	0.045655437	0.9493783	1.4302555	8.663252	0.00017347946
82	82999	7667.379420042038	3143.723	0.0	3143.723	3143.723	1000.0	3125.3958	0.0	3125.3958	3125.3958	1000.0	260.70663	69.28349	315.62024	-26.508717	1.1603628	1.0017604	2.5753984	28.771814	-11.039511	-262.11865	0.091019146	0.00061741745	0.09209838	0.09003674	0.0042750426	0.8432165	0.76726097	12.700603	3.6172569e-06	316.34363	15.624289	329.2554	247.29129	313.33234	14.008966	325.28906	255.13017	303.21085	15.955054	314.24695	238.14374	-10.121466	2.8119423	-4.0151615	-17.662418	10.121466	2.8119423	17.662418	4.0151615	-0.032666773	0.010700913	-0.012675529	-0.069000445	110.351105	62.21774	311.961	16.121521	0.3602607	0.22812754	1.2187147	0.050894298
83	83999	7769.5011785030365	3131.405	0.0	3131.405	3131.405	1000.0	3169.5957	0.0	3169.5957	3169.5957	1000.0	261.28564	68.857056	319.11264	-28.46499	1.1554321	0.9922924	2.5716007	31.047699	-9.783706	-262.67203	0.09119492	0.00035075416	0.091787934	0.09045191	-0.018430218	0.83938515	0.7659255	11.677455	1.6354024e-06	280.12997	68.07029	330.39362	4.22919	271.65726	66.147545	324.73682	4.22919	266.72568	63.54907	314.73315	0.4013046	-4.931543	6.920952	15.050437	-18.78438	7.3378344	4.286709	18.78438	0.022314955	-0.012812487	0.04690924	0.61165565	-0.38278854	72.21968	65.20785	352.85294	0.0004979572	0.2861109	0.33165544	3.7412264	1.6802805e-06
84	84999	7871.4166803359985	2142.6504	1000.71936	3143.3699	1141.9312	670.0	3133.9019	0.0	3133.9019	3133.9019	1000.0	261.92743	68.6071	315.8125	-39.462933	1.2321172	0.9785808	2.5804567	32.429596	-9.636294	-263.3128	0.089024685	0.0008098818	0.090506144	0.08730387	-0.05182517	0.8442938	0.76725066	11.097894	1.0877848e-06	312.91003	18.474876	333.47995	246.66652	305.6185	18.53397	322.94415	237.29584	296.76804	17.276937	312.6848	237.62509	-8.850474	6.3317127	16.648916	-21.746033	10.264068	3.6153002	21.746033	0.03934558	-0.028546045	0.022760121	0.069858894	-0.08105442	118.42146	83.38679	472.88995	0.0015480747	0.39610937	0.3040211	1.7546312	5.4568977e-06
85	85999	7973.0759999752045	3161.9614	0.0	3161.9614	3161.9614	1000.0	3158.7297	0.0	3158.7297	3158.7297	1000.0	262.44568	68.60686	315.9127	-33.100132	1.1764042	1.009951	2.5846338	30.670664	-11.760148	-263.85806	0.088095896	0.00063566474	0.08895741	0.08707268	0.024226911	0.84134287	0.76726747	17.008667	1.0430813e-07	312.6919	23.064165	331.29288	216.5225	303.97562	22.012123	323.74512	211.31749	296.4239	21.154875	314.9085	217.44873	-7.5517244	4.169303	6.159486	-16.573027	7.7502885	3.7874353	16.573027	0.003839651	-0.024627808	0.014332033	0.029014332	-0.05991519	74.41163	59.975273	274.6652	1.4742918e-05	0.24521159	0.20771134	0.98579496	4.824336e-08
86	86999	8074.824746370316	889.9783	0.0	889.9783	889.9783	268.0	3161.0005	0.0	3161.0005	3161.0005	1000.0	263.14545	68.33246	317.13333	-39.591152	1.092693	0.9758997	2.5682714	33.32494	-11.508333	-264.45255	0.088207	0.0014975828	0.09013292	0.08518095	-0.05882198	0.8415026	0.7639475	16.035095	5.722046e-06	319.92285	18.776701	339.13638	245.91463	308.33167	15.991756	325.9412	250.33456	297.35522	16.54238	314.5589	237.51505	-10.976415	4.6042986	1.7703371	-23.190771	10.986774	4.579521	23.190771	0.026235284	-0.03570024	0.015268278	0.0060571088	-0.07532663	141.68124	111.40152	537.8119	0.00068829017	0.46124673	0.3635953	1.6958733	2.346865e-06
87	87999	8177.255478382111	3141.4622	0.0	3141.4622	3141.4622	1000.0	3189.4387	0.0	3189.4387	3189.4387	1000.0	263.66562	68.29107	317.0686	-33.722927	1.0458127	0.9929758	2.6046185	32.347347	-10.718666	-265.0242	0.08461388	0.00026817288	0.08518378	0.08404509	-0.017299665	0.8408471	0.76987815	25.007374	5.662441e-07	321.50067	17.698936	341.02243	250.12001	316.24673	15.6044035	329.69345	254.88582	303.04297	16.725163	315.97955	237.37025	-13.203758	3.1422212	-6.2843866	-22.57549	13.203758	3.1422212	22.57549	6.2843866	-0.04202269	0.011070813	-0.019685324	-0.076889314	184.2128	88.127045	509.6528	39.493515	0.5885433	0.2952144	1.5964472	0.12371019
88	88999	8279.299671888351	3136.321	0.0	3136.321	3136.321	1000.0	3143.749	0.0	3143.749	3143.749	1000.0	264.91675	67.940445	318.3677	-21.345009	1.1209617	0.98069364	2.5893483	30.57278	-11.049425	-266.31094	0.0827916	0.00085370074	0.08415899	0.08130892	-0.04805155	0.84016246	0.7681193	30.564276	2.9802322e-06	315.18344	18.616709	334.25986	240.6198	309.9698	16.08623	325.45346	249.80458	302.72623	16.889605	316.1263	237.40948	-7.2435656	3.36149	-0.06299471	-15.027361	7.2435656	3.36149	15.027361	0.06299471	-0.02354912	0.011398733	-0.00019945235	-0.05578084	63.76886	51.560352	225.82158	0.003968334	0.2082951	0.17339149	0.7866043	1.2564443e-05
89	89999	8381.49465560913	3168.3865	0.0	3168.3865	3168.3865	1000.0	3166.1042	0.0	3166.1042	3166.1042	1000.0	265.7698	67.70646	318.07446	-31.678686	1.0704254	0.9964254	2.6002865	32.79101	-10.83487	-267.09888	0.08144824	0.0002917955	0.0820392	0.08081412	-0.008931806	0.83859897	0.7650286	16.933998	1.09896064e-07	298.93564	52.72875	333.87677	4.6644425	292.3203	52.385956	327.0597	4.6644425	286.32956	48.760925	315.75745	5.4437704	-5.990768	8.797494	21.7122	-16.888279	9.870685	3.981806	21.7122	0.19441508	-0.013952229	0.052721906	0.8175025	-0.06567637	113.2852	81.02825	471.41962	0.037797224	0.4110161	0.40469462	6.6831036	0.00016985029
90	90999	8484.266820430756	3176.9966	0.0	3176.9966	3176.9966	1000.0	3147.7776	0.0	3147.7776	3147.7776	1000.0	266.51187	67.355545	317.6235	-26.1656	1.0017045	0.9940237	2.5825589	31.958588	-10.24682	-267.84756	0.0805904	0.00039655142	0.08122239	0.079930104	-0.015012968	0.8400197	0.7656068	14.779742	2.3543835e-06	320.39542	18.27191	338.37073	247.55164	313.85684	15.8417225	327.2074	250.30417	302.37457	16.882631	316.75183	237.8991	-11.482288	3.6221104	-4.2860565	-22.795238	11.482288	3.6221104	22.795238	4.2860565	-0.036809262	0.012147532	-0.014589386	-0.0709514	144.96262	95.22501	519.6229	18.370281	0.46579358	0.30864263	1.6173542	0.062530935
91	91999	8586.553811788559	2001.2355	854.96564	3174.5156	1161.594	618.3333	3106.5686	0.0	3106.5686	3106.5686	1000.0	267.19208	67.27579	318.8293	-22.010942	1.0559462	0.99046046	2.60668	31.982765	-10.576788	-268.4614	0.07928467	0.00046778502	0.080307804	0.078608036	-0.0241215	0.84051377	0.7682689	14.928308	1.1920929e-06	311.13153	17.026226	324.32898	243.114	310.58862	16.11256	323.112	247.67163	303.57578	16.542648	316.81592	238.74461	-7.0128927	2.75896	5.808807	-13.230224	7.074588	2.5966766	13.230224	0.004669623	-0.022696812	0.009413189	0.019800723	-0.051210176	56.792526	36.098606	175.03882	2.180538e-05	0.18471244	0.12309255	0.6720144	6.911008e-08
92	92999	8689.20667386055	3180.7346	0.0	3180.7346	3180.7346	1000.0	3172.2844	0.0	3172.2844	3172.2844	1000.0	266.97235	67.82067	318.15158	-22.667645	1.0976131	0.99897224	2.622292	33.685886	-13.901489	-268.2837	0.07833067	0.00044824902	0.07896503	0.07748983	-0.0025634747	0.83446354	0.77242845	15.123695	1.4901161e-07	319.41507	19.020267	335.97455	245.93486	314.64243	17.141712	328.7453	249.2076	304.56467	17.235573	316.91772	237.69965	-10.077738	2.3724878	-4.0916023	-15.881173	10.077738	2.3724878	15.881173	4.0916023	-0.03213492	0.007955873	-0.012799154	-0.05781873	107.18949	48.79109	252.21167	16.74121	0.34197062	0.15948057	0.853551	0.05236905
93	93999	8792.001534700394	3178.9944	0.0	3178.9944	3178.9944	1000.0	3165.1516	0.0	3165.1516	3165.1516	1000.0	267.4254	67.54449	318.72183	-56.339226	1.019742	0.9965765	2.5858598	35.59872	-10.425222	-268.6799	0.07859697	0.00032136147	0.07925448	0.07804766	-0.008678924	0.82890624	0.7691751	16.200792	2.2649765e-06	316.72043	17.587984	333.26746	247.23018	313.08804	16.79552	329.45874	248.77846	303.64676	17.523165	317.06317	237.95871	-9.441252	3.4432895	-0.21857534	-18.808138	9.441252	3.4432895	18.808138	0.21857534	-0.030343251	0.011471573	-0.0006957072	-0.06670773	100.99348	71.424965	353.74606	0.047775183	0.32516998	0.23203422	1.1356945	0.00015206444
94	94999	8894.351892709732	3155.5508	0.0	3155.5508	3155.5508	1000.0	3182.652	0.0	3182.652	3182.652	1000.0	267.7606	67.8313	319.2544	-26.006012	0.9988015	0.97511077	2.5749269	32.8786	-11.624235	-268.99713	0.07665918	0.0011699639	0.07823246	0.07485184	-0.06395287	0.82497895	0.7648436	15.288733	3.5762787e-07	304.76224	39.700817	333.58566	98.660934	296.54684	38.694817	326.93982	96.86722	290.6543	38.794178	317.4179	83.20662	-5.892582	7.248102	18.972208	-18.812141	8.258367	4.3654184	18.972208	0.01623691	-0.020854535	0.030068291	0.06786338	-0.1583135	87.25752	81.018364	359.9447	0.00026363725	0.32327753	0.398243	2.7807572	8.9957183e-07
95	95999	8997.10602259636	3198.765	0.0	3198.765	3198.765	1000.0	3187.4397	0.0	3187.4397	3187.4397	1000.0	268.6781	67.19109	318.9063	-27.742014	1.0031714	0.9930283	2.5742993	29.081226	-11.931152	-269.9149	0.07425815	0.00024480693	0.074844055	0.0738194	-0.018071357	0.8246417	0.76300895	14.470729	1.4901161e-06	309.26065	38.77999	338.68747	124.97191	297.75552	39.57443	329.09866	116.976364	292.06915	31.874737	316.5946	120.261505	-5.686368	11.079594	29.414764	-22.36827	11.202299	5.440648	29.414764	0.02424532	-0.0139290085	0.046856135	0.19717096	-0.06824132	155.09218	137.48112	865.22833	0.00058783556	0.58364004	0.70882404	5.799737	1.9378012e-06
96	96999	9100.397102594376	3174.7869	0.0	3174.7869	3174.7869	1000.0	3196.4604	0.0	3196.4604	3196.4604	1000.0	269.3572	67.13415	319.04938	-30.36445	1.047228	0.9828899	2.5916955	32.432457	-10.662035	-270.61063	0.072165355	0.00082900247	0.0740723	0.07105333	-0.04477346	0.81956345	0.77427965	29.309776	7.599592e-07	322.79572	18.075706	336.75732	249.51022	317.93332	15.901122	331.4847	256.3138	306.30054	17.803219	318.70792	237.89398	-11.632786	2.965372	-6.040649	-24.57781	11.632786	2.965372	24.57781	6.040649	-0.037005898	0.011486409	-0.018814841	-0.0930995	144.11513	81.34706	604.0688	36.48944	0.46388757	0.30067822	2.2879117	0.113653846
97	97999	9203.827064752579	3175.1116	0.0	3175.1116	3175.1116	1000.0	3158.1426	0.0	3158.1426	3158.1426	1000.0	270.68823	66.70895	319.8031	-42.237648	1.0281688	1.0111508	2.6367223	35.91471	-11.019628	-271.94168	0.072165996	0.00070566626	0.073389195	0.071258776	0.02933172	0.8225082	0.7826067	32.846706	8.657575e-06	316.6806	18.28034	330.59897	244.63531	316.05203	17.506691	330.72467	249.74994	305.79797	17.553814	318.65637	238.7643	-10.254058	2.7784107	0.5679664	-17.062496	10.255638	2.772575	17.062496	0.1855806	-0.032535065	0.009399955	0.0019453235	-0.066665456	112.865265	54.715034	291.1288	0.034440156	0.35892856	0.1840588	1.1374791	0.00011819243
98	98999	9306.950537443161	3183.8408	0.0	3183.8408	3183.8408	1000.0	3164.3452	0.0	3164.3452	3164.3452	1000.0	271.30685	66.70624	319.9929	-20.895609	1.0292428	0.9788524	2.604186	35.261467	-11.08815	-272.5243	0.07196591	0.0007979659	0.07319759	0.07055928	-0.055633128	0.81371534	0.7782933	32.038765	2.3841858e-07	309.99356	27.763426	333.8056	187.806	300.52463	29.335808	325.56772	171.18001	296.83643	26.301779	318.2898	175.68994	-3.6882138	6.870282	16.480246	-15.282887	7.0295935	3.3746858	16.480246	0.025246225	-0.010886062	0.025307562	0.07275901	-0.060090184	60.803696	49.56887	271.5985	0.00063737185	0.21253438	0.19375484	1.1884537	2.0569018e-06
99	99999	9410.303010702133	3196.311	0.0	3196.311	3196.311	1000.0	3201.0613	0.0	3201.0613	3201.0613	1000.0	271.99704	66.61698	320.27597	-24.457731	0.96967965	0.9972829	2.6078424	32.217506	-11.026293	-273.20535	0.07054395	0.00022203563	0.07096098	0.069985665	-0.007166323	0.8176116	0.77236617	23.77993	1.0430813e-07	321.44412	17.598845	335.08624	249.76488	315.94724	16.797562	329.0107	251.17204	306.19855	17.446852	318.8058	239.02927	-9.748705	2.1172423	-4.7469106	-16.169292	9.748705	2.1172423	16.169292	4.7469106	-0.03106467	0.0077868383	-0.015509624	-0.06272585	99.51998	43.23463	261.44604	22.533161	0.3186512	0.15265863	1.0104299	0.0736228
