Epoch	TotalEnvInteracts	Time	AverageEpRet	StdEpRet	MaxEpRet	MinEpRet	EpLen	AverageTestEpRet	StdTestEpRet	MaxTestEpRet	MinTestEpRet	TestEpLen	AverageQ1Vals	StdQ1Vals	MaxQ1Vals	MinQ1Vals	LossQ1	AverageLogPi	StdLogPi	MaxLogPi	MinLogPi	LossPi	AverageAlpha	StdAlpha	MaxAlpha	MinAlpha	LossAlpha	AveragePreTanh	StdPreTanh	MaxPreTanh	MinPreTanh
0	999	1.3269872665405273	20.943867	23.54933	115.327065	4.116121	23.209303	10.916295	0.04289338	10.998798	10.857935	13.0	0.0	0.0	0.0	0.0	0.0	0.0	0.0	0.0	0.0	0.0	0.0	0.0	0.0	0.0	0.0	0.0	0.0	0.0	0.0
1	1999	1.5449674129486084	22.335522	23.96433	124.374176	3.452838	23.714285	10.916295	0.04289338	10.998798	10.857935	13.0	0.0	0.0	0.0	0.0	0.0	0.0	0.0	0.0	0.0	0.0	0.0	0.0	0.0	0.0	0.0	0.0	0.0	0.0	0.0
2	2999	1.7640492916107178	15.133925	9.13861	52.619244	6.126275	19.96	10.970255	0.06488296	11.108696	10.902742	13.0	0.0	0.0	0.0	0.0	0.0	0.0	0.0	0.0	0.0	0.0	0.0	0.0	0.0	0.0	0.0	0.0	0.0	0.0	0.0
3	3999	1.983442783355713	18.134651	18.61323	116.574425	6.395498	22.044445	10.9312	0.030251013	10.998956	10.901944	13.0	0.0	0.0	0.0	0.0	0.0	0.0	0.0	0.0	0.0	0.0	0.0	0.0	0.0	0.0	0.0	0.0	0.0	0.0	0.0
4	4999	2.3360519409179688	18.294903	20.980427	151.20201	6.8408637	20.645834	10.933294	0.069096416	11.0111685	10.803399	13.0	0.0	0.0	0.0	0.0	0.0	0.0	0.0	0.0	0.0	0.0	0.0	0.0	0.0	0.0	0.0	0.0	0.0	0.0	0.0
5	5999	96.53111028671265	157.615	81.93002	246.08693	24.469702	82.454544	287.8355	1.5146074	290.12405	285.96082	144.9	92.43427	54.197853	189.47723	-24.082493	8.216488	-0.70644903	1.8764677	18.300991	-10.495441	-98.8877	0.88454074	0.061473403	0.99970007	0.7824294	-0.18889712	0.8465254	0.6232701	5.139397	4.172325e-07
6	6999	189.44799900054932	235.4043	53.307816	308.2826	133.81697	117.666664	373.46246	3.5627599	381.91812	370.36298	216.4	177.94034	56.69979	224.34225	-24.825615	12.307258	-0.33330786	2.3732872	27.991194	-11.082704	-187.4288	0.6890406	0.052352156	0.78222376	0.60186076	-0.497756	0.8809146	0.67544967	6.696611	5.364418e-07
7	7999	287.55015301704407	307.03598	88.32335	411.91968	180.08574	200.0	1055.7394	0.56774735	1056.8247	1054.6915	1000.0	175.35033	56.455402	221.97833	-22.503931	8.144543	-0.31013596	2.5053642	28.596786	-10.372415	-183.65257	0.5253777	0.043549854	0.6017063	0.45292827	-0.85009027	0.8654937	0.68326646	6.2471685	3.3974648e-06
8	8999	380.9490399360657	378.80493	163.59293	658.32416	242.41396	245.75	261.0334	1.3071446	263.3609	258.66843	114.9	160.12349	45.473034	204.62215	-31.644419	4.7739363	-0.2513239	2.4451814	24.484837	-10.004232	-166.7492	0.39540684	0.03245438	0.45280594	0.34093884	-1.1673809	0.8500721	0.67298895	6.6661034	1.5497208e-06
9	9999	571.682867527008	295.74863	45.4015	385.7516	252.59242	128.625	817.2179	237.82098	1083.5387	399.69714	769.3	151.51492	45.903614	189.03107	-38.259285	3.2669003	-0.15716165	2.5101323	26.455307	-11.870851	-157.2265	0.2981515	0.023785928	0.3408426	0.25867125	-1.403104	0.87133634	0.68709785	6.8866515	5.930662e-06
10	10999	665.8157074451447	344.88367	22.785198	385.79086	316.3423	155.5	314.84506	1.441245	316.66507	312.36234	132.3	141.66739	40.860558	183.13893	-37.249504	3.3850834	0.13652612	2.6588798	28.252577	-10.338499	-146.57619	0.22878763	0.014306655	0.2585967	0.20673825	-1.2607361	0.9145225	0.7219303	11.343133	3.2782555e-06
11	11999	759.8729462623596	486.44727	114.275345	660.31494	317.65884	204.6	220.18855	1.4453201	222.5651	217.489	104.2	148.01237	44.44948	184.96594	-25.872046	2.153275	0.28917208	2.7028804	30.223412	-10.4913025	-152.74838	0.18507132	0.012807803	0.2066962	0.1634691	-1.2015988	0.9211836	0.728229	8.86639	3.6507845e-07
12	12999	856.3114633560181	433.70834	126.25511	624.44025	223.06877	178.5	1015.7383	297.26126	1287.2202	652.1235	409.1	154.63359	46.463795	218.58827	-36.41403	2.6284883	0.7369563	2.8071494	30.5901	-12.140786	-159.26665	0.15367964	0.0049153804	0.16343798	0.1462964	-0.49011418	0.9778277	0.76976067	8.795461	1.7881393e-06
13	13999	952.024008512497	835.5991	589.6188	1661.8586	325.2746	317.66666	2726.6077	19.482597	2746.0103	2676.4783	1000.0	167.36949	51.89069	225.23756	-29.282473	2.590248	1.0438524	2.8938808	30.995316	-10.921173	-172.09026	0.1458757	0.0025189552	0.1512716	0.14287004	0.08354337	1.0028365	0.80521965	8.404479	1.1324883e-06
14	14999	1141.6094572544098	734.22046	189.13338	957.60974	495.1285	279.0	265.81802	3.885926	272.19067	260.05185	170.4	177.70258	54.09479	239.8813	-28.478739	2.8058903	1.0085087	2.7870362	28.419403	-9.770287	-182.46788	0.15173982	0.0002801473	0.15269135	0.15129286	0.016058356	0.9712825	0.77284133	7.8904095	3.33786e-06
15	15999	1236.865886926651	570.28235	175.62595	810.9588	306.943	204.4	761.04553	1.8341826	763.8408	758.12524	249.1	176.79318	52.132153	241.0539	-36.651966	3.3495483	0.9260327	2.8119435	32.3285	-12.803373	-181.02538	0.14502136	0.0044449302	0.1543548	0.13989136	-0.14153054	0.96979433	0.7739844	11.678976	5.9604645e-08
16	16999	1333.5915315151215	817.0775	217.28047	1145.2347	534.00604	276.0	2139.3062	896.468	3119.431	878.60895	693.7	184.85893	55.92079	245.63605	-33.788025	2.3181376	1.0339177	2.804887	29.056004	-11.753019	-189.20222	0.14612597	0.0019925216	0.14839691	0.14149696	0.065689154	0.97244686	0.7756607	8.884265	4.172325e-07
17	17999	1428.9271984100342	1389.3319	399.28146	1788.6134	990.0505	455.5	931.76984	8.054711	948.51697	922.4369	318.1	192.56453	57.454807	257.64108	-35.91403	1.9992805	0.97117645	2.7417774	27.865507	-11.408539	-196.79991	0.1455745	0.0017679489	0.14776568	0.14171028	-0.055684958	0.94727993	0.76460207	8.545003	2.682209e-07
18	18999	1524.3322546482086	961.959	91.43564	1053.3947	870.5234	319.0	1469.1858	128.72481	1671.6552	1266.4968	459.1	201.04143	60.309578	270.43134	-38.64545	2.0805907	1.0134832	2.7941654	29.679329	-11.016607	-205.32286	0.14129029	0.0010275473	0.14440806	0.13958044	0.026292972	0.9360245	0.7686072	9.707781	6.4373016e-06
19	19999	1712.5582437515259	1294.5405	512.6299	1673.6588	569.8309	430.66666	90.68722	107.38168	257.31723	19.558767	54.9	205.9563	61.516735	272.68988	-25.197058	2.101129	1.0305992	2.7599733	30.893093	-9.965638	-210.04065	0.14800924	0.0027767427	0.15194312	0.14441831	0.058535196	0.9449361	0.78098303	9.108046	1.4901161e-07
20	20999	1809.775286436081	1545.4031	0.0	1545.4031	1545.4031	507.0	3139.5454	4.992084	3145.9636	3130.529	1000.0	197.60968	56.38237	268.55594	-34.547756	2.7192316	0.95489585	2.7296503	30.804966	-10.87711	-201.2557	0.14657435	0.004745745	0.15450671	0.14139022	-0.086318456	0.94849586	0.7864075	9.599167	1.9967556e-06
21	21999	1903.105463027954	2568.9397	587.507	3156.4468	1981.4327	815.0	1193.0125	2.9708955	1197.772	1188.2772	376.7	211.57985	58.520298	285.81216	-36.389187	2.0580258	1.0797176	2.7429736	31.340075	-14.662213	-215.34842	0.1504707	0.0049777087	0.15940076	0.14227423	0.15103936	0.9382478	0.77854663	10.212358	1.6391277e-07
22	22999	2000.5769567489624	2392.8296	0.0	2392.8296	2392.8296	742.0	3179.648	16.27728	3198.7983	3138.3293	1000.0	218.53049	62.96928	292.4763	-49.804096	2.0702975	1.0081534	2.6884687	30.970951	-19.431732	-222.204	0.1605369	0.00042534946	0.16131468	0.15929945	0.014955787	0.9252896	0.7704708	10.0470705	8.940697e-07
23	23999	2095.8779928684235	1694.818	259.21472	1954.0327	1435.6033	521.5	1108.0752	11.754475	1120.2408	1076.2334	337.1	222.79541	65.52973	298.12527	-39.5774	1.8970119	1.0007409	2.6980772	30.864223	-11.87667	-226.50964	0.16236475	0.0004980388	0.1633231	0.16133162	0.0013974987	0.9320069	0.7754982	11.056916	2.026558e-06
24	24999	2286.9041109085083	1171.9984	212.4707	1417.8412	899.45514	362.0	2878.04	9.613548	2892.6335	2863.4067	1000.0	226.21426	67.29035	300.67365	-25.145422	2.024285	1.0051674	2.7146366	30.837984	-11.089478	-229.8216	0.16133752	0.0007115922	0.16296552	0.15957816	0.009450262	0.93586165	0.7798233	10.485914	4.7683716e-07
25	25999	2384.978042125702	1615.7542	170.06305	1785.8173	1445.6912	506.0	3108.394	1.9716798	3112.326	3106.0066	1000.0	221.92058	63.280884	295.81027	-37.074474	2.7698848	0.9274528	2.6877577	32.8307	-10.801478	-225.24454	0.15481688	0.006757891	0.16449554	0.14681803	-0.13520566	0.92516667	0.7775678	10.675845	2.861023e-06
26	26999	2481.9723031520844	3081.5312	0.0	3081.5312	3081.5312	1000.0	3027.1606	2.9980395	3031.3445	3020.1716	1000.0	228.67116	66.66561	301.22784	-33.113235	2.0439003	1.0147123	2.662149	28.327618	-14.991622	-231.96465	0.14843357	0.0026656701	0.1523	0.14449948	0.028143544	0.9183056	0.7727075	10.25619	3.799796e-07
27	27999	2579.8346240520477	3073.149	0.0	3073.149	3073.149	1000.0	3062.995	1.9343315	3067.2861	3059.163	1000.0	234.2717	67.10166	305.02774	-42.329365	1.8302717	0.96243674	2.6849358	31.251003	-11.714336	-237.46922	0.14519207	0.0025475495	0.15058677	0.14185205	-0.07222959	0.9094864	0.77511346	11.2308	7.1525574e-07
28	28999	2677.4057738780975	3100.8982	0.0	3100.8982	3100.8982	1000.0	3170.1125	1.8071849	3173.2317	3167.1523	1000.0	238.47836	67.52614	306.89676	-38.051857	1.6452978	0.98052186	2.6881247	28.482216	-10.711274	-241.66672	0.13983887	0.0012493978	0.1418348	0.13755687	-0.038305886	0.9116599	0.7746283	9.1621895	3.0100346e-06
29	29999	2867.241513490677	3100.5422	0.0	3100.5422	3100.5422	1000.0	5.244204	0.72610056	6.619765	4.0929437	31.8	242.6047	67.46484	309.07025	-34.20539	2.1143842	0.97787416	2.6973133	28.870626	-10.786488	-245.78642	0.13408135	0.0012887891	0.13753979	0.13237968	-0.04423636	0.9051848	0.77434444	9.770901	6.183982e-07
30	30999	2964.1417334079742	1963.3914	0.0	1963.3914	1963.3914	620.0	3179.5723	1.4494654	3181.7502	3176.4502	1000.0	223.95607	61.627125	298.17038	-56.282906	2.286519	0.9870507	2.6553187	30.9231	-10.743309	-226.76923	0.13813081	0.0035451027	0.14149109	0.1300122	-0.02590596	0.9231117	0.78213435	10.305995	2.9802322e-08
31	31999	3063.559180498123	3116.304	0.0	3116.304	3116.304	1000.0	3159.4622	1.668898	3162.1892	3155.9834	1000.0	239.67673	64.716995	306.87213	-49.401318	1.6053591	0.93550265	2.655184	30.831076	-10.627298	-242.57248	0.12464868	0.0023751783	0.12998505	0.12029616	-0.13398048	0.9006901	0.7722268	10.040449	5.364418e-07
32	32999	3161.5010781288147	3133.3242	0.0	3133.3242	3133.3242	1000.0	3151.6472	1.4860736	3153.9832	3149.544	1000.0	248.45334	65.81765	311.48074	-26.080584	1.6474804	0.987936	2.6881306	29.501886	-10.767023	-251.20999	0.11939506	0.0003774162	0.12027864	0.118201554	-0.02561314	0.8981597	0.77580225	8.68179	1.5795231e-06
33	33999	3259.4602751731873	3139.26	0.0	3139.26	3139.26	1000.0	3165.432	2.0588136	3168.398	3162.3599	1000.0	252.80154	66.3083	313.73923	-21.328352	1.4394879	0.97405773	2.6850417	27.500862	-10.841697	-255.55103	0.11596924	0.0017848982	0.118561916	0.11347013	-0.055861667	0.8856735	0.7663566	8.302575	1.66893e-06
34	34999	3452.8610866069794	3117.6458	0.0	3117.6458	3117.6458	1000.0	1014.1367	4.7621274	1018.9917	1008.74554	1000.0	255.59924	66.154495	314.73077	-32.49881	1.5466768	0.97209376	2.6680584	29.254814	-10.434188	-258.30853	0.111361556	0.0015733817	0.11368284	0.10849528	-0.061261445	0.8796875	0.76207167	7.681308	7.0780516e-06
35	35999	3550.9833929538727	3142.0042	0.0	3142.0042	3142.0042	1000.0	3219.2322	1.0975007	3221.5742	3217.8203	1000.0	240.3326	61.79496	305.67242	-48.88801	2.1344016	1.0256938	2.7036855	33.873276	-10.227462	-242.8549	0.11549156	0.0029368727	0.11939855	0.10855262	0.05734584	0.9105091	0.7864952	9.843361	8.046627e-07
36	36999	3648.844730615616	3151.2734	0.0	3151.2734	3151.2734	1000.0	3187.8696	3.413135	3195.2322	3182.9062	1000.0	254.31665	64.79905	313.79578	-22.794363	1.3186618	0.8968219	2.6785202	30.236185	-11.301364	-256.92996	0.10424043	0.0030476104	0.10988231	0.09908964	-0.23289388	0.8762309	0.76142985	8.7624	1.1324883e-06
37	37999	3744.5503418445587	3202.8013	0.0	3202.8013	3202.8013	1000.0	1541.035	579.04553	3262.4702	1267.2675	459.7	262.00415	65.460144	318.04932	-25.360268	1.4106395	1.000522	2.7261043	32.03951	-11.63319	-264.60098	0.09847733	0.0006955806	0.09945013	0.09737247	0.0012532063	0.8823958	0.7665827	9.433846	1.1920929e-06
38	38999	3842.227599143982	2155.64	1086.434	3242.0737	1069.2059	660.5	3296.9492	5.047125	3307.8909	3289.622	1000.0	265.86462	65.93537	320.41928	-30.029425	1.3450395	0.9808773	2.7173948	31.035603	-11.217989	-268.36465	0.097339705	0.0008978714	0.09926324	0.096316785	-0.044376537	0.8758563	0.7656386	9.299615	5.863607e-06
39	39999	4032.8546195030212	2254.0405	0.0	2254.0405	2254.0405	672.0	3232.3853	1.7712624	3235.4106	3228.4636	1000.0	267.7834	66.26878	322.12164	-26.9638	1.5696325	1.0049626	2.7278874	32.757935	-10.113178	-270.28598	0.09733817	0.0003833459	0.09810066	0.09650461	0.011629478	0.88277805	0.77068824	10.101552	1.5497208e-06
40	40999	4130.81124997139	1607.4977	843.9765	2794.0376	902.2596	486.66666	3160.5093	1.6887469	3162.6575	3157.9998	1000.0	256.19672	63.02264	314.70993	-37.35102	1.9763129	1.0081853	2.7605836	33.03856	-11.439865	-258.58585	0.10095812	0.0022681423	0.10447349	0.09717652	0.019489434	0.9090441	0.7956319	13.036505	1.1324883e-06
41	41999	4229.275915145874	3176.8564	0.0	3176.8564	3176.8564	1000.0	3164.0283	1.0304558	3166.3171	3162.6262	1000.0	263.34668	65.737305	318.7566	-44.68777	1.437744	0.9821947	2.7364564	35.012363	-12.9126005	-265.7008	0.097530454	0.00084769307	0.09864247	0.09556198	-0.041492626	0.88969547	0.7768444	9.894944	9.536743e-07
42	42999	4327.302898645401	3173.9517	0.0	3173.9517	3173.9517	1000.0	3139.7156	0.9282901	3141.1123	3138.1016	1000.0	267.88022	65.44642	320.94852	-26.13194	1.2887886	0.9909768	2.7016523	34.183136	-10.988779	-270.25037	0.094235666	0.00048253735	0.09577362	0.093579546	-0.021157585	0.87253946	0.76506275	12.306502	1.3187528e-06
43	43999	4424.9702689647675	1848.9966	481.15503	2330.1516	1367.8416	551.5	3114.417	1.2909582	3117.1738	3112.77	1000.0	270.75497	64.660866	323.48132	-33.510258	1.2769248	0.9876131	2.7368746	41.234596	-11.181435	-273.07672	0.093120165	0.000814623	0.09464056	0.091799356	-0.029258262	0.87485516	0.77450573	13.911471	7.301569e-07
44	44999	4613.012865781784	3196.1687	0.0	3196.1687	3196.1687	1000.0	795.86505	2.8591063	799.5701	790.6211	257.4	272.25482	64.77346	322.93927	-34.89416	1.33089	0.98662776	2.7440367	40.21595	-11.38733	-274.53775	0.09293199	0.0009206919	0.09410223	0.09075299	-0.03182949	0.88113165	0.775142	12.883497	2.9802322e-08
45	45999	4711.170990943909	1130.958	355.37198	1619.5581	784.74457	352.0	3257.9873	1.0562792	3259.3184	3256.2004	1000.0	261.84912	62.433586	318.0797	-42.933167	2.175275	1.0687432	2.7680128	35.893948	-12.544684	-264.0468	0.095345065	0.0010500833	0.096804775	0.09082141	0.16331038	0.8996357	0.79290783	11.547304	1.4305115e-06
46	46999	4808.880977392197	1661.3265	0.0	1661.3265	1661.3265	495.0	3235.4155	2.1185784	3239.0623	3231.1897	1000.0	268.5645	64.86992	323.21017	-25.878456	1.5198171	1.0344907	2.6950927	33.07733	-11.1091	-270.80856	0.09930674	0.0008437863	0.1007476	0.09682054	0.07990287	0.8854367	0.7794085	11.168508	3.606081e-06
47	47999	4905.65380692482	2076.3203	1134.8508	3211.1711	941.4695	639.0	1388.1753	122.5321	1671.2103	1272.7472	411.8	272.70383	64.87248	325.0158	-24.601995	1.536725	0.9860816	2.6984372	32.9551	-11.108708	-274.914	0.1011519	0.0011345551	0.10273528	0.098702244	-0.0320057	0.88183796	0.7740048	10.382641	2.0861626e-07
48	48999	5002.943832159042	1330.3463	0.0	1330.3463	1330.3463	392.0	3199.2737	4.1347446	3206.7615	3193.4788	1000.0	273.8698	64.81793	325.0625	-26.164831	1.4267068	0.98046154	2.7289488	33.90941	-14.932802	-275.98627	0.09632841	0.001109426	0.0987947	0.0946927	-0.04542039	0.87839854	0.77676886	11.933292	2.9802322e-07
49	49999	5193.711308002472	3167.2974	0.0	3167.2974	3167.2974	1000.0	3224.595	5.162355	3232.954	3215.6316	1000.0	275.2517	64.319115	325.80878	-38.592613	1.2976191	0.96881884	2.718638	33.035316	-11.8649025	-277.29953	0.093509756	0.0010055256	0.09594247	0.09154652	-0.073748186	0.8717665	0.77334255	12.056165	4.61936e-06
50	50999	5291.415146827698	3187.2615	0.0	3187.2615	3187.2615	1000.0	3231.5278	1.7180386	3233.262	3227.3145	1000.0	261.9941	60.934933	318.9445	-30.90064	1.7816582	1.0621533	2.7248425	34.813995	-11.858834	-264.00183	0.09838844	0.0017995401	0.10022646	0.091558024	0.14777662	0.9049043	0.7975492	12.955132	1.0356307e-06
51	51999	5388.353168487549	2702.6685	454.88123	3157.5496	2247.787	834.5	3199.2737	0.99683386	3201.5967	3197.4866	1000.0	272.8226	62.15577	323.25647	-23.968737	1.2825083	0.8980424	2.7228165	34.07186	-10.611087	-274.80966	0.08986463	0.0028624786	0.09493917	0.085599035	-0.24506055	0.8713632	0.7697287	10.769951	1.2256205e-06
52	52999	5486.857425451279	3230.0417	0.0	3230.0417	3230.0417	1000.0	3264.8027	3.9289536	3272.273	3260.607	1000.0	277.25177	62.925377	326.6119	-26.616858	1.2242974	0.9804693	2.7486079	34.78508	-10.788507	-279.25958	0.083657905	0.00063028507	0.08560528	0.082934365	-0.048150707	0.8691272	0.77415293	11.909277	6.1020255e-06
53	53999	5584.520962238312	3258.4275	0.0	3258.4275	3258.4275	1000.0	3220.747	1.37791	3223.2783	3218.6646	1000.0	279.66418	62.732574	326.98288	-25.571327	1.1835512	1.0046525	2.7521532	35.89085	-12.469216	-281.6039	0.08406399	0.00042746935	0.084871545	0.08346437	0.011567272	0.869021	0.7787539	12.151346	3.5762787e-07
54	54999	5772.797113418579	3261.292	0.0	3261.292	3261.292	1000.0	2.711046	0.21622305	2.9797297	2.227557	18.1	281.83496	62.32149	328.44043	-18.068876	1.113439	0.9610004	2.7648137	38.02404	-12.220116	-283.73312	0.08141442	0.0017810721	0.08447842	0.07865429	-0.09750939	0.8664231	0.77455705	10.575871	3.1292439e-06
55	55999	5870.008470773697	1303.3102	0.0	1303.3102	1303.3102	380.0	3259.2856	2.2403903	3263.5261	3256.589	1000.0	269.70044	59.834576	321.05533	-21.200647	1.7848971	1.099299	2.8230114	35.05098	-11.398287	-271.5172	0.08611324	0.0014026035	0.087655224	0.079412356	0.24902152	0.9036055	0.8138859	14.605225	2.7269125e-06
56	56999	5967.459770441055	3234.6272	0.0	3234.6272	3234.6272	1000.0	3279.2434	2.397187	3283.4429	3276.7542	1000.0	279.0619	61.81566	327.27356	-29.336662	1.2131697	0.9586568	2.7616038	35.59844	-9.906337	-280.97568	0.08270593	0.0010876729	0.08431819	0.0809443	-0.103038065	0.86657923	0.7813326	13.034649	5.9604645e-08
57	57999	6065.651263475418	3284.1096	0.0	3284.1096	3284.1096	1000.0	3255.9998	4.898356	3263.4897	3245.9966	1000.0	284.21365	60.87898	330.1919	-35.11349	1.1698282	0.9863353	2.7475078	34.334576	-14.451561	-286.08502	0.079514295	0.00061697175	0.08094261	0.07867638	-0.034415454	0.86920893	0.78152025	13.313551	5.9604645e-07
58	58999	6163.77225279808	3279.805	0.0	3279.805	3279.805	1000.0	3271.275	1.3153354	3272.7998	3268.7222	1000.0	286.78442	61.018787	333.35345	-26.728151	1.1303769	0.9852428	2.7323642	35.155594	-14.570517	-288.63907	0.07821428	0.0006063266	0.07976079	0.07756295	-0.037422456	0.8641616	0.77286977	11.534858	1.5199184e-06
59	59999	6355.97519493103	2770.9333	0.0	2770.9333	2770.9333	812.0	2858.5388	694.4895	3318.2332	926.092	868.5	287.25604	61.72338	333.59906	-27.278152	1.1904022	1.0106833	2.759716	34.388092	-11.834379	-289.04248	0.07854543	0.00027571313	0.07939464	0.07807994	0.027221328	0.8648323	0.7810124	13.151648	3.412366e-06
60	60999	6453.926946878433	1682.6621	1595.8497	3278.512	86.812325	521.0	3224.688	6.419436	3238.7234	3217.003	1000.0	272.7429	59.31399	326.65225	-54.97539	1.8291018	1.1316487	2.7209675	34.36286	-12.462534	-274.486	0.085950024	0.001229607	0.08686833	0.079331286	0.32852113	0.89064854	0.79796344	14.463108	8.34465e-07
61	61999	6549.497018814087	3223.1284	0.0	3223.1284	3223.1284	960.0	1065.5603	23.642847	1104.1167	1030.5084	318.7	282.97604	61.109753	329.56918	-86.35543	1.326101	0.98771095	2.646251	33.350185	-10.521065	-284.7495	0.086664	0.00047093813	0.08723598	0.085388236	-0.03010631	0.87062067	0.7791996	13.02735	9.872019e-07
62	62999	6647.12847328186	1903.3307	991.7792	3289.6257	1025.5793	576.0	3247.147	3.286274	3251.196	3242.0286	1000.0	286.36194	61.86587	332.27325	-28.51406	1.2188388	1.0070965	2.6629372	35.204773	-12.425417	-288.07626	0.085233	0.00036048985	0.086287454	0.08471889	0.017483318	0.8691863	0.7806808	15.567617	5.9604645e-07
63	63999	6743.826884269714	2017.9071	0.0	2017.9071	2017.9071	605.0	3242.4219	4.964416	3251.0535	3237.5337	1000.0	286.4552	62.95557	332.47992	-41.06675	1.3077565	1.0018169	2.658883	33.772533	-10.352158	-288.15662	0.08560204	0.0005196907	0.08655434	0.08482999	0.0045019663	0.8630068	0.7736679	13.703554	3.0398369e-06
64	64999	6934.654888391495	2364.0386	304.2561	2668.2947	2059.7825	705.0	1449.4436	1408.1025	3235.9463	292.866	487.9	286.85385	62.987328	332.60526	-57.33053	1.4481204	1.0020082	2.684841	34.963455	-14.598282	-288.55917	0.08719307	0.0003926704	0.0878415	0.08653775	0.0049746465	0.86398923	0.78001237	16.739504	3.5762787e-07
65	65999	7033.078730583191	1191.7651	230.9563	1517.7424	1011.0182	361.0	3273.4238	5.373523	3279.378	3262.4634	1000.0	272.14627	60.429565	323.78882	-36.931496	1.9873989	1.0269138	2.704361	34.68977	-13.688159	-273.75354	0.09186006	0.0018742534	0.09455993	0.08677232	0.066005476	0.8846858	0.79382116	14.319596	1.9669533e-06
66	66999	7128.346825838089	3294.754	0.0	3294.754	3294.754	1000.0	1167.462	31.61679	1226.9812	1135.6271	347.1	281.65216	61.192173	328.23227	-27.798317	1.4559573	0.9195355	2.6991787	34.09168	-10.579936	-283.30356	0.08403711	0.0021039925	0.088124715	0.080758266	-0.19878471	0.8431386	0.76927567	18.317135	5.364418e-07
67	67999	7226.752226352692	1007.0701	92.88558	1074.3811	875.72375	301.66666	3257.6353	1.8524648	3260.8306	3253.7554	1000.0	285.08878	62.1197	330.8596	-25.910536	1.4675719	0.99733007	2.7398949	35.1342	-12.417364	-286.71762	0.08000226	0.00032239206	0.0807507	0.07934551	-0.00666844	0.84653574	0.77498	11.80981	3.33786e-06
68	68999	7322.770053386688	2006.4373	0.0	2006.4373	2006.4373	582.0	3301.4214	7.8528495	3320.5227	3290.7454	1000.0	286.44302	62.06537	332.03244	-25.639221	1.3350884	0.9955928	2.7478938	33.9439	-9.960682	-288.12497	0.080778725	0.00042231244	0.08163992	0.07995751	-0.011052012	0.8399538	0.7747962	13.162782	6.556511e-07
69	69999	7516.007035732269	3267.9546	0.0	3267.9546	3267.9546	1000.0	3261.48	1.4084876	3263.7876	3259.0195	1000.0	287.91968	61.589645	332.24142	-22.930258	1.250529	0.97841996	2.7723196	35.905365	-9.995875	-289.51324	0.0791277	0.0009428079	0.080488466	0.07729975	-0.05480656	0.8457345	0.7738607	12.513161	2.9206276e-06
70	70999	7613.642542362213	2328.3564	964.21344	3292.5698	1364.143	698.0	3296.1738	3.0990593	3302.3926	3291.6438	1000.0	278.15674	59.468094	326.49136	-25.024725	1.4645718	0.96462154	2.7502103	35.69892	-11.417528	-279.70105	0.07829451	0.002393215	0.082058914	0.07445874	-0.09073	0.85612535	0.78242683	14.729381	1.66893e-06
71	71999	7711.820426702499	3300.7437	0.0	3300.7437	3300.7437	1000.0	3278.8066	1.9041106	3282.1323	3275.1736	1000.0	286.2419	60.27029	330.29834	-31.567064	1.3363384	0.953115	2.7356744	35.17511	-14.052663	-287.8026	0.07119193	0.0013536548	0.07444563	0.06972586	-0.12303266	0.83504736	0.763287	13.170149	5.699694e-07
72	72999	7809.5848178863525	2249.7883	0.0	2249.7883	2249.7883	666.0	3298.3333	4.40374	3302.4685	3287.5583	1000.0	289.39664	60.763126	332.72165	-29.220053	1.2129245	1.0278032	2.7812164	35.48789	-12.202376	-290.99142	0.07246112	0.0009296822	0.07370864	0.070339546	0.07332382	0.8437832	0.77757496	15.840836	1.1175871e-06
73	73999	7908.505252122879	2424.105	0.0	2424.105	2424.105	716.0	3282.1367	4.1158805	3288.6045	3274.4106	1000.0	290.2263	61.284397	334.1817	-24.82683	1.1904275	1.0014241	2.7334657	34.84301	-10.520889	-291.73975	0.07339871	0.00026896974	0.07406319	0.07303446	0.0037704648	0.8366838	0.77123	13.966292	1.642853e-06
74	74999	8100.309456348419	2622.3938	665.9431	3288.337	1956.4507	790.0	1099.8168	25.33724	1162.2754	1073.276	324.2	291.24396	60.354565	334.53745	-26.005243	1.331281	0.9880222	2.7464337	34.87268	-10.903923	-292.76688	0.07333705	0.0010002546	0.07476263	0.07167762	-0.03130526	0.83733934	0.77226794	22.48906	5.9604645e-07
75	75999	8198.55566072464	2163.3254	1180.0072	3343.3325	983.31824	649.0	3293.5964	1.497918	3295.6729	3290.6245	1000.0	280.9775	58.800426	330.05823	-27.168991	2.209705	1.0868667	2.7313929	35.130573	-13.021044	-282.47424	0.07721105	0.00093036745	0.07830044	0.07187513	0.22644007	0.8641133	0.7940764	19.188072	1.3113022e-06
76	76999	8297.33125591278	3280.4521	0.0	3280.4521	3280.4521	1000.0	3283.0586	1.9951911	3285.5771	3278.0876	1000.0	287.8959	59.80145	331.87344	-41.992115	1.3626057	0.97330374	2.7332237	36.97638	-10.905032	-289.4123	0.07518301	0.0005088579	0.076645166	0.074507825	-0.06887201	0.84301406	0.77203095	21.775837	1.4011748e-06
77	77999	8394.961283445358	3289.228	0.0	3289.228	3289.228	1000.0	3307.5754	1.6908463	3310.3323	3304.963	1000.0	290.94846	59.173294	333.61783	-46.85993	1.3203616	0.98177266	2.718679	36.13958	-11.616068	-292.45053	0.07387847	0.00045415416	0.07452312	0.07256839	-0.047516145	0.8431066	0.77493113	20.04994	5.364418e-07
78	78999	8493.499173879623	1000.2046	0.0	1000.2046	1000.2046	292.0	3303.179	1.311262	3304.8738	3301.2937	1000.0	292.3755	59.368053	334.6325	-25.588531	1.2975405	0.95578367	2.7422683	35.895523	-11.9847975	-293.82758	0.06985292	0.0014668923	0.07259877	0.06796364	-0.11733218	0.84004647	0.7781918	34.821686	2.9802322e-08
79	79999	8686.421594381332	3336.9194	0.0	3336.9194	3336.9194	1000.0	3254.2632	1.2944168	3256.3225	3251.204	1000.0	292.87518	59.985146	335.75378	-45.765892	1.4177184	1.0127572	2.7413888	36.463814	-11.532468	-294.3505	0.06888095	0.00041307852	0.06940586	0.06786613	0.034246888	0.84275556	0.78143305	34.782707	4.5597553e-06
80	80999	8783.377559900284	3340.0715	0.0	3340.0715	3340.0715	1000.0	2355.5894	557.8566	3379.4443	1429.201	679.7	282.06622	57.825893	329.5053	-62.259617	1.7539289	1.0798316	2.7460246	40.138103	-11.22156	-283.493	0.07491513	0.0011320292	0.07619804	0.06923422	0.21134676	0.8659878	0.791706	23.632042	3.33786e-06
81	81999	8881.308263540268	2965.5898	0.0	2965.5898	2965.5898	863.0	2102.2908	1499.8251	3342.5564	263.34442	655.9	290.57977	58.524185	334.10452	-50.07089	1.2723085	0.9274755	2.7376328	38.13924	-11.166294	-292.04974	0.07055912	0.001573616	0.07323437	0.06782569	-0.19223174	0.8388648	0.76866645	26.994804	2.6226044e-06
82	82999	8981.028401613235	1885.1107	1041.3187	3356.344	1093.6237	567.0	3348.5786	6.773638	3356.4385	3334.5881	1000.0	293.58774	59.139484	335.05984	-44.745457	1.3735278	0.9804476	2.7329607	37.64372	-12.425367	-294.96368	0.06641869	0.0004854453	0.06781751	0.06572492	-0.05281681	0.8401994	0.77879965	28.792368	3.5762787e-06
83	83999	9079.051167011261	1384.4525	0.0	1384.4525	1384.4525	422.0	3267.0698	0.69907725	3268.1433	3266.134	1000.0	293.69476	59.722225	336.08694	-33.351208	1.2951367	1.019512	2.7064266	36.773933	-11.305032	-295.06482	0.066957265	0.0006077148	0.068203814	0.06598892	0.052797403	0.83150333	0.7780109	41.14243	1.1250377e-06
84	84999	9266.904909133911	3300.5068	0.0	3300.5068	3300.5068	1000.0	261.78607	1.6932535	264.43637	258.30072	109.3	293.58716	59.92497	336.0885	-41.65288	1.4408495	1.002555	2.7312	38.859783	-10.214187	-294.94415	0.0684306	0.0002903302	0.0688752	0.067861564	0.0069174473	0.82943463	0.7775193	24.524906	7.1525574e-07
85	85999	9365.231446504593	2284.2043	1156.7559	3440.9602	1127.4486	663.0	3275.8594	0.95029104	3277.3499	3273.8428	1000.0	282.37192	57.81352	328.31085	-33.787983	1.625669	1.0746152	2.750819	35.355705	-9.612901	-283.7067	0.072516635	0.00071172183	0.07347318	0.06827481	0.19884945	0.861958	0.80481225	46.042107	1.6987324e-06
86	86999	9462.478984832764	3285.6458	0.0	3285.6458	3285.6458	1000.0	3291.4517	0.782412	3292.4602	3290.381	1000.0	290.0217	58.913258	333.59097	-51.123386	1.3445476	0.9799469	2.6995866	36.33763	-12.2348995	-291.28467	0.07159845	0.00059038	0.07228633	0.070390515	-0.052854016	0.83873147	0.781592	27.99024	3.0696392e-06
87	87999	9560.307309150696	3318.6707	0.0	3318.6707	3318.6707	1000.0	3287.407	3.381908	3292.5757	3281.8577	1000.0	293.40103	58.464127	333.59164	-49.526836	1.336865	0.970274	2.6775458	37.76838	-11.078299	-294.73004	0.070119016	0.00085083384	0.07104327	0.06787051	-0.079313144	0.83827806	0.7774757	29.95304	2.9802322e-07
88	88999	9658.935744524002	3313.491	0.0	3313.491	3313.491	1000.0	3319.6401	6.3276772	3330.7751	3308.7715	1000.0	294.71188	58.890015	335.465	-28.272852	1.3243347	0.98302644	2.6804543	39.35798	-11.262823	-296.09515	0.06667506	0.000549707	0.06786241	0.065807894	-0.04582866	0.8389087	0.7757931	35.054	9.536743e-07
89	89999	9850.409727573395	1909.3656	929.12463	2838.4902	980.2409	561.0	3332.9263	6.9063287	3347.3948	3325.9814	1000.0	295.7769	58.839363	336.61963	-30.254673	1.2281178	1.0024362	2.6975036	40.027996	-10.455688	-297.1025	0.0658265	0.00030605865	0.066369176	0.06545624	0.0066550015	0.8312403	0.7690235	28.552647	1.7881393e-07
90	90999	9948.412588119507	1571.4781	324.74927	1896.2274	1246.7289	455.5	3337.0105	1.7071942	3340.6223	3334.7363	1000.0	287.48288	58.214592	331.2473	-42.2454	1.4352927	0.9992642	2.677428	37.358532	-10.508572	-288.77838	0.06744734	0.0010185966	0.069244646	0.066196956	-0.0016679459	0.84542	0.7828282	27.337872	2.8908253e-06
91	91999	10047.058089256287	3329.4597	0.0	3329.4597	3329.4597	1000.0	3342.9702	4.1414695	3348.3325	3336.583	1000.0	292.95682	58.48894	335.30273	-22.10758	1.3648298	1.0148922	2.6873536	37.05422	-10.522728	-294.2012	0.06703891	0.00055918103	0.06779337	0.06601572	0.040336363	0.83188623	0.77481294	31.409931	1.7657876e-06
92	92999	10145.477009296417	3305.0974	0.0	3305.0974	3305.0974	1000.0	3329.638	7.95466	3345.8337	3318.1165	1000.0	295.2284	59.029186	335.86652	-26.759972	1.4336497	0.9704158	2.7044706	38.030952	-11.811843	-296.51993	0.06652191	0.0007530692	0.06781563	0.06474674	-0.08027435	0.8378713	0.777754	30.654266	4.7683716e-06
93	93999	10243.753246307373	3328.3198	0.0	3328.3198	3328.3198	1000.0	3335.1484	2.4397829	3339.5671	3330.9424	1000.0	296.96014	58.28533	338.4615	-33.33208	1.2428768	0.9688066	2.6855898	37.81507	-13.002548	-298.21048	0.06315164	0.00095851475	0.064731404	0.06148633	-0.086132556	0.8389012	0.77442664	31.39175	1.4901161e-08
94	94999	10435.792555093765	3339.9727	0.0	3339.9727	3339.9727	1000.0	3289.399	1.8689454	3292.0579	3285.6064	1000.0	298.35278	58.422516	338.36224	-23.175365	1.2593683	1.0021867	2.7866461	38.281967	-10.511082	-299.58093	0.0617162	0.00021343566	0.06210115	0.061192233	0.006149645	0.8503028	0.7930466	31.296413	4.0233135e-07
95	95999	10533.456348657608	2299.8123	0.0	2299.8123	2299.8123	666.0	3347.1216	8.947716	3365.6255	3334.1482	1000.0	287.83878	57.308792	330.0824	-36.936974	1.6620837	1.0369604	2.7447336	36.692543	-11.127726	-289.01065	0.065252975	0.0009890607	0.066364005	0.061771367	0.10271155	0.86388403	0.79845923	28.053095	2.3841858e-06
96	96999	10631.430919647217	3470.9163	0.0	3470.9163	3470.9163	997.0	3320.0305	2.48754	3324.4036	3317.1077	1000.0	294.4401	58.434464	334.75143	-21.315195	1.26673	0.9834222	2.7303007	37.12744	-13.352524	-295.65875	0.06317831	0.0005476095	0.06390656	0.062341757	-0.045730677	0.8422433	0.78940433	24.627111	1.2516975e-06
97	97999	10729.639056682587	3319.1565	0.0	3319.1565	3319.1565	1000.0	3358.8079	2.3128643	3362.9202	3354.3486	1000.0	297.46872	58.593025	337.1514	-31.590654	1.1006426	0.9795998	2.6833332	35.889877	-11.036023	-298.6837	0.060881894	0.0007104799	0.062492028	0.059855945	-0.056804627	0.83343214	0.77434725	27.694456	2.8312206e-07
98	98999	10828.82211446762	3354.7412	0.0	3354.7412	3354.7412	1000.0	3359.5442	2.3773935	3363.8281	3356.1301	1000.0	299.45566	57.848488	339.019	-31.666208	1.2117784	0.98222196	2.7024207	36.42241	-9.762852	-300.66763	0.060523517	0.00052547676	0.061425596	0.059058137	-0.04998096	0.837274	0.7758026	34.22263	1.2852252e-06
99	99999	11023.816069364548	3360.8145	0.0	3360.8145	3360.8145	1000.0	3297.7441	1.8181131	3302.7908	3296.4106	1000.0	300.7319	57.955322	338.49393	-34.11568	1.16132	0.9832946	2.7253504	38.744907	-9.595663	-301.9664	0.058177523	0.0005271609	0.05905425	0.0570929	-0.047413766	0.8303603	0.7708896	39.130222	9.3877316e-07
