Epoch	TotalEnvInteracts	Time	AverageEpRet	StdEpRet	MaxEpRet	MinEpRet	EpLen	AverageTestEpRet	StdTestEpRet	MaxTestEpRet	MinTestEpRet	TestEpLen	AverageQ1Vals	StdQ1Vals	MaxQ1Vals	MinQ1Vals	LossQ1	AverageLogPi	StdLogPi	MaxLogPi	MinLogPi	LossPi	AverageAlpha	StdAlpha	MaxAlpha	MinAlpha	LossAlpha	AveragePreTanh	StdPreTanh	MaxPreTanh	MinPreTanh
0	999	0.9664685726165771	20.943867	23.54933	115.327065	4.116121	23.209303	10.958243	0.05253558	11.016289	10.82735	13.0	0.0	0.0	0.0	0.0	0.0	0.0	0.0	0.0	0.0	0.0	0.0	0.0	0.0	0.0	0.0	0.0	0.0	0.0	0.0
1	1999	1.2642874717712402	22.335522	23.96433	124.374176	3.452838	23.714285	10.958243	0.05253558	11.016289	10.82735	13.0	0.0	0.0	0.0	0.0	0.0	0.0	0.0	0.0	0.0	0.0	0.0	0.0	0.0	0.0	0.0	0.0	0.0	0.0	0.0
2	2999	1.586059808731079	15.133925	9.13861	52.619244	6.126275	19.96	10.9518385	0.061200615	11.089569	10.882144	13.0	0.0	0.0	0.0	0.0	0.0	0.0	0.0	0.0	0.0	0.0	0.0	0.0	0.0	0.0	0.0	0.0	0.0	0.0	0.0
3	3999	1.9465241432189941	18.134651	18.61323	116.574425	6.395498	22.044445	10.919092	0.056191996	11.043153	10.848746	13.0	0.0	0.0	0.0	0.0	0.0	0.0	0.0	0.0	0.0	0.0	0.0	0.0	0.0	0.0	0.0	0.0	0.0	0.0	0.0
4	4999	2.352713108062744	18.294903	20.980427	151.20201	6.8408637	20.645834	10.9239025	0.05741941	11.003867	10.83349	13.0	0.0	0.0	0.0	0.0	0.0	0.0	0.0	0.0	0.0	0.0	0.0	0.0	0.0	0.0	0.0	0.0	0.0	0.0	0.0
5	5999	90.75548148155212	173.77052	100.72082	351.1055	24.468658	90.0	311.80737	4.822432	319.91956	300.89297	125.8	91.06759	52.32566	178.31761	-19.149136	7.8715334	-0.75294906	1.8939227	19.035118	-10.454847	-97.41716	0.8834621	0.06264315	0.99970007	0.77796566	-0.19969617	0.84523803	0.62750804	5.5539227	2.026558e-06
6	6999	178.9688949584961	245.55319	39.895504	321.45398	200.62973	116.25	385.19873	1.8314058	388.12674	382.15753	204.5	178.4074	53.544308	223.66753	-35.79162	11.5788355	-0.3626114	2.4334133	27.99614	-9.847595	-187.71793	0.68496895	0.05152318	0.7777663	0.6000987	-0.5143955	0.87678355	0.67769295	7.506942	1.7881393e-07
7	7999	271.34079480171204	292.5009	100.61129	468.55023	156.52847	167.33333	359.52435	1.0376383	360.62985	357.20993	268.4	182.98726	52.993885	221.49127	-33.76635	8.251238	-0.28463894	2.6453283	30.712206	-11.34779	-191.41565	0.5260448	0.041714944	0.59994775	0.4548993	-0.83162147	0.87666136	0.69693565	7.923585	1.3560057e-06
8	8999	362.4545524120331	313.0486	13.542957	338.77292	289.5866	137.5	474.92	2.2729535	478.8514	471.06918	296.7	166.65086	50.920883	205.94409	-34.449924	4.366911	-0.33122492	2.594034	31.950813	-9.456411	-173.45906	0.3944352	0.033337105	0.45476916	0.3385189	-1.2448809	0.8622784	0.6876691	7.9359283	3.874302e-07
9	9999	457.99513006210327	318.2201	49.30684	386.4808	230.34111	156.33333	375.57718	2.3326526	378.33664	370.67975	201.7	149.7913	45.59218	189.66338	-28.07053	2.4186816	-0.36723807	2.5846007	31.665764	-10.629402	-155.28459	0.29213774	0.02549191	0.33840945	0.25060886	-1.6869714	0.8465561	0.67961144	8.831991	1.0728836e-06
10	10999	553.4244699478149	309.25195	8.271076	317.4035	294.89584	128.375	286.26886	1.3246365	288.30707	283.72888	125.2	140.23404	43.016346	173.11372	-23.16767	1.8971416	-0.23101489	2.6417637	32.890224	-10.471917	-144.95497	0.21853292	0.017429164	0.25053668	0.18988976	-1.8722593	0.85790104	0.6877184	8.897663	9.536743e-07
11	11999	644.0025775432587	318.30978	6.8887706	325.8203	307.29813	130.57143	348.27084	2.918844	354.54633	344.87543	138.6	135.75974	41.63124	167.72652	-18.163519	1.3892004	-0.06649997	2.688837	33.599	-11.850587	-139.89821	0.16657665	0.012558409	0.18983904	0.1462812	-1.9081295	0.8664723	0.69390893	9.821503	8.940697e-07
12	12999	735.1595251560211	345.2425	10.371334	361.671	325.34177	135.5	366.1962	1.763145	368.61514	362.56482	140.2	135.68994	41.28858	168.58273	-17.589172	1.3748304	0.2562235	2.8681946	35.46936	-12.040061	-139.55579	0.1312565	0.00825757	0.14624977	0.117879905	-1.5070066	0.9014169	0.7289424	10.103682	2.3841858e-07
13	13999	828.141880273819	343.4079	43.41535	378.5707	240.55127	136.28572	364.98322	1.9441454	367.1942	360.99335	138.4	139.39952	42.134514	174.43213	-45.7136	1.3792808	0.49513236	2.9193504	36.48014	-11.183338	-143.0889	0.107862055	0.005978943	0.11785824	0.09730279	-1.1257974	0.91071343	0.74584275	11.371216	3.516674e-06
14	14999	918.0138602256775	374.61963	5.582081	383.27264	365.3374	141.71428	360.9164	1.4502267	362.23422	357.6939	138.5	143.95824	43.787785	181.80832	-28.49054	1.2526758	0.7536689	2.9990845	38.606396	-9.972818	-147.57433	0.09081207	0.003176222	0.0972874	0.08632184	-0.58788663	0.92797786	0.763005	12.563528	3.6135316e-07
15	15999	1011.1356859207153	386.79123	12.665511	403.6948	368.47238	143.42857	404.36722	0.8341513	406.1874	403.7046	149.2	147.86084	46.412983	187.02895	-60.630383	1.5593026	0.9562454	3.107867	38.112793	-12.669712	-151.33272	0.08440814	0.0011552583	0.086565584	0.08304558	-0.107781135	0.9627567	0.78838694	13.919425	3.1888485e-06
16	16999	1102.4938662052155	399.4543	7.586147	411.72546	385.47186	145.57143	371.6966	1.2030973	373.23596	369.6892	144.4	152.2542	49.00113	198.71419	-73.727806	1.3521284	1.0249783	3.0980513	36.196445	-12.366289	-155.74211	0.08447586	0.0007211838	0.085700095	0.0832176	0.0617623	0.9634012	0.79284716	13.685951	1.4901161e-06
17	17999	1191.6154489517212	393.1372	12.24852	417.31393	378.43512	146.71428	356.1648	1.3801482	358.19803	353.57132	147.7	156.10156	50.785507	200.05603	-73.30616	1.2492224	0.9458371	3.0442183	35.044724	-11.467598	-159.46072	0.08345376	0.0027501152	0.087353095	0.07994573	-0.13447942	0.96218026	0.78356516	12.998278	2.3841858e-07
18	18999	1283.0164909362793	405.47543	6.5823154	413.98636	394.47998	148.57143	381.5375	1.846233	384.98306	377.77444	145.6	153.176	50.41045	195.49864	-66.23718	1.1193082	0.9815336	3.153234	36.876167	-11.278416	-156.37007	0.07984001	0.00096301426	0.08183948	0.07795448	-0.04648832	0.9601902	0.79154843	12.852565	3.2782555e-06
19	19999	1371.8421621322632	415.41116	6.763539	423.4039	405.82452	149.0	198.96432	1.9425486	202.8685	196.86578	91.6	154.57999	51.18082	197.90079	-64.41553	1.0650191	0.93553275	3.1214633	35.918274	-11.618636	-157.60097	0.07597578	0.0019977936	0.07958586	0.07279782	-0.16588965	0.9530717	0.7924144	13.810319	5.1259995e-06
20	20999	1460.608686208725	409.90567	8.076482	418.81506	394.5657	147.42857	372.5788	1.5903126	375.0187	369.73337	143.0	155.208	51.30609	197.30286	-77.94537	0.93171644	0.97678936	3.1119337	36.726486	-11.791543	-158.09427	0.07204305	0.000992569	0.07393655	0.07087149	-0.060921963	0.9485206	0.79093	13.452972	1.2516975e-06
21	21999	1552.2760734558105	418.25684	5.9828253	427.5589	410.45673	149.0	432.98608	1.1919259	434.20834	430.71326	152.7	155.62169	51.703766	197.4722	-73.7432	0.89997935	0.9382456	3.103476	39.776806	-16.630722	-158.37994	0.06866579	0.001474856	0.0716455	0.06577403	-0.1655631	0.9319969	0.79704314	13.85388	3.7364662e-06
22	22999	1644.2032582759857	419.0579	7.930878	433.9571	410.12653	147.57143	417.08	1.620616	420.23233	414.3851	148.8	157.26517	52.111694	200.66904	-70.05914	0.9158648	0.93576896	3.0874689	35.74877	-19.44817	-159.92322	0.06402681	0.0016189291	0.06610245	0.060299158	-0.17745481	0.9270342	0.79176015	12.914477	6.109476e-06
23	23999	1733.6517641544342	425.5503	13.499726	452.71896	409.5807	150.5	447.13168	1.7128187	451.27032	444.9646	156.3	159.68813	53.249443	203.83812	-93.43788	0.9193755	1.0123712	3.1560218	37.918198	-11.576829	-162.37643	0.06203347	0.00059655425	0.06287817	0.060347684	0.034748197	0.9327194	0.802807	14.417561	7.925555e-07
24	24999	1824.619236946106	437.7435	7.361524	452.33997	428.82422	152.0	491.49756	2.1273403	495.72476	488.2685	163.9	159.79478	53.90241	204.05592	-58.02536	0.9421568	1.0330449	3.1348603	36.972496	-10.489453	-162.35371	0.06301848	0.00045267318	0.063788064	0.0612306	0.09178759	0.930251	0.8009711	16.027515	4.142523e-06
25	25999	1916.3960287570953	514.62524	51.53939	577.60516	444.69742	171.5	439.74493	140.59142	504.72562	18.62349	152.6	161.62798	54.749413	206.60265	-49.37407	1.1423184	1.1364652	3.1609042	37.65169	-9.131279	-164.2184	0.06725818	0.0024441956	0.07477537	0.06379804	0.3646697	0.95324016	0.8128788	14.791409	4.7683716e-07
26	26999	2009.4587020874023	480.12646	86.87007	570.93176	323.20746	163.0	154.64505	1.5503181	157.0941	152.55371	78.6	172.34102	62.385475	240.76628	-62.768665	1.7677174	1.3482676	3.2201443	36.29886	-11.341719	-175.17941	0.08878113	0.006955518	0.10056838	0.07480749	0.8506296	0.99943346	0.8659696	20.05674	9.536743e-07
27	27999	2102.403881788254	630.8348	13.287323	645.11285	606.0971	212.8	503.85236	5.359709	511.71906	495.66452	184.6	175.82011	63.43023	236.26877	-116.976585	1.3756882	1.0481147	3.0894325	36.018993	-9.749157	-178.57559	0.104507945	0.0009308814	0.10564681	0.10059185	0.10968555	0.98649424	0.83728254	20.365269	4.7683716e-07
28	28999	2194.587782382965	671.57385	28.508995	713.6	638.26416	217.6	546.6513	2.597965	550.61615	541.5277	182.7	179.20767	64.11656	245.79726	-98.006874	1.3785549	1.0935148	3.0654712	36.532074	-10.178044	-182.02818	0.11145556	0.0032551575	0.1161674	0.1046079	0.20676026	0.9671517	0.8271598	23.060566	0.0
29	29999	2287.4515788555145	679.7007	22.687798	706.0267	650.69476	220.5	698.95294	1.6160907	701.6023	695.74915	224.9	184.99396	67.78264	248.60289	-126.03751	1.336624	1.0308911	3.05692	36.519028	-10.904867	-187.93034	0.11890513	0.0008188886	0.11990908	0.11556267	0.06625791	0.9796236	0.82850546	22.683502	7.748604e-07
30	30999	2380.6005458831787	723.4198	31.17269	772.9305	687.91724	237.0	620.5939	2.87494	625.8839	615.7577	205.7	187.99951	68.064644	253.516	-111.30377	1.5012932	0.987171	2.991224	35.438553	-10.195446	-190.80066	0.12003045	0.0011572134	0.121006295	0.11727373	-0.027311694	0.97465676	0.8201775	21.333729	2.5480986e-06
31	31999	2473.0290143489838	765.7179	14.720296	782.20184	744.4333	246.5	744.6244	15.449964	766.4744	723.55786	236.9	189.24109	68.23781	256.00684	-115.657974	1.3034319	0.97274137	3.005639	35.896023	-10.947842	-192.00381	0.11478301	0.0015162606	0.11840491	0.11317666	-0.058795493	0.9710972	0.82075083	28.61398	7.3313713e-06
32	32999	2569.2728803157806	952.8707	148.77254	1195.756	799.95654	297.75	818.4041	7.121636	830.03827	808.02295	311.9	192.94473	68.80961	264.33292	-92.28848	1.3844051	1.0305703	3.02099	37.09381	-11.444464	-195.61937	0.116074525	0.0007685166	0.11786922	0.11318877	0.06606366	0.9794901	0.8250081	19.267033	1.1920929e-07
33	33999	2666.2389640808105	1272.2688	83.513306	1355.7821	1188.7555	396.0	1319.3268	106.34692	1410.2363	1182.4397	424.7	195.79523	70.208015	268.47516	-113.20083	1.3228499	1.0273007	2.9689689	36.36838	-11.90756	-198.4816	0.120033905	0.0011093788	0.12257804	0.117899805	0.057939567	0.9771857	0.82101005	22.294235	3.2782555e-07
34	34999	2761.1521096229553	1521.8328	620.40497	2142.2378	901.42786	488.0	2258.2517	561.15753	2916.2744	1587.0034	750.1	197.91635	71.34935	272.7086	-129.12662	1.2930762	1.009323	2.91071	33.176556	-10.259509	-200.55821	0.12368779	0.00035745985	0.12422869	0.12247568	0.019564979	0.9672956	0.80783904	18.818068	4.2915344e-06
35	35999	2856.912274122238	1827.5315	944.37085	2771.9023	883.16064	569.0	720.2536	3.6003478	724.5675	712.6033	233.5	201.61162	72.28922	280.1316	-105.56618	1.3352224	1.0296818	2.9490147	33.05918	-10.892151	-204.28232	0.12667085	0.0014618767	0.12984923	0.12409864	0.061364707	0.9695072	0.8121412	22.245445	2.026558e-06
36	36999	2953.7139625549316	3079.6604	0.0	3079.6604	3079.6604	1000.0	2201.044	327.75217	3049.9282	1869.7207	673.2	206.02159	73.58348	288.62988	-87.59351	1.4366208	1.0187203	2.9250247	34.60248	-12.510589	-208.73485	0.13178185	0.0012274819	0.13378425	0.12975232	0.03807415	0.96874183	0.8100155	24.098219	1.1324883e-06
37	37999	3053.2949769496918	2806.246	0.0	2806.246	2806.246	1000.0	2051.9253	139.89658	2290.838	1832.3097	640.8	209.75108	73.82209	289.45895	-128.91873	1.4490818	1.0149755	2.8773963	33.750233	-13.115406	-212.40079	0.13538863	0.00064684596	0.13663477	0.13307825	0.030093065	0.96182823	0.8035547	28.761967	2.2053719e-06
38	38999	3150.5889925956726	1546.4032	0.0	1546.4032	1546.4032	484.0	1017.403	184.99745	1431.5272	875.3696	363.8	212.38284	73.37616	291.0146	-118.57802	1.3831006	0.9902028	2.8333023	32.13105	-10.998956	-214.94058	0.1352782	0.00075757405	0.13680598	0.13399158	-0.019555284	0.9532769	0.7969485	22.820251	1.8179417e-06
39	39999	3247.8039512634277	2116.3242	663.9351	2780.2593	1452.389	671.5	1483.4685	11.781094	1509.9332	1471.8639	456.6	214.27292	73.63373	292.54285	-96.086845	1.3144749	0.9843203	2.8487952	33.529774	-10.71027	-216.77428	0.13199612	0.0014245161	0.13499218	0.13022041	-0.031609986	0.94731796	0.7989367	28.324322	2.9802322e-07
40	40999	3347.091391324997	1984.4496	0.0	1984.4496	1984.4496	607.0	2432.4956	789.5273	2838.123	853.2265	862.7	215.25665	74.08839	295.06573	-84.090675	1.3388529	0.97142756	2.8532188	35.05828	-10.734739	-217.7356	0.12828512	0.0021368382	0.13234055	0.12547867	-0.058612075	0.9435046	0.79822516	29.586224	9.648502e-07
41	41999	3444.5021941661835	2101.8257	404.9098	2506.7356	1696.916	644.0	3199.7207	51.02812	3316.899	3133.4438	1000.0	217.08072	75.02568	297.8738	-74.13838	1.405675	1.0080692	2.834751	33.846107	-11.288576	-219.52332	0.12698112	0.00024397437	0.12745534	0.12550485	0.016751466	0.9459683	0.8006167	30.153004	2.9206276e-06
42	42999	3542.687123298645	3066.9558	0.0	3066.9558	3066.9558	933.0	1902.5198	130.88998	2056.9226	1749.8712	578.0	219.97287	74.88828	300.02863	-78.84612	1.3052129	0.9918078	2.8436859	31.996174	-10.109988	-222.38326	0.12664653	0.0007637691	0.12824543	0.12538125	-0.016902404	0.9442043	0.8000155	27.928596	2.9802322e-08
43	43999	3638.9171216487885	2022.364	101.635925	2124.0	1920.7281	611.5	1219.5261	1.8379651	1223.2275	1216.3905	377.8	221.08846	75.56885	303.57196	-111.196144	1.4262595	0.98819214	2.8210146	34.09254	-10.255451	-223.43788	0.12404573	0.0013957928	0.12630893	0.12225498	-0.024560638	0.9349462	0.79491156	22.718071	2.7641654e-06
44	44999	3736.9242856502533	3071.497	0.0	3071.497	3071.497	1000.0	2938.8477	1.527201	2941.2266	2936.2834	1000.0	224.36435	74.598915	303.9962	-83.24486	1.3070036	1.0053271	2.782662	34.35308	-10.638642	-226.69553	0.123947084	0.00031764136	0.12443655	0.12314462	0.011178289	0.9338971	0.79045683	23.017113	1.7881393e-07
45	45999	3837.101503133774	1649.19	637.9847	2287.1746	1011.2052	495.5	3029.089	1.9135867	3031.561	3025.8274	1000.0	226.26805	74.72834	305.5054	-79.43344	1.3423289	1.006905	2.822244	34.509567	-15.788248	-228.60616	0.12592319	0.00041940008	0.12689468	0.12404614	0.014446444	0.9319137	0.79773283	32.610287	1.1250377e-06
46	46999	3936.5283744335175	2064.025	0.0	2064.025	2064.025	628.0	3241.483	13.037026	3255.6975	3216.2507	1000.0	227.79956	75.39119	307.41888	-82.10217	1.3587111	0.99856704	2.8177211	35.793495	-10.467222	-230.11858	0.12645367	0.00050076615	0.12739018	0.1251672	-0.0029150285	0.92992693	0.7949625	27.82994	3.8649887e-06
47	47999	4035.780795812607	3225.7844	0.0	3225.7844	3225.7844	1000.0	1456.9385	75.12732	1546.3093	1376.8936	440.0	230.08528	75.686905	308.5736	-105.62547	1.2942381	0.9985948	2.8248868	36.94265	-13.500278	-232.37148	0.12544964	0.00056916167	0.12659806	0.12441128	-0.0028575067	0.9230818	0.79078954	25.68869	2.0116568e-07
48	48999	4135.980434417725	2888.6873	0.0	2888.6873	2888.6873	855.0	3101.991	1.2304044	3104.4978	3100.1746	1000.0	232.28683	75.659225	309.91812	-120.56386	1.2399764	1.0021371	2.848002	33.13571	-11.884205	-234.51869	0.12603074	0.00057541823	0.12721263	0.12498	0.004485035	0.9255636	0.7959905	25.310856	2.413988e-06
49	49999	4235.833650827408	3216.6887	0.0	3216.6887	3216.6887	1000.0	3260.5715	6.162738	3274.0571	3253.6138	1000.0	235.21494	75.74086	312.13525	-95.95326	1.2815638	0.99327374	2.8231788	34.12278	-13.565426	-237.4013	0.12536341	0.001204668	0.12749738	0.12369508	-0.013940379	0.9204697	0.79492253	26.36879	8.6426735e-07
50	50999	4333.897745609283	2984.8772	0.0	2984.8772	2984.8772	903.0	3205.565	2.3871868	3209.682	3201.1584	1000.0	237.34218	76.63934	313.91086	-102.52169	1.3611963	1.0013283	2.8332815	33.28181	-10.405727	-239.53877	0.12500173	0.00043471975	0.12559636	0.123958096	0.00281783	0.9226863	0.7965414	27.694708	2.3841858e-07
51	51999	4433.604596376419	3270.7122	0.0	3270.7122	3270.7122	1000.0	3122.809	1.3099903	3125.184	3121.1511	1000.0	239.75603	76.444786	314.86578	-119.14411	1.228266	0.9950262	2.848887	34.746445	-10.944427	-241.86319	0.12342287	0.0005425851	0.12475268	0.12252095	-0.0103461845	0.92316604	0.7986201	31.612099	1.6391277e-06
52	52999	4530.629059314728	2316.1143	901.07086	3217.185	1415.0433	708.0	1578.726	55.864944	1643.1876	1496.1841	472.4	241.14157	76.898224	316.009	-130.45981	1.1686734	0.9883601	2.8215575	34.071186	-10.889896	-243.25429	0.12244414	0.0007700819	0.12395886	0.121077225	-0.024420364	0.91761583	0.79208094	29.046894	2.2649765e-06
53	53999	4631.631722688675	3250.4739	0.0	3250.4739	3250.4739	1000.0	3287.5005	5.9797573	3298.4258	3277.7798	1000.0	242.21497	76.5523	317.2622	-118.314674	1.1459138	0.99246234	2.8209193	34.092564	-11.108916	-244.2465	0.1212074	0.0005368458	0.12182699	0.11964786	-0.015910542	0.91757935	0.7917506	28.677654	1.7285347e-06
54	54999	4731.986623287201	3225.3962	0.0	3225.3962	3225.3962	1000.0	3293.7273	1.7451817	3296.2507	3290.4226	1000.0	244.58957	76.15341	318.14505	-158.29512	1.1135515	0.9977973	2.8228257	32.10975	-13.304296	-246.58167	0.11989755	0.00039395428	0.120732814	0.118915394	-0.004608038	0.91820705	0.79579234	33.01943	1.7672777e-05
55	55999	4827.081241130829	3258.53	0.0	3258.53	3258.53	1000.0	1223.1879	48.254616	1273.866	1156.3228	353.7	246.00728	76.81714	319.76678	-137.18596	1.3010019	0.9937892	2.8422966	34.85395	-11.562787	-247.99467	0.11951046	0.00080346264	0.12108401	0.11773031	-0.0131640695	0.91946167	0.79436064	27.9957	5.9604645e-07
56	56999	4924.9545912742615	3214.5593	0.0	3214.5593	3214.5593	1000.0	3200.6584	1.9202464	3203.7725	3197.7402	1000.0	247.76678	76.12212	320.30783	-93.828156	1.1927341	0.99285156	2.8487504	35.18062	-9.916705	-249.79854	0.118066706	0.0005247226	0.11887333	0.11676287	-0.015260252	0.91673046	0.7971177	28.302784	2.1606684e-07
57	57999	5022.449919939041	3262.3557	0.0	3262.3557	3262.3557	1000.0	2756.746	579.9836	3241.8708	1994.58	847.2	249.9747	76.44896	322.62308	-116.88794	1.2820332	0.98772806	2.8080156	33.389557	-13.319619	-251.96106	0.11680254	0.0009510001	0.11839116	0.1145964	-0.026389968	0.90896744	0.7960949	31.404753	5.066395e-07
58	58999	5119.568253517151	3238.4705	0.0	3238.4705	3238.4705	1000.0	3178.0547	2.038663	3182.2317	3175.3875	1000.0	251.97064	76.3736	323.19144	-140.90413	1.1925077	0.9908842	2.7979355	33.72742	-9.780172	-253.92322	0.115015805	0.0011565457	0.11669176	0.112632364	-0.019740732	0.90903986	0.79051113	26.454613	1.4007092e-06
59	59999	5221.912194728851	3265.8005	0.0	3265.8005	3265.8005	1000.0	3295.018	1.6808442	3297.644	3292.3347	1000.0	253.89342	76.20984	324.64258	-110.26319	1.5594137	0.99643546	2.8309155	33.092728	-13.84133	-255.78276	0.11302463	0.00055935164	0.11402986	0.1119749	-0.007717338	0.9133811	0.7885265	29.42529	4.917383e-07
60	60999	5318.031252384186	3272.8486	0.0	3272.8486	3272.8486	1000.0	2117.19	474.77853	3145.6736	1719.8928	628.6	255.08112	76.509155	325.4326	-45.38794	1.2642715	0.99488825	2.8123295	32.256973	-12.170458	-256.99088	0.112907395	0.0006526555	0.114015505	0.111336134	-0.011136832	0.9116521	0.79375654	27.072952	4.4107437e-06
61	61999	5419.410449028015	3235.6882	0.0	3235.6882	3235.6882	1000.0	2044.574	540.34424	3349.1277	1516.5925	607.3	257.25314	76.112144	328.0768	-38.12293	1.1550118	0.9923665	2.8390253	31.519161	-11.174495	-259.13425	0.11118493	0.0006672994	0.11239772	0.10984134	-0.01671683	0.90901375	0.7953448	32.0897	9.0152025e-07
62	62999	5519.3873109817505	3231.2427	0.0	3231.2427	3231.2427	1000.0	2727.3867	673.62146	3346.5757	1475.7363	825.8	258.8195	76.097595	328.12503	-33.888172	1.0930136	0.9842412	2.8069866	30.39429	-10.130912	-260.6541	0.10891394	0.0013170153	0.11117666	0.10722593	-0.034892563	0.91104686	0.79167217	33.54756	2.592802e-06
63	63999	5617.852856397629	3227.6038	0.0	3227.6038	3227.6038	1000.0	3255.6736	2.4745476	3259.57	3252.3794	1000.0	260.30563	75.703636	329.4546	-63.121197	1.0600495	0.98951024	2.8504252	33.16104	-9.80852	-262.12897	0.10707245	0.0010444855	0.108932436	0.10557147	-0.023430165	0.9148881	0.8035992	28.854702	1.5720725e-06
64	64999	5718.903117656708	3242.0107	0.0	3242.0107	3242.0107	1000.0	3312.091	5.926099	3321.8088	3300.214	1000.0	261.88156	75.397095	329.57162	-47.540718	1.1609437	0.98545045	2.8744898	33.92829	-11.922474	-263.6827	0.104944035	0.0009862015	0.10669148	0.10332226	-0.03279454	0.9097586	0.7955945	27.401733	3.9776787e-06
65	65999	5820.080773115158	3268.5388	0.0	3268.5388	3268.5388	1000.0	1934.8704	219.40726	2258.8079	1594.34	569.6	263.07913	75.670204	330.39856	-32.805298	1.023871	0.99397033	2.8690004	34.688637	-12.728096	-264.8378	0.10379649	0.0007789895	0.10489724	0.1022925	-0.01366328	0.9145533	0.7997906	30.570091	9.536743e-07
66	66999	5917.956099271774	1817.1444	309.1129	2126.2573	1508.0315	535.0	3285.9453	1.9833753	3289.6472	3283.1904	1000.0	263.02042	75.681145	331.55707	-29.55019	1.2995721	1.0267264	2.8705103	32.001343	-13.683222	-264.77905	0.10513002	0.00087889837	0.10667859	0.10233314	0.060458932	0.91961604	0.7996748	26.017973	1.7881393e-07
67	67999	6018.698674440384	3246.9863	0.0	3246.9863	3246.9863	1000.0	3248.1042	1.8223131	3252.3704	3245.8352	1000.0	262.63837	75.87335	331.9519	-44.86382	1.0539038	1.0100322	2.849731	32.60056	-10.748125	-264.3526	0.10783087	0.0004956857	0.108635575	0.10662234	0.022451943	0.921912	0.79695535	26.529655	5.751848e-06
68	68999	6119.410301685333	3234.3066	0.0	3234.3066	3234.3066	1000.0	3273.974	2.752212	3278.59	3269.8237	1000.0	264.1625	75.03853	331.517	-63.56026	1.2268004	0.97786236	2.8252149	32.340546	-10.276498	-265.91107	0.106701925	0.0014144181	0.10894249	0.10461566	-0.049546897	0.92048305	0.7951004	33.911785	1.8812716e-06
69	69999	6216.89665722847	3224.706	0.0	3224.706	3224.706	1000.0	168.74417	1.5429817	170.72278	166.08868	81.2	265.24222	74.76372	332.38037	-33.93588	1.2320293	0.973152	2.827724	34.45179	-10.661383	-266.893	0.10352503	0.0016568975	0.105597354	0.100086555	-0.06108905	0.9188611	0.80192035	28.870329	1.6316772e-06
70	70999	6318.648036956787	3228.6628	0.0	3228.6628	3228.6628	1000.0	3268.5308	2.059287	3272.0002	3265.712	1000.0	266.14536	74.44882	332.48843	-54.547913	1.1081887	0.98284477	2.8213828	32.172203	-10.283417	-267.81906	0.09925903	0.0009275965	0.100959964	0.09772431	-0.03960942	0.92025733	0.7996513	29.459545	1.6521662e-06
71	71999	6416.146616220474	3266.2012	0.0	3266.2012	3266.2012	1000.0	171.26907	1.6570559	174.64693	169.45088	81.7	266.7297	74.6444	332.8963	-59.84033	1.1185768	0.9948606	2.8240912	32.876987	-10.24179	-268.3765	0.097298875	0.00042966186	0.098503664	0.09654667	-0.011904138	0.91349953	0.79613405	26.131554	8.940697e-07
72	72999	6515.579161167145	3220.4062	0.0	3220.4062	3220.4062	1000.0	3252.5085	2.4543586	3257.7808	3249.5562	1000.0	268.24963	73.94371	335.0673	-32.08501	0.9922384	0.988321	2.8517494	30.896198	-10.729223	-269.92496	0.09675288	0.0008239449	0.0982873	0.095076874	-0.027305424	0.91667515	0.792996	23.417948	9.536743e-07
73	73999	6609.682806253433	1712.7124	0.0	1712.7124	1712.7124	508.0	3297.9739	2.4318438	3301.4668	3293.076	1000.0	269.07056	73.370766	333.26572	-39.30614	1.0803576	0.9872671	2.8680024	35.73896	-10.779785	-270.65714	0.094522804	0.0007649058	0.09610163	0.093442254	-0.03000587	0.9181969	0.8037164	27.382923	1.1920929e-07
74	74999	6702.76793050766	3297.743	0.0	3297.743	3297.743	1000.0	3280.8833	19.171682	3307.6846	3253.3652	1000.0	269.5447	73.75263	334.06018	-29.787815	1.0010372	1.0032656	2.8361752	30.388676	-11.091241	-271.1369	0.09365837	0.0005497735	0.09454257	0.09259162	0.0078037214	0.9234652	0.79481906	25.427708	1.66893e-06
75	75999	6798.248603820801	3276.2085	0.0	3276.2085	3276.2085	1000.0	3299.5854	5.330558	3307.582	3290.8972	1000.0	270.61826	73.31443	335.17566	-37.88559	0.9982944	1.0107249	2.8369212	33.799606	-12.212512	-272.20908	0.095149115	0.00047422881	0.095935814	0.09382359	0.025362356	0.92696077	0.8035061	26.219107	5.606562e-06
76	76999	6892.152854681015	3287.0413	0.0	3287.0413	3287.0413	1000.0	3290.6433	5.336382	3297.5544	3279.0198	1000.0	272.2706	73.53354	336.25717	-28.028404	0.97443384	0.9711438	2.8178356	30.988209	-10.974111	-273.848	0.093699865	0.0012363797	0.09612656	0.09130439	-0.068384685	0.9127836	0.79258716	27.236298	2.9802322e-07
77	77999	6987.363019227982	3383.9634	0.0	3383.9634	3383.9634	1000.0	3263.2446	8.782304	3279.1567	3248.0918	1000.0	272.84656	73.280174	336.82117	-27.145369	1.1547804	1.0140963	2.8299575	32.99649	-10.785259	-274.403	0.092812054	0.0004586343	0.09367022	0.091301024	0.03365735	0.9119512	0.7957536	29.47792	6.556511e-07
78	78999	7084.855587482452	3281.3745	0.0	3281.3745	3281.3745	1000.0	3274.2363	4.348875	3280.83	3267.997	1000.0	272.69968	72.844475	337.1912	-29.330824	1.0383435	1.0245124	2.8418436	31.740654	-12.700911	-274.22168	0.09530156	0.0009129364	0.096827425	0.093105346	0.05778237	0.9174446	0.79925364	41.138985	0.0
79	79999	7178.707293987274	3287.627	0.0	3287.627	3287.627	1000.0	3318.989	6.2267604	3331.8357	3311.1963	1000.0	274.04062	72.172264	338.40344	-24.980976	0.9928728	0.9890873	2.8497477	32.655838	-12.721807	-275.55002	0.096765585	0.0008041081	0.09770027	0.094981894	-0.025506962	0.9209834	0.7980486	30.507069	3.8146973e-06
80	80999	7272.86773109436	3320.177	0.0	3320.177	3320.177	1000.0	177.65512	0.89905673	179.99324	176.90811	83.1	275.0063	72.142265	338.47543	-52.74621	0.9688995	0.9830389	2.8222716	32.443367	-10.119387	-276.50674	0.09382089	0.0010769245	0.09603564	0.09249615	-0.040064335	0.9133002	0.7882191	29.183365	2.6226044e-06
81	81999	7373.066915988922	2913.508	389.6875	3303.1956	2523.8206	875.0	3255.3726	5.9401717	3263.2698	3243.4238	1000.0	275.27676	73.00046	339.57867	-58.561096	0.9641552	0.993314	2.8435915	31.61592	-11.007716	-276.7837	0.093488455	0.00070612767	0.09429803	0.09162945	-0.015880357	0.91417503	0.796654	36.940544	1.0300428e-06
82	82999	7472.9466733932495	3288.9646	0.0	3288.9646	3288.9646	1000.0	3363.6597	2.6477764	3368.2134	3357.9585	1000.0	275.727	73.36702	340.06314	-54.073105	0.97117746	0.99553466	2.8247907	29.859095	-10.85387	-277.15433	0.09083703	0.0005769823	0.09219032	0.08980591	-0.010623278	0.9104419	0.7880367	24.690184	5.9604645e-08
83	83999	7575.525417566299	319.26468	0.0	319.26468	319.26468	137.0	3331.726	15.392481	3353.989	3306.6008	1000.0	276.3454	73.62884	340.4779	-40.13913	1.4724995	1.0179043	2.8359103	32.10297	-11.401914	-277.7763	0.09364277	0.0010324543	0.095178254	0.09112142	0.042741805	0.91696405	0.80027217	43.213737	5.364418e-07
84	84999	7677.524466991425	3300.2256	0.0	3300.2256	3300.2256	1000.0	3346.5046	3.1468756	3349.9487	3340.4797	1000.0	277.53177	72.93166	341.98898	-30.449411	1.2933433	0.94302064	2.78762	30.446869	-10.3862915	-278.9271	0.08986281	0.0026206865	0.09400717	0.08560561	-0.13739981	0.91172	0.78057694	26.202562	5.9604645e-08
85	85999	7776.2170317173	3335.4177	0.0	3335.4177	3335.4177	1000.0	3351.0332	7.7237353	3360.281	3334.3152	1000.0	278.95486	73.37119	343.35025	-65.80703	1.3461446	0.99853265	2.866252	31.222313	-10.757843	-280.37918	0.08623243	0.0006450747	0.08727077	0.08515527	-0.0035230694	0.9121176	0.7976775	42.353905	1.4305115e-06
86	86999	7875.696022987366	3326.7278	0.0	3326.7278	3326.7278	1000.0	2486.8188	981.5632	3302.105	1242.2167	753.8	280.27576	72.843376	343.21432	-51.47734	1.0180719	0.9883749	2.8273122	33.632103	-11.983444	-281.62662	0.08588661	0.0009457552	0.08707226	0.083859086	-0.02862406	0.9069816	0.78978235	36.52426	1.7881393e-07
87	87999	7976.164933681488	3288.5466	0.0	3288.5466	3288.5466	1000.0	3223.5027	2.0853088	3227.1506	3220.9248	1000.0	280.16174	72.78977	344.0338	-26.114878	1.1408924	0.99584466	2.8466547	30.52829	-10.823509	-281.57675	0.08413634	0.0004780243	0.08510988	0.08317833	-0.010247034	0.90544635	0.79411805	36.293198	7.450581e-09
88	88999	8074.412699222565	3333.066	0.0	3333.066	3333.066	1000.0	3308.3237	8.868819	3318.324	3292.2537	1000.0	281.42633	72.127846	343.8809	-51.3619	1.3352753	0.9930937	2.8272192	30.99319	-10.340136	-282.86606	0.0839565	0.00079211505	0.08511195	0.082467616	-0.017113743	0.9096769	0.7874737	34.836483	6.9569796e-07
89	89999	8172.03169965744	3233.3555	78.944214	3312.2996	3154.4111	951.5	3341.0806	7.9778557	3354.4312	3331.4167	1000.0	282.8588	71.85253	344.2971	-18.779276	0.9946909	1.0012194	2.8186	29.530685	-11.296247	-284.24463	0.083070666	0.0002853524	0.08370807	0.08248488	0.0031067734	0.90465	0.78035134	28.291618	3.2782555e-07
90	90999	8266.02450966835	1740.5154	645.84906	2386.3645	1094.6664	506.5	2338.2063	809.06256	3334.6514	1064.503	700.6	282.8583	72.15137	344.0593	-30.254747	1.3592932	1.0055846	2.8440874	33.09815	-9.978009	-284.23688	0.08346361	0.0007124126	0.08479859	0.08254033	0.013966178	0.90277815	0.7909456	24.315403	1.7881393e-07
91	91999	8364.459787130356	2967.25	0.0	2967.25	2967.25	854.0	3343.3062	6.5952735	3353.9675	3335.221	1000.0	281.75223	72.24649	344.6548	-31.93806	1.5230229	1.0270468	2.8462377	39.0583	-10.058148	-283.04425	0.08348021	0.0010543982	0.08660675	0.0824168	0.06679903	0.90075195	0.78607047	35.443443	2.8014183e-06
92	92999	8463.079913854599	1906.1871	0.0	1906.1871	1906.1871	550.0	3254.2368	3.2890513	3261.2236	3249.01	1000.0	282.00113	72.33707	344.8321	-45.740746	1.0891502	0.9883069	2.8433056	35.211853	-13.9611025	-283.3575	0.08633077	0.00067212223	0.08773993	0.08518	-0.028615424	0.90510666	0.7878953	26.31813	2.8312206e-06
93	93999	8562.88171839714	3328.8413	0.0	3328.8413	3328.8413	1000.0	3355.4336	10.647911	3376.2852	3339.4844	1000.0	282.48026	72.0806	344.74814	-29.87886	1.096748	1.0079879	2.8166938	28.390438	-9.758201	-283.7822	0.08608958	0.00036053802	0.08675418	0.08524265	0.019687599	0.9136041	0.79162204	28.898653	4.391186e-07
94	94999	8661.906656742096	3351.6658	0.0	3351.6658	3351.6658	1000.0	3168.023	2.430823	3171.67	3163.9539	1000.0	282.90158	71.46968	344.90103	-38.55396	1.1359444	0.97990084	2.846351	31.656612	-12.296377	-284.1685	0.085422896	0.0010172547	0.08671556	0.08361721	-0.04952082	0.90818983	0.79790103	32.700836	7.748604e-07
95	95999	8761.981127977371	3285.0273	0.0	3285.0273	3285.0273	1000.0	3342.6519	2.170209	3347.811	3339.5593	1000.0	283.96274	71.436905	344.43466	-60.469753	1.0537418	0.9791061	2.885205	29.906643	-12.171808	-285.24835	0.0832687	0.0012234262	0.08478943	0.08103471	-0.052098647	0.91393906	0.8037209	30.247692	1.6093254e-06
96	96999	8861.871696710587	3116.8542	0.0	3116.8542	3116.8542	957.0	3328.3481	7.844017	3342.003	3314.71	1000.0	284.25696	70.94395	345.30078	-69.28846	1.1486154	1.0108215	2.8854566	31.214005	-10.750721	-285.52792	0.08179656	0.00034894055	0.08246946	0.08103583	0.027176319	0.9086867	0.7994453	32.64393	1.0542572e-06
97	97999	8962.55225777626	2397.4858	912.3424	3309.8281	1485.1433	736.5	3297.4868	3.2448714	3304.58	3292.6746	1000.0	283.70566	70.571686	345.5561	-38.746605	2.1335092	1.0575581	2.8083556	31.933271	-12.966353	-285.00793	0.08628897	0.0019160927	0.0896244	0.08238979	0.14141628	0.90049016	0.7876771	29.378014	3.9599836e-06
98	98999	9060.400777339935	3341.7854	0.0	3341.7854	3341.7854	1000.0	1667.2992	172.62433	1983.773	1413.4236	477.6	283.352	70.40445	346.84793	-77.868324	2.3138537	1.0320407	2.8126614	30.944313	-13.79563	-284.63116	0.092319734	0.0008866123	0.09394822	0.08961292	0.076610915	0.9120214	0.7931448	24.972847	1.0915101e-06
99	99999	9162.39083147049	3334.0925	0.0	3334.0925	3334.0925	1000.0	2726.5798	629.20856	3374.486	1757.5721	796.1	284.3095	70.30041	349.36093	-70.39086	1.9993467	0.97996217	2.7682054	31.42884	-10.650102	-285.5985	0.09320182	0.00068942556	0.094358034	0.091200925	-0.047629785	0.90581846	0.7855671	31.47847	1.4901161e-07
