Epoch	TotalEnvInteracts	Time	AverageEpRet	StdEpRet	MaxEpRet	MinEpRet	EpLen	AverageTestEpRet	StdTestEpRet	MaxTestEpRet	MinTestEpRet	TestEpLen	AverageQ1Vals	StdQ1Vals	MaxQ1Vals	MinQ1Vals	LossQ1	AverageLogPi	StdLogPi	MaxLogPi	MinLogPi	LossPi	AverageAlpha	StdAlpha	MaxAlpha	MinAlpha	LossAlpha	AveragePreTanh	StdPreTanh	MaxPreTanh	MinPreTanh
0	999	1.6190054416656494	18.531794	9.892109	51.2227	6.696097	22.83721	47.272575	0.66995394	48.6391	46.31941	50.2	0.0	0.0	0.0	0.0	0.0	0.0	0.0	0.0	0.0	0.0	0.0	0.0	0.0	0.0	0.0	0.0	0.0	0.0	0.0
1	1999	2.001483678817749	20.151817	12.101919	65.203514	6.7891846	24.195122	47.272575	0.66995394	48.6391	46.31941	50.2	0.0	0.0	0.0	0.0	0.0	0.0	0.0	0.0	0.0	0.0	0.0	0.0	0.0	0.0	0.0	0.0	0.0	0.0	0.0
2	2999	2.408735752105713	17.428719	10.798082	63.36147	5.468231	21.723404	47.385536	0.84493065	49.07926	46.138054	50.2	0.0	0.0	0.0	0.0	0.0	0.0	0.0	0.0	0.0	0.0	0.0	0.0	0.0	0.0	0.0	0.0	0.0	0.0	0.0
3	3999	2.8495376110076904	18.014074	11.071851	50.493156	5.792627	20.6875	47.49043	0.9026875	49.102757	46.253006	50.3	0.0	0.0	0.0	0.0	0.0	0.0	0.0	0.0	0.0	0.0	0.0	0.0	0.0	0.0	0.0	0.0	0.0	0.0	0.0
4	4999	3.3370778560638428	20.566559	16.361631	99.95171	5.1732616	23.32558	47.594963	0.88666356	49.293304	45.661358	50.5	0.0	0.0	0.0	0.0	0.0	0.0	0.0	0.0	0.0	0.0	0.0	0.0	0.0	0.0	0.0	0.0	0.0	0.0	0.0
5	5999	105.6597945690155	171.34282	91.81685	294.15506	10.283395	86.90909	254.9364	27.357214	310.36264	238.65561	113.9	95.103096	54.954643	188.35692	-24.370802	6.778077	-0.7418369	1.8667583	14.168635	-10.361078	-101.48861	0.8839411	0.061878767	0.99970007	0.78028613	-0.1953654	0.8401063	0.61403584	4.5140643	3.8146973e-06
6	6999	210.1806263923645	223.01595	85.357025	354.46973	56.87795	109.0	677.08484	1.5954924	679.9534	675.3424	533.2	186.43898	54.343063	228.25932	-27.189484	14.086342	-0.3198174	2.2674882	16.136448	-10.6798	-196.06105	0.6886693	0.051169228	0.78009105	0.60403305	-0.49177578	0.8634175	0.6481303	4.698283	1.7285347e-06
7	7999	316.34056210517883	256.7886	103.187584	440.73666	123.38429	135.28572	1041.5607	0.8045846	1042.8124	1040.2852	1000.0	189.14258	54.382298	227.24452	-32.674957	11.3332815	-0.1897336	2.3647792	19.10984	-12.244879	-197.77612	0.5302363	0.04019859	0.60386366	0.4640027	-0.7534658	0.8422368	0.64822817	5.2815576	1.7150305e-06
8	8999	422.7959043979645	383.5855	30.605783	434.0896	337.55588	201.6	1049.6244	0.83033013	1051.4612	1048.5605	1000.0	178.07036	52.52221	218.97987	-25.248274	6.3589134	-0.076664194	2.3626912	19.477419	-9.733241	-185.29045	0.40714166	0.030844608	0.4638732	0.35548463	-0.9673582	0.8475907	0.6479986	5.5532155	6.7055225e-08
9	9999	526.5411531925201	371.57343	16.685966	393.98563	350.9614	186.8	468.01196	1.587565	470.24857	465.49783	277.7	159.11168	48.174934	207.7469	-25.507448	3.859267	-0.25172964	2.3427496	19.385948	-11.476515	-164.92717	0.3055283	0.028140003	0.35538116	0.25907597	-1.4949758	0.8309408	0.64591146	6.6448097	3.5762787e-07
10	10999	628.9915006160736	327.698	89.78483	435.35727	216.2858	168.28572	225.78154	2.4207075	229.20946	220.11389	96.8	143.57085	41.882317	182.29773	-28.73048	2.3042793	-0.25219464	2.4014308	20.76566	-10.492169	-148.29819	0.223271	0.019584468	0.25898975	0.19181967	-1.8798746	0.8324293	0.6519798	6.1509666	2.8312206e-06
11	11999	732.8233368396759	244.3636	102.00283	355.74243	68.89251	110.22222	514.5297	1.5283015	516.60925	511.9767	331.6	142.29195	43.212807	183.9852	-23.278868	3.0967636	0.16324347	2.471057	21.409882	-11.577999	-146.70181	0.17174557	0.010714927	0.19176695	0.15345907	-1.4715129	0.8745315	0.6770857	7.117241	4.7683716e-07
12	12999	836.2325630187988	352.63547	48.10803	442.68216	303.5324	154.33333	306.63507	0.9263664	307.5184	304.71402	122.8	135.22327	39.928963	173.65237	-45.78901	2.0349305	0.118532114	2.5532784	24.04169	-12.736462	-138.99959	0.13393432	0.010560034	0.15341844	0.117331736	-1.768752	0.85339695	0.6809668	6.703345	1.2814999e-06
13	13999	939.3974123001099	293.98547	41.459953	388.09222	255.02104	122.375	342.59723	5.1869574	349.11392	333.00552	139.6	135.12761	40.744118	172.44495	-20.974112	1.693503	0.5137124	2.6776307	22.92823	-11.290716	-138.76207	0.10593927	0.0053656357	0.117304154	0.09894092	-1.0817199	0.89413613	0.7142638	7.5204997	5.9604645e-08
14	14999	1041.5966687202454	385.00977	34.337612	420.72693	324.21655	154.71428	408.02753	1.2962505	410.0738	405.50327	171.6	137.869	42.03244	176.5316	-20.13627	1.5553374	0.6464306	2.72408	24.993721	-10.152693	-141.27267	0.09051888	0.0048028254	0.09892641	0.083265744	-0.8470127	0.88378835	0.72163326	7.772242	9.3877316e-07
15	15999	1143.3393380641937	368.07632	46.783894	411.29956	284.86087	150.83333	458.44473	1.216244	461.00647	457.46243	180.2	140.9486	43.11694	182.6248	-22.753702	1.7613432	0.89914656	2.8481355	24.612576	-11.168488	-144.38997	0.07939295	0.0018447667	0.08325705	0.07730766	-0.2537075	0.9183441	0.75937676	7.259803	7.1525574e-07
16	16999	1246.527110338211	401.1868	50.15493	494.14835	337.9487	154.85715	220.65462	1.4429846	222.94386	217.64137	128.2	147.03816	46.443283	187.96112	-30.173895	1.7543161	0.99534595	2.8232932	24.75897	-12.560636	-150.41132	0.07787833	0.00037651122	0.07856236	0.07715315	-0.011809141	0.92070085	0.7631597	7.366582	1.4156103e-06
17	17999	1349.4528777599335	346.48233	104.85138	468.48587	214.95929	139.85715	349.8031	80.296974	416.79004	249.03899	142.5	147.89839	45.295258	187.46404	-26.887522	1.7464863	0.9975604	2.8469863	25.108467	-11.048974	-151.17854	0.077798374	0.0004035422	0.07881875	0.07717212	-0.0061574127	0.9188428	0.76874775	7.8929577	3.1888485e-06
18	18999	1452.6434779167175	335.12823	92.17348	475.45474	176.39235	132.14285	448.14618	36.340034	502.7345	404.40637	171.5	151.03035	46.36808	195.85182	-22.326023	2.64928	1.0529974	2.8341854	27.905901	-12.040373	-154.20157	0.08021384	0.0018422493	0.08317654	0.077330664	0.1337345	0.91707176	0.7653841	8.233041	9.179115e-06
19	19999	1555.6928224563599	415.78983	39.042286	463.4333	369.73895	156.28572	479.68164	1.822536	482.4965	476.4621	166.1	152.46434	47.11372	194.94652	-31.358665	1.8809663	1.0085433	2.8463025	24.984104	-11.630617	-155.53334	0.08354187	0.00057586824	0.08456889	0.08258616	0.0212932	0.9100727	0.7569624	8.332417	5.9604645e-07
20	20999	1658.9771163463593	471.9279	14.530144	492.65497	443.89865	165.66667	509.21524	2.9449146	513.88446	504.17282	181.9	153.77452	47.77032	195.47516	-16.027546	1.6454759	0.9969944	2.8644805	26.171448	-9.90792	-156.78354	0.08397168	0.0003706574	0.08486691	0.08344047	-0.0073560067	0.9103539	0.76542765	9.11681	2.8312206e-06
21	21999	1762.6298089027405	449.6677	27.430841	481.37643	397.1642	161.33333	464.49326	0.6886812	466.0759	463.52402	168.1	155.25125	48.53306	199.28613	-18.113083	1.6957566	1.0075485	2.8645604	26.262531	-10.354181	-158.18303	0.08361309	0.0007326869	0.08475966	0.082205914	0.018760066	0.90069336	0.76526356	8.2546215	1.4466787e-06
22	22999	1865.5109622478485	465.04025	49.393173	497.39624	355.6049	160.5	228.70882	1.3517753	230.35881	226.73361	96.6	155.97496	49.235836	198.3343	-40.15148	1.6691089	0.9942876	2.8671932	27.847748	-10.695113	-158.8263	0.08405156	0.00046506594	0.08513618	0.0834271	-0.014025019	0.8978813	0.76052177	7.849241	8.34465e-07
23	23999	1967.577660560608	481.63647	112.55469	550.6311	233.05183	162.16667	243.34212	1.6780865	246.32335	240.70192	98.8	159.02975	49.720432	204.93654	-22.22242	1.6188987	1.0525392	2.8773823	27.716942	-12.184575	-161.80882	0.08587476	0.0020218848	0.090640895	0.08377729	0.12819602	0.9139106	0.7732807	8.8169365	4.4703484e-07
24	24999	2069.6141064167023	545.7938	20.044691	577.3481	522.8076	178.16667	541.7516	1.0868486	543.2408	540.2449	179.7	162.57767	51.63594	209.21207	-17.579714	1.7977301	1.0801619	2.862424	29.134396	-10.493502	-165.40994	0.095832214	0.0026376564	0.100695826	0.090653926	0.18826571	0.9264714	0.78567344	8.861677	0.0
25	25999	2173.043663263321	457.7997	163.19463	581.2489	223.65526	155.66667	520.164	1.8368202	523.0724	517.7066	177.8	164.91359	52.900127	214.31651	-29.979263	2.277667	1.0412796	2.8150203	26.371975	-11.413017	-167.68292	0.103611246	0.0013561135	0.106730536	0.100722834	0.09357528	0.9045691	0.7723139	7.488848	2.4586916e-07
26	26999	2275.5695304870605	590.1593	22.307528	612.2377	548.421	191.0	232.439	1.1712306	234.01807	230.74667	96.5	168.43375	53.922268	220.5026	-24.348278	2.1875587	1.0374826	2.7623217	26.643478	-10.724253	-171.22227	0.10975177	0.001544927	0.11274859	0.10675342	0.08289282	0.8955461	0.7614922	8.084513	1.9222498e-06
27	27999	2377.8437826633453	604.7415	16.634563	626.09344	573.51025	192.16667	533.93835	2.274956	537.81757	530.2221	173.6	172.35553	56.19178	226.54028	-35.939075	1.9465411	1.0355364	2.7110496	27.13693	-11.882774	-175.15594	0.11591696	0.0020631885	0.11901807	0.11272308	0.07668135	0.8822781	0.7489519	7.7904806	4.0233135e-06
28	28999	2481.2669072151184	598.72296	17.60132	613.69604	564.7181	189.4	662.51636	1.774192	665.3908	658.8988	214.3	176.2296	58.63068	232.39468	-30.752792	1.8948361	1.0109718	2.7347715	27.180378	-11.440911	-179.10524	0.11984634	0.00041444358	0.12073408	0.11870886	0.023329731	0.88078904	0.75211626	7.3436785	1.7657876e-06
29	29999	2584.228476047516	625.22516	18.674414	642.9874	600.3776	199.6	590.9742	1.5345513	594.40424	587.7124	189.0	179.62239	59.806145	234.99504	-36.881145	1.8191969	1.0245574	2.7362225	26.62543	-12.207367	-182.4041	0.12380289	0.0015717689	0.12634447	0.12077145	0.05145875	0.8867749	0.75563663	7.237179	1.66893e-06
30	30999	2687.2450082302094	629.8285	18.810266	651.7501	605.469	195.0	604.897	1.7048956	607.1888	602.6001	192.5	180.4243	60.047474	237.03354	-42.92076	1.6882278	0.9824838	2.7040472	25.561794	-14.614349	-183.10323	0.12386992	0.0010949487	0.12574716	0.12218895	-0.036493316	0.8731832	0.7478772	7.8324375	1.8179417e-06
31	31999	2791.0776920318604	671.6613	22.938448	700.9701	641.929	208.4	577.2243	1.2325274	579.2024	575.69916	185.4	183.23235	61.23509	239.32146	-23.45044	1.7789272	1.009298	2.730121	25.455883	-12.366985	-185.94281	0.12250516	0.00074877555	0.12400805	0.121446766	0.019516552	0.8776629	0.7561764	7.089804	1.1026859e-06
32	32999	2893.9299187660217	760.9488	52.727562	812.33154	672.64954	230.25	1067.3232	32.04744	1125.8481	1024.6907	325.5	185.0333	62.513435	243.19893	-25.535072	1.7347696	1.0057918	2.7263145	26.622095	-12.547421	-187.7432	0.12527825	0.00044599373	0.12613739	0.12402902	0.012111609	0.87765545	0.7543647	7.433048	5.811453e-07
33	33999	2996.696176290512	912.4031	84.056404	1040.2406	807.3722	274.5	284.11444	1.3540877	286.4721	282.13394	115.8	186.36174	63.417286	245.70308	-16.543951	1.8252683	1.0177208	2.7217085	25.78227	-13.460556	-189.03903	0.1288197	0.0011508676	0.13011889	0.12532195	0.036631644	0.87656575	0.7549216	7.273983	3.5762787e-07
34	34999	3100.237404823303	864.56323	20.375757	896.97253	842.27435	259.5	888.6992	4.5432696	896.9542	883.2449	266.1	190.26709	64.91548	251.19032	-22.450956	1.9181861	1.0052385	2.7048433	25.960533	-12.667885	-192.92313	0.13030246	0.0006695124	0.13147691	0.12876284	0.010773493	0.8738871	0.7524942	7.3951473	4.3213367e-07
35	35999	3201.0607521533966	1014.4035	109.80856	1169.3835	928.38336	302.66666	637.40326	2.0347764	640.53296	633.79114	200.6	192.53577	66.036934	258.43362	-23.373247	1.7885505	1.00112	2.727787	27.064478	-11.8064575	-195.17165	0.12994821	0.00023882245	0.13039398	0.12943201	0.0023304783	0.8750243	0.755694	7.3728004	9.983778e-07
36	36999	3304.1647090911865	1134.8977	242.04411	1473.2181	920.65405	344.33334	944.61554	2.740652	949.7633	939.812	278.6	195.45865	67.301865	266.42764	-20.915445	1.925691	1.0185764	2.703989	28.69233	-11.19249	-198.08215	0.1321171	0.0010209167	0.13407876	0.12994067	0.037685744	0.8745561	0.75378793	7.895398	3.0398369e-06
37	37999	3409.142366170883	1019.99054	67.61886	1109.839	946.7131	309.0	1101.7981	149.84824	1192.5721	805.8576	330.8	198.62115	68.43585	274.33444	-27.31911	2.0412219	1.0195317	2.7150292	26.102837	-9.761741	-201.26732	0.13602524	0.0010362891	0.13834676	0.13402411	0.038987014	0.8765277	0.75669384	7.6846724	1.8253922e-07
38	38999	3515.351354598999	3022.4192	0.0	3022.4192	3022.4192	1000.0	2876.7388	2.298311	2879.985	2871.2888	1000.0	201.62851	68.779434	274.1992	-19.088173	2.0069258	1.0127351	2.699502	27.079788	-12.265079	-204.22874	0.14101715	0.00082820246	0.14225625	0.13835028	0.025126163	0.88173485	0.75782514	8.112312	1.758337e-06
39	39999	3621.856216430664	2995.2273	0.0	2995.2273	2995.2273	1000.0	2753.136	1.2171897	2755.7249	2751.7595	1000.0	204.44325	69.251976	274.0403	-29.2708	1.8570553	0.999935	2.6865973	26.794165	-11.139678	-207.01686	0.14172986	0.0005776103	0.14267235	0.14050393	-6.744814e-05	0.8854235	0.75999236	8.437702	5.364418e-07
40	40999	3728.539497613907	2922.4055	0.0	2922.4055	2922.4055	1000.0	2819.5942	2.1335034	2823.2651	2815.9497	1000.0	206.71976	69.68028	275.6393	-31.87901	1.9080827	1.0160671	2.6807206	27.346176	-11.19997	-209.27693	0.1422555	0.0011755339	0.14493282	0.14069551	0.031308465	0.8880857	0.76079625	7.617573	1.1920929e-07
41	41999	3833.875517845154	2887.9375	0.0	2887.9375	2887.9375	1000.0	2546.608	601.94916	3035.72	1585.6406	848.1	209.77667	69.17594	277.00662	-28.747555	1.9331241	1.0011518	2.6359353	26.77899	-12.667545	-212.2704	0.14439087	0.00033575308	0.14539604	0.14368328	0.0022698832	0.8864848	0.7586251	7.196587	2.965331e-06
42	42999	3939.2403330802917	2866.6116	0.0	2866.6116	2866.6116	1000.0	2860.9153	0.77258337	2861.8872	2859.5996	1000.0	212.03256	69.84681	278.35397	-19.231182	1.9330237	0.99061835	2.6277056	26.374208	-10.845581	-214.50978	0.14457169	0.00047123394	0.14551844	0.14315347	-0.018116254	0.88233376	0.75810033	9.314694	1.6391277e-06
43	43999	4046.1908564567566	3009.3835	0.0	3009.3835	3009.3835	1000.0	2879.3813	2.0409455	2882.8044	2876.1758	1000.0	213.85959	69.343025	279.68018	-24.425854	1.76134	0.97410464	2.6119153	24.317535	-14.248781	-216.29532	0.14058523	0.0018710779	0.14314538	0.13714772	-0.05083741	0.8758705	0.7504892	7.648084	1.1920929e-07
44	44999	4148.71978020668	1549.2217	0.0	1549.2217	1549.2217	482.0	909.5626	2.2740283	912.8969	905.7145	279.8	215.44894	69.72973	281.95782	-26.80358	1.912438	0.99031335	2.6188745	23.897896	-10.996114	-217.79417	0.1358641	0.0005923516	0.137312	0.1346571	-0.019276004	0.8678518	0.7496515	6.976413	7.1525574e-07
45	45999	4252.371604681015	1247.7684	543.9827	2189.8057	920.318	380.0	935.28925	1.545414	938.3169	932.3169	288.2	216.44728	70.33913	283.3704	-29.67983	1.8460379	1.0210047	2.621054	26.38012	-10.540042	-218.78447	0.13655014	0.0012473697	0.13956216	0.13491985	0.041766025	0.8661889	0.7492955	9.351224	2.9429793e-07
46	46999	4358.73824596405	973.3449	52.15303	1047.1	936.25287	295.66666	2446.6028	859.56946	3158.6921	1379.5182	766.9	217.63701	71.0272	284.1499	-24.852873	2.023099	0.9867318	2.5930727	26.200668	-12.791194	-219.91966	0.1386641	0.0014308412	0.1411414	0.13641962	-0.026201876	0.86331534	0.747343	7.3722706	5.9604645e-08
47	47999	4463.288269519806	1266.9938	194.17355	1421.1533	993.1116	377.33334	1248.8152	35.567684	1323.6498	1224.1019	370.9	219.32567	70.71146	285.89667	-33.781345	1.9481728	0.9893759	2.6165679	25.802109	-12.3261595	-221.59071	0.13348661	0.001273043	0.13662851	0.13181397	-0.02118158	0.8603475	0.7456464	8.008805	2.0898879e-06
48	48999	4570.052301645279	3174.6882	0.0	3174.6882	3174.6882	1000.0	3103.5815	1.1140069	3105.5168	3102.2324	1000.0	221.52594	70.90549	287.38046	-27.934753	1.9426095	0.96959734	2.6136558	24.967289	-10.751318	-223.76106	0.13152741	0.0023057978	0.13514933	0.12783311	-0.061710633	0.851121	0.7428207	8.788807	1.5795231e-06
49	49999	4674.564373254776	2110.1985	0.0	2110.1985	2110.1985	628.0	3083.09	4.715066	3090.5532	3071.1772	1000.0	222.96678	70.87791	289.33972	-34.38951	1.7105762	0.991723	2.6260538	27.970383	-10.322533	-225.1445	0.12809616	0.0010687606	0.12955245	0.12548353	-0.017014205	0.85283005	0.7461229	8.862247	1.8030405e-06
50	50999	4779.785222053528	3221.783	0.0	3221.783	3221.783	1000.0	3186.434	1.5120945	3188.6155	3184.0046	1000.0	225.39621	70.783134	292.69473	-32.95587	1.8072549	0.99514383	2.6184185	27.335815	-12.144796	-227.57385	0.12523726	0.00046328994	0.12631151	0.12467709	-0.01003086	0.85313755	0.74805796	8.070885	2.5909394e-06
51	51999	4884.357500553131	3208.0015	0.0	3208.0015	3208.0015	1000.0	2051.563	448.9266	3319.5479	1720.0083	607.4	228.10864	71.07429	296.28638	-25.233	1.7961533	1.0151575	2.6249354	27.93255	-10.611842	-230.28612	0.12689261	0.0010451729	0.12881897	0.12505282	0.031370986	0.84977514	0.7476584	8.019608	5.364418e-07
52	52999	4987.523643255234	3253.877	0.0	3253.877	3253.877	1000.0	1665.3967	472.5628	2626.6326	1216.1616	493.8	230.21123	71.82644	300.0261	-21.017511	1.6928099	1.0116638	2.610031	27.41465	-11.137118	-232.30077	0.12971526	0.000494562	0.1307443	0.12831327	0.023911724	0.84833026	0.7500178	7.5000577	9.536743e-07
53	53999	5090.843164205551	2186.9863	1034.7372	3221.7234	1152.249	669.5	556.2169	3.0740635	561.3037	550.9859	195.4	232.4129	72.08545	302.7836	-34.48959	1.7808392	1.0000035	2.5967627	26.549507	-11.891613	-234.51276	0.1307007	0.00036487135	0.1317065	0.13007306	6.6264154e-05	0.843566	0.74551284	7.8541765	2.2277236e-06
54	54999	5196.043944358826	3251.391	0.0	3251.391	3251.391	1000.0	2905.0325	493.95752	3209.0073	1706.3727	914.2	234.68361	72.28737	306.20886	-43.73296	1.7800077	0.98131555	2.583855	27.856068	-12.144777	-236.74	0.1288685	0.0012240887	0.13083893	0.12658387	-0.03826156	0.8367214	0.743849	8.200779	5.066395e-07
55	55999	5301.648152589798	3230.336	0.0	3230.336	3230.336	1000.0	2904.773	457.36765	3209.4006	1974.9658	918.7	236.786	72.52338	306.67105	-24.26719	1.7761515	1.0097567	2.5911622	28.800049	-12.682766	-238.83424	0.12823781	0.0007205824	0.12963136	0.12660816	0.020145603	0.8415238	0.7480752	8.029271	0.0
56	56999	5408.183876514435	3224.7622	0.0	3224.7622	3224.7622	1000.0	3164.3123	1.372396	3166.3613	3162.5015	1000.0	237.63004	72.6098	307.34375	-30.822918	1.7155144	1.0041168	2.5666354	27.06064	-11.131131	-239.72975	0.12994058	0.0004643529	0.13082275	0.12861474	0.008475074	0.8402135	0.7470646	8.051557	8.791685e-07
57	57999	5513.429942369461	3207.6257	0.0	3207.6257	3207.6257	1000.0	2622.7336	668.5101	3199.3992	1061.0884	825.1	239.70695	72.456024	308.47824	-24.931692	1.6542801	0.9857171	2.5737193	29.40113	-9.905096	-241.74922	0.12804073	0.0013862294	0.1305392	0.12607636	-0.029287353	0.8376875	0.7453028	8.662314	3.695488e-06
58	58999	5617.155402421951	3229.6035	0.0	3229.6035	3229.6035	1000.0	1167.2952	347.3284	1730.221	793.0204	370.5	241.31572	72.5927	310.18112	-19.223326	1.6869178	0.9788338	2.5596247	25.65865	-12.782349	-243.34875	0.12433526	0.0011754007	0.12662052	0.121965416	-0.04408184	0.8318078	0.7416794	8.5319805	4.5374036e-06
59	59999	5721.66840338707	3232.7253	0.0	3232.7253	3232.7253	1000.0	2586.0283	558.3563	3194.1384	1766.2328	812.7	243.39996	73.40594	312.146	-22.63754	1.5593779	0.9961481	2.5637753	26.33274	-10.436327	-245.37424	0.12154431	0.000583932	0.12323543	0.12080062	-0.008054502	0.8274947	0.74267465	8.451883	1.9669533e-06
60	60999	5827.05139374733	3222.7915	0.0	3222.7915	3222.7915	1000.0	3257.7676	1.4995697	3259.69	3254.5867	1000.0	245.20161	73.40266	314.56082	-26.607927	1.6231809	0.9831158	2.5800436	25.3468	-12.266883	-247.16138	0.12065954	0.0013786136	0.12278554	0.117908716	-0.035795037	0.8259836	0.74246705	7.495797	3.2782555e-07
61	61999	5930.504992485046	3255.8433	0.0	3255.8433	3255.8433	1000.0	789.95593	151.47006	934.75745	549.0096	251.9	246.74655	73.422874	313.9508	-22.504044	1.5850567	0.9934251	2.5653858	27.812668	-11.729277	-248.63936	0.118841805	0.0013406868	0.12077738	0.11610116	-0.014019457	0.81948644	0.738918	8.218112	7.748604e-07
62	62999	6035.662560224533	3209.2532	0.0	3209.2532	3209.2532	1000.0	2276.243	601.9731	3110.3303	1547.058	715.9	247.05736	73.3442	314.1216	-18.031935	1.5589784	1.0039319	2.579721	27.12739	-9.984827	-248.9871	0.11777888	0.00032732412	0.11831701	0.11656004	0.008495569	0.8267	0.74381024	7.7064204	2.3841858e-07
63	63999	6139.127202510834	3225.33	0.0	3225.33	3225.33	1000.0	543.4895	2.0366032	546.499	539.9323	192.5	248.85046	73.12007	315.3269	-24.569536	1.4549539	0.9860705	2.5740705	26.642061	-11.305327	-250.71382	0.11605967	0.0011298303	0.11812774	0.1143503	-0.029952096	0.8232326	0.742831	8.0519	2.3841858e-07
64	64999	6242.316760063171	3232.006	0.0	3232.006	3232.006	1000.0	777.86096	8.491427	787.4895	763.1314	259.4	250.25537	73.42088	316.5689	-25.991344	1.7317275	0.9960999	2.5778313	25.745152	-11.579754	-252.17131	0.114979185	0.0007770284	0.11612528	0.113488205	-0.008403406	0.8174316	0.73898953	7.34397	1.989305e-06
65	65999	6349.180829286575	3245.4304	0.0	3245.4304	3245.4304	1000.0	3095.4116	239.64256	3231.1052	2467.7266	960.7	251.58583	73.02217	316.44543	-25.404276	1.4432942	0.9834928	2.5703673	24.602386	-10.46434	-253.37886	0.112452164	0.0010093151	0.11435979	0.11052699	-0.036050376	0.81705755	0.7396483	6.957857	1.0430813e-07
66	66999	6453.048838853836	3239.1904	0.0	3239.1904	3239.1904	1000.0	1001.9998	15.63893	1034.8461	984.772	326.1	252.98738	73.23301	317.53604	-45.384037	1.4204085	0.98463535	2.5955353	24.280796	-11.129613	-254.79005	0.109508514	0.0010220299	0.11101655	0.10751579	-0.03396888	0.8187532	0.7408049	7.7792497	9.723008e-07
67	67999	6560.082093954086	2041.5273	0.0	2041.5273	2041.5273	630.0	3219.0754	0.600725	3219.8042	3218.191	1000.0	254.26424	73.692894	318.04446	-24.967964	2.0086493	1.0095581	2.589264	25.019638	-11.962199	-256.11285	0.107165925	0.0009526205	0.109584525	0.10562072	0.021302983	0.8123196	0.7400055	8.183591	2.0340085e-06
68	68999	6667.087832212448	3359.1877	0.0	3359.1877	3359.1877	1000.0	2949.1958	289.24655	3253.0085	2433.1204	910.9	254.7437	73.26174	317.54602	-37.235638	1.82679	1.0326499	2.53943	27.50112	-13.109285	-256.5181	0.11388428	0.0014844576	0.115644395	0.10952547	0.071475774	0.81252086	0.7351859	7.516138	7.748604e-07
69	69999	6773.301697731018	3229.8127	0.0	3229.8127	3229.8127	1000.0	3162.8472	1.4215032	3166.1545	3161.4138	1000.0	254.69106	72.98334	318.80334	-26.031713	1.6892141	0.9981089	2.51755	25.720192	-11.293885	-256.46323	0.11510167	0.00055115414	0.11617263	0.1143301	-0.0040319567	0.8038393	0.73202294	8.07155	3.6880374e-07
70	70999	6879.916169166565	2972.1387	0.0	2972.1387	2972.1387	890.0	3242.2808	1.6483309	3245.1191	3239.066	1000.0	254.99854	72.40729	317.70126	-21.159826	1.6510851	0.9907803	2.5193205	26.910751	-13.753395	-256.68155	0.1149237	0.00064860686	0.11596572	0.11318521	-0.019958977	0.8029725	0.734598	7.5024586	1.937151e-07
71	71999	6983.203262329102	3211.857	0.0	3211.857	3211.857	1000.0	1209.6755	4.8302546	1216.2899	1199.3125	359.0	255.74387	72.56445	317.88345	-47.00738	1.8143945	0.97516656	2.5139458	30.071339	-12.130278	-257.47345	0.111993834	0.0014016298	0.11377606	0.10840724	-0.054575723	0.8039304	0.7313048	10.469631	6.2584877e-07
72	72999	7089.109092950821	3186.5513	0.0	3186.5513	3186.5513	1000.0	3274.9639	2.3689976	3277.814	3270.149	1000.0	256.63605	72.41988	318.00238	-25.131935	1.5651124	0.98709875	2.5449595	27.223894	-11.178452	-258.29724	0.10823857	0.0010534594	0.10983184	0.10601897	-0.028707134	0.80795807	0.7317273	8.9458685	8.838251e-07
73	73999	7192.641499996185	3226.6477	0.0	3226.6477	3226.6477	1000.0	1193.946	83.441055	1344.0562	1045.03	357.7	258.29874	72.34241	319.19064	-45.36101	1.5017695	0.9759463	2.5295808	27.201317	-12.765196	-259.93277	0.104448535	0.0015262212	0.10686569	0.10180509	-0.054364033	0.80277354	0.72762567	7.632159	1.4007092e-06
74	74999	7299.244988918304	3217.7083	0.0	3217.7083	3217.7083	1000.0	3168.393	3.6716893	3173.9077	3160.6702	1000.0	260.32568	71.91066	320.49014	-22.19388	1.5004649	1.0018666	2.5552928	26.987288	-12.502224	-261.9294	0.1027313	0.0005111487	0.103738844	0.101846434	0.0043219686	0.8003794	0.72951657	7.9476814	8.34465e-07
75	75999	7403.403142929077	3251.318	0.0	3251.318	3251.318	1000.0	950.4004	2.2267928	954.19745	946.5264	280.0	260.89566	71.81146	320.341	-23.666937	1.4686198	0.9827364	2.5489752	24.696602	-9.683662	-262.52753	0.10140817	0.0012462458	0.102940425	0.09915912	-0.039549295	0.7946905	0.72480893	8.507138	5.066395e-07
76	76999	7510.0710163116455	3215.08	0.0	3215.08	3215.08	1000.0	3193.2937	1.8944421	3196.222	3190.0203	1000.0	261.27283	71.69544	319.98007	-50.083427	1.5156996	0.9894149	2.5416932	24.773378	-10.045884	-262.8642	0.100730196	0.0013321859	0.10242001	0.0975374	-0.02444415	0.7981695	0.72846276	8.596419	3.7811697e-07
77	77999	7616.308748245239	3261.37	0.0	3261.37	3261.37	1000.0	3279.638	3.4780836	3284.54	3273.4236	1000.0	263.03632	71.64374	321.03406	-31.217937	1.5053383	0.9769557	2.547805	25.047977	-11.294957	-264.63947	0.09617925	0.0016930766	0.098850936	0.09381375	-0.053956848	0.7869831	0.7186815	9.429501	2.3841858e-07
78	78999	7719.6637098789215	3054.6711	0.0	3054.6711	3054.6711	906.0	993.75977	3.708461	1001.05884	988.04846	294.0	263.94772	71.39532	321.32623	-24.25926	1.4610827	0.99434227	2.540699	27.11031	-10.448616	-265.52954	0.093740225	0.0006739	0.09477792	0.09257349	-0.013354142	0.7808695	0.7212073	8.985764	7.599592e-07
79	79999	7826.73747086525	2282.8823	974.5457	3257.428	1308.3365	700.0	3277.4888	1.7598636	3281.6985	3275.5571	1000.0	264.02814	71.56005	321.73148	-36.31365	1.4284624	1.0120853	2.5558453	25.096075	-11.511425	-265.5953	0.09438936	0.00045529637	0.09528883	0.09291508	0.028672049	0.789574	0.7286828	9.100758	1.4603138e-06
80	80999	7934.091974258423	3229.3003	0.0	3229.3003	3229.3003	1000.0	3191.6277	1.3455602	3194.4192	3189.4946	1000.0	264.88382	70.99824	322.06247	-29.386318	1.5223507	1.0013945	2.5278358	25.958485	-11.76317	-266.4031	0.09532778	0.00035519112	0.09602985	0.09468622	0.003324812	0.7806061	0.7236952	8.255733	1.5795231e-06
81	81999	8037.130793333054	1098.274	0.0	1098.274	1098.274	337.0	542.0834	1.8883749	545.54865	539.8119	191.8	263.88947	71.61875	321.8869	-28.889343	1.6920781	1.0119659	2.5494614	27.4252	-10.324426	-265.4623	0.09746754	0.0006600732	0.09862048	0.09523116	0.028116532	0.7862317	0.7284417	9.8578205	4.3213367e-07
82	82999	8140.646914720535	3236.9585	0.0	3236.9585	3236.9585	1000.0	3199.5012	1.5432061	3202.0078	3196.8162	1000.0	264.22745	71.199684	321.8552	-72.440506	1.5737649	0.9863388	2.5449731	30.318151	-10.645561	-265.73013	0.097534426	0.00118897	0.0996696	0.0950513	-0.031915978	0.790645	0.73001593	8.259319	1.1250377e-06
83	83999	8244.613235473633	3238.774	0.0	3238.774	3238.774	1000.0	1091.2393	173.69124	1228.5461	826.12866	324.9	265.29425	70.973465	321.75327	-25.558556	1.5822356	0.98338	2.5449004	27.476358	-11.127451	-266.80682	0.09388791	0.0009062121	0.095516466	0.09228666	-0.039288014	0.7924382	0.7300205	10.427706	3.1292439e-07
84	84999	8350.904551029205	2732.3284	518.1482	3250.4766	2214.1802	825.0	3178.2793	1.5865505	3180.1833	3175.6619	1000.0	266.57974	71.35122	322.6152	-29.571686	1.3846226	1.0018045	2.557222	30.747826	-9.791257	-268.04376	0.093530916	0.000716192	0.09500017	0.092417054	0.004376568	0.79403704	0.73063296	7.798412	1.1920929e-07
85	85999	8458.061002969742	3247.3782	0.0	3247.3782	3247.3782	1000.0	3259.5232	2.1641147	3264.363	3256.5308	1000.0	266.85504	71.04775	322.7251	-18.654411	1.4215144	0.9846708	2.5578961	28.947744	-10.2586975	-268.30914	0.09214098	0.000751898	0.09329791	0.09029395	-0.036606822	0.7935666	0.7330387	9.059507	2.6077032e-07
86	86999	8562.200692415237	3267.403	0.0	3267.403	3267.403	1000.0	564.5825	1.4080641	566.1699	561.03656	192.2	268.5343	70.65282	323.92993	-22.027485	1.3676878	0.9730207	2.5868716	26.558855	-13.305299	-270.01556	0.08811465	0.0014284317	0.090627365	0.086381085	-0.065418966	0.78898877	0.7319668	9.888927	5.9604645e-07
87	87999	8668.606629610062	3267.0808	0.0	3267.0808	3267.0808	1000.0	3294.8113	3.271736	3299.109	3288.1797	1000.0	269.32028	70.87149	323.7912	-19.763285	1.3048308	0.98170507	2.5643249	26.992306	-11.342667	-270.70575	0.084930405	0.00091738737	0.086511485	0.08348721	-0.04503847	0.78264195	0.726121	9.745623	3.427267e-06
88	88999	8771.574506998062	3331.3953	0.0	3331.3953	3331.3953	1000.0	1165.8331	460.79587	2330.3647	814.48846	366.5	269.6885	70.87002	324.65262	-23.09505	1.3481317	0.9965378	2.5783439	26.793736	-10.282912	-271.16583	0.0842072	0.00079869764	0.08551787	0.08282614	-0.008487772	0.7808493	0.7247469	8.203295	8.940697e-07
89	89999	8879.012226819992	2184.1538	691.702	2875.856	1492.4519	658.0	3254.5835	2.3492162	3258.7048	3251.7322	1000.0	270.1563	70.23834	324.42117	-28.492657	1.3814346	1.0090358	2.5807304	27.479944	-11.354935	-271.555	0.08397518	0.00037592195	0.08467041	0.08322082	0.022482391	0.7787066	0.72309476	7.1952515	5.066395e-07
90	90999	8986.077956676483	3243.8845	0.0	3243.8845	3243.8845	1000.0	3180.0593	4.182062	3183.852	3171.8481	1000.0	269.97113	70.15752	324.3049	-39.083668	1.3550084	1.0070208	2.552962	27.566196	-9.718267	-271.3013	0.085551776	0.00037278156	0.086333424	0.084504165	0.017382575	0.77574545	0.7214701	11.046056	7.3574483e-07
91	91999	9092.8609893322	3267.4578	0.0	3267.4578	3267.4578	1000.0	3273.6194	2.0829048	3277.9783	3271.2856	1000.0	270.6915	70.09763	324.4984	-32.585667	1.3711247	0.99385643	2.530792	27.328485	-10.455996	-272.08936	0.08610628	0.0007119251	0.08749767	0.08439443	-0.015056343	0.77407795	0.7184066	9.127317	5.066395e-07
92	92999	9199.43901181221	3257.6064	0.0	3257.6064	3257.6064	1000.0	3222.6807	1.1617858	3225.5132	3221.5872	1000.0	270.93604	69.49276	324.4562	-26.725906	1.4190005	1.0070177	2.5131285	26.80674	-12.870409	-272.27634	0.08527773	0.00021348047	0.08569105	0.084425546	0.017370064	0.77025414	0.71740794	7.9171124	6.7055225e-07
93	93999	9305.825865745544	3253.4165	0.0	3253.4165	3253.4165	1000.0	3257.4387	1.246606	3259.1086	3255.2039	1000.0	271.49365	69.57793	325.06497	-21.507008	1.3252529	0.9953744	2.531492	25.810791	-10.917426	-272.81223	0.085779406	0.00045718922	0.08647437	0.08467949	-0.011322724	0.7724913	0.7198954	12.864658	5.364418e-07
94	94999	9411.411182165146	3259.0889	0.0	3259.0889	3259.0889	1000.0	2268.0845	405.3199	3282.8215	1793.6647	667.8	272.48465	69.13616	324.9691	-21.295948	1.2298601	0.99635756	2.5265412	27.532187	-12.708621	-273.80368	0.084429935	0.00042950126	0.08525954	0.08342834	-0.008919673	0.7700455	0.71716213	12.304295	4.0978193e-07
95	95999	9518.865982532501	3274.2068	0.0	3274.2068	3274.2068	1000.0	3244.3782	0.80347097	3245.4626	3242.6975	1000.0	273.5872	68.90282	325.81494	-24.221338	1.2522739	0.97293454	2.5287976	25.48719	-11.067582	-274.93588	0.082453005	0.001225759	0.08441297	0.08044355	-0.06752368	0.7700118	0.7141761	10.600655	4.172325e-07
96	96999	9625.829496383667	3279.3235	0.0	3279.3235	3279.3235	1000.0	3239.8618	1.4089636	3242.4949	3237.81	1000.0	274.12128	68.73864	325.56018	-27.656189	1.192498	0.99721706	2.5170796	25.20649	-10.416948	-275.44186	0.08029025	0.00035069374	0.08103058	0.07962947	-0.006961462	0.76737696	0.71205163	11.601736	5.066395e-07
97	97999	9732.12920498848	3307.888	0.0	3307.888	3307.888	974.0	3253.7378	1.5408098	3257.457	3251.2886	1000.0	274.96643	68.79914	326.69775	-23.016695	1.1782553	1.0040901	2.556503	25.767204	-12.639303	-276.28778	0.08015306	0.00029486144	0.08070322	0.07959064	0.010374579	0.77111155	0.717325	10.22823	3.3527613e-08
98	98999	9838.0961227417	3277.84	0.0	3277.84	3277.84	1000.0	3293.8286	3.5823514	3300.284	3288.7546	1000.0	274.95694	68.763336	326.41296	-62.503746	1.2682486	0.9979136	2.5524933	27.234024	-10.311763	-276.2462	0.081577316	0.0004837457	0.082227536	0.08038351	-0.0051968805	0.77593946	0.7219604	7.9144616	7.003546e-07
99	99999	9945.345136880875	3261.7593	0.0	3261.7593	3261.7593	1000.0	3261.8677	3.7769215	3266.947	3255.73	1000.0	276.08542	68.82788	327.77814	-23.153282	1.2326422	0.9979259	2.526827	27.528482	-10.385781	-277.37158	0.080317825	0.00029544212	0.0809444	0.079686165	-0.005176962	0.77135956	0.72091943	8.887746	2.4735928e-06
