Epoch	TotalEnvInteracts	Time	AverageEpRet	StdEpRet	MaxEpRet	MinEpRet	EpLen	AverageTestEpRet	StdTestEpRet	MaxTestEpRet	MinTestEpRet	TestEpLen	AverageQ1Vals	StdQ1Vals	MaxQ1Vals	MinQ1Vals	LossQ1	AverageLogPi	StdLogPi	MaxLogPi	MinLogPi	LossPi	AverageAlpha	StdAlpha	MaxAlpha	MinAlpha	LossAlpha	AveragePreTanh	StdPreTanh	MaxPreTanh	MinPreTanh
0	999	1.4938666820526123	19.052065	15.706	83.04234	5.1059	22.522728	71.25185	2.4303913	76.86563	68.148674	98.7	0.0	0.0	0.0	0.0	0.0	0.0	0.0	0.0	0.0	0.0	0.0	0.0	0.0	0.0	0.0	0.0	0.0	0.0	0.0
1	1999	2.365622043609619	18.730679	15.602331	83.04234	5.1059	22.222221	71.25185	2.4303913	76.86563	68.148674	98.7	0.0	0.0	0.0	0.0	0.0	0.0	0.0	0.0	0.0	0.0	0.0	0.0	0.0	0.0	0.0	0.0	0.0	0.0	0.0
2	2999	3.2764575481414795	14.880216	10.057022	61.04082	6.0590525	19.9	73.33403	2.3587754	77.59022	69.48003	101.2	0.0	0.0	0.0	0.0	0.0	0.0	0.0	0.0	0.0	0.0	0.0	0.0	0.0	0.0	0.0	0.0	0.0	0.0	0.0
3	3999	4.22746729850769	17.850042	17.819202	90.71151	4.7930055	21.733334	72.55286	2.5269387	75.48222	67.00689	100.3	0.0	0.0	0.0	0.0	0.0	0.0	0.0	0.0	0.0	0.0	0.0	0.0	0.0	0.0	0.0	0.0	0.0	0.0	0.0
4	4999	5.210052251815796	18.229647	11.426507	58.095108	6.4634733	22.326086	71.42021	3.4153695	75.28027	65.58687	98.7	0.0	0.0	0.0	0.0	0.0	0.0	0.0	0.0	0.0	0.0	0.0	0.0	0.0	0.0	0.0	0.0	0.0	0.0	0.0
5	5999	114.49882578849792	112.58269	47.919365	178.57088	11.223851	66.85714	126.8849	1.6438732	129.84933	124.06719	69.5	91.06597	50.07337	173.99138	-18.353878	6.402091	-0.8568862	1.8329387	13.399814	-10.293796	-97.417305	0.8801188	0.06581772	0.99970007	0.769706	-0.22447237	0.828669	0.6063461	4.753606	1.3113022e-06
6	6999	222.19753098487854	294.82336	52.182724	374.2617	196.4871	144.66667	323.25504	18.782434	359.69888	300.56332	153.5	179.99823	46.229233	221.48218	-21.111052	10.003033	-0.55712223	2.1796606	15.2929535	-11.765054	-189.52362	0.6735142	0.05249791	0.7694939	0.58681154	-0.61455727	0.8524717	0.63403666	4.9838123	5.476177e-07
7	7999	335.5644066333771	339.51956	124.4976	561.5999	91.42794	150.25	1064.1559	0.54880893	1065.2544	1063.4437	1000.0	193.60689	51.759605	228.86748	-16.941076	6.591523	-0.34969702	2.2700567	17.900988	-9.848122	-202.51369	0.5164762	0.039042898	0.586644	0.44980004	-0.895314	0.8620129	0.64830893	5.4403696	3.874302e-07
8	8999	443.90410137176514	312.49722	116.01643	538.093	143.4774	147.16667	431.37598	2.8005357	436.05243	425.69666	200.7	180.44785	51.30127	216.93854	-20.02339	4.7435155	-0.18417849	2.3356504	28.753435	-11.889193	-187.92346	0.39595583	0.029648446	0.44966808	0.34705397	-1.0964333	0.8772343	0.6612729	5.911651	1.013279e-06
9	9999	552.5930941104889	438.28952	230.36101	807.6027	139.89673	174.33333	200.67116	1.8832631	204.03113	198.34813	100.4	177.27829	48.651707	213.83736	-22.387535	4.290491	-0.0065826797	2.3881428	21.87208	-10.322744	-183.8433	0.3061807	0.022365475	0.34696776	0.27020484	-1.1881428	0.90217274	0.6814265	6.203828	7.1525574e-07
10	10999	661.2539534568787	486.18732	182.56267	823.27673	277.63202	178.2	999.16583	14.407708	1024.6865	980.8689	309.4	182.7126	53.418568	225.34296	-20.772568	3.943216	0.3067359	2.5358906	25.811783	-10.381126	-188.92628	0.24300794	0.014616679	0.27014065	0.21932517	-0.97654396	0.94047207	0.7094542	7.1399293	9.126961e-07
11	11999	769.0395557880402	671.99994	80.48293	746.51776	537.85614	215.0	248.3125	1.2908218	250.54298	245.61266	106.1	189.069	53.85339	257.45047	-25.715439	3.2058623	0.58225155	2.5740433	28.903858	-10.114532	-194.97935	0.20096898	0.009631797	0.21927421	0.18597847	-0.66648	0.94498044	0.7193107	6.912351	5.9604645e-08
12	12999	877.4335246086121	757.329	136.35992	987.5154	631.2197	244.0	248.63559	478.84094	1209.1757	9.072464	87.2	200.80548	61.641567	271.82938	-32.617313	3.8975005	0.9432258	2.6825857	30.461496	-12.202614	-206.77979	0.18088879	0.0014786752	0.1859458	0.17972867	-0.096281044	0.9679866	0.7476288	7.539602	1.4305115e-06
13	13999	991.4964637756348	1023.92035	242.77496	1266.6953	781.1454	341.0	2798.2712	2.1022446	2801.758	2795.2056	1000.0	207.12526	62.19959	271.13144	-25.795801	3.0505195	0.82595307	2.729813	31.697418	-14.997315	-212.90485	0.17005602	0.0078031234	0.1814498	0.15707676	-0.3094342	0.9532711	0.7489214	7.5699787	3.5762787e-07
14	14999	1099.643839597702	2412.0693	0.0	2412.0693	2412.0693	789.0	322.72018	941.58936	3147.488	7.9160295	108.8	209.7038	60.606705	279.489	-27.190609	2.4476326	0.98923063	2.7157066	30.257849	-11.387548	-214.85524	0.15317576	0.0016888115	0.15705734	0.15161347	-0.019968295	0.9328451	0.7518932	8.051315	1.3113022e-06
15	15999	1213.1189868450165	2938.6238	0.0	2938.6238	2938.6238	1000.0	3038.6082	1.9383132	3040.0864	3033.6653	1000.0	221.39471	63.074936	286.91348	-27.001541	2.4280143	1.0427078	2.6503475	29.435505	-12.145052	-226.62624	0.161134	0.0020403487	0.16438103	0.15593016	0.07832229	0.9450962	0.75270444	8.2105465	4.4703484e-06
16	16999	1320.549803495407	2986.5432	0.0	2986.5432	2986.5432	1000.0	244.93442	2.0063558	247.70564	241.05495	104.8	230.56085	63.973038	291.67673	-27.055141	2.2251542	0.9841588	2.6151838	37.19564	-12.288194	-235.49162	0.16558911	0.0020738903	0.16827612	0.16065332	-0.028697232	0.94186443	0.7462759	7.754971	2.3245811e-06
17	17999	1433.9294197559357	2964.6147	0.0	2964.6147	2964.6147	1000.0	3144.0776	1.4825989	3146.5574	3142.0376	1000.0	235.3782	63.660553	295.72635	-28.98745	2.1354365	0.9348517	2.6244307	32.90474	-13.93471	-240.0875	0.15208872	0.0048700445	0.16114435	0.14612368	-0.12208104	0.9182897	0.7396587	8.682877	2.861023e-06
18	18999	1543.4814279079437	2127.624	986.5449	3114.169	1141.0791	676.0	915.7713	247.80681	1368.983	654.5317	341.7	241.42902	64.33296	300.47455	-23.383453	1.9358143	0.96653706	2.6434214	34.124214	-11.78537	-245.93915	0.14264947	0.0020677538	0.14666584	0.13910827	-0.06511293	0.9027253	0.736617	7.822423	1.013279e-06
19	19999	1650.9934203624725	3148.6995	0.0	3148.6995	3148.6995	1000.0	6.358335	0.43697676	7.2694125	6.052803	8.2	245.14352	65.412254	304.89603	-25.31646	1.8044366	0.97065973	2.6570208	34.70746	-13.702916	-249.43985	0.13740984	0.0018008649	0.13945547	0.13297412	-0.05848601	0.8936872	0.7446705	8.259999	1.6987324e-06
20	20999	1763.9472122192383	3132.8914	0.0	3132.8914	3132.8914	1000.0	3181.4673	6.512109	3195.9282	3171.7632	1000.0	250.06186	65.394135	310.2434	-28.045994	1.8057477	0.95011085	2.7181516	36.37993	-12.475952	-254.27808	0.12603436	0.0031547653	0.13322802	0.12282905	-0.10240078	0.8823618	0.7452516	8.776386	2.5629997e-06
21	21999	1878.3035292625427	1395.8264	144.86188	1540.6882	1250.9645	415.0	3166.394	2.4988785	3170.4883	3163.0493	1000.0	252.98392	66.28539	313.44342	-28.059336	2.1344068	0.9840665	2.7408178	34.7935	-12.342753	-256.99084	0.12322048	0.0018260406	0.12637915	0.11994776	-0.03337148	0.8714821	0.7506421	10.271526	5.066395e-07
22	22999	1989.909963607788	3179.8572	0.0	3179.8572	3179.8572	1000.0	1316.4927	97.92247	1586.8998	1240.8306	381.9	256.06183	65.35415	314.52707	-25.024677	1.9300691	0.97644556	2.7319195	35.46385	-10.975073	-259.79056	0.1180864	0.0012671768	0.12085196	0.1162404	-0.050163362	0.8590868	0.7422796	9.447311	1.0952353e-06
23	23999	2105.3425917625427	3179.1667	0.0	3179.1667	3179.1667	975.0	3257.0137	3.540502	3264.235	3251.8442	1000.0	257.7746	65.43907	316.73267	-36.716164	1.7948189	0.9859353	2.7052698	33.62921	-12.770372	-261.43436	0.11652803	0.0016110166	0.11888506	0.11385401	-0.030296352	0.85988086	0.7442389	9.447735	3.1292439e-07
24	24999	2219.7763912677765	3201.7693	0.0	3201.7693	3201.7693	1000.0	3092.9336	2.1115081	3096.5076	3089.4565	1000.0	260.59512	65.595184	318.06723	-26.06396	1.6291462	1.0044513	2.7087188	37.696617	-12.0553055	-264.14386	0.11613485	0.0006949885	0.11738313	0.11403636	0.009732357	0.8716295	0.7500574	9.663271	2.5182962e-06
25	25999	2335.806182384491	2210.1584	1030.5999	3240.7583	1179.5586	661.0	3167.0413	9.801662	3189.1094	3154.0032	1000.0	262.48047	65.069405	318.02213	-38.064404	1.5195786	0.98224247	2.711531	33.232994	-11.752834	-265.9412	0.11340264	0.0011042143	0.115750566	0.11172061	-0.038580894	0.85529894	0.7414261	9.9078245	1.5608966e-06
26	26999	2448.763648033142	2209.3667	0.0	2209.3667	2209.3667	652.0	2939.3984	4.143137	2947.4985	2934.1597	1000.0	263.68192	65.929665	319.77222	-26.491909	1.4919809	0.9822113	2.6650677	33.45764	-10.566774	-267.02637	0.11059953	0.0013124548	0.112803414	0.10837545	-0.039123755	0.8440086	0.73444796	8.302094	1.1622906e-06
27	27999	2562.236063718796	1653.2307	516.1556	2169.3862	1137.0751	491.0	3175.5122	0.94862145	3176.787	3173.6028	1000.0	264.15405	66.26892	320.54483	-38.114677	1.5573022	0.98141795	2.6846654	34.26655	-10.469698	-267.4524	0.10778499	0.0012693282	0.11005409	0.10574449	-0.041362114	0.8302871	0.73166806	9.914148	2.682209e-07
28	28999	2675.2265400886536	1668.1694	811.5164	2814.6665	1050.2344	486.0	3077.6772	1.8414997	3080.2202	3074.2476	1000.0	264.49164	65.272415	319.8355	-32.470036	1.5635189	0.9961637	2.663082	34.614063	-10.3251295	-267.61206	0.10662975	0.0009508739	0.10788473	0.105009794	-0.008547503	0.82702184	0.726301	9.349079	7.748604e-07
29	29999	2787.7666096687317	980.16113	61.837036	1041.9982	918.3241	291.0	3016.437	2.173468	3020.8367	3014.1614	1000.0	263.86594	66.21192	318.91757	-33.474457	1.5887583	0.9783032	2.6597726	32.35278	-10.623461	-266.89218	0.104970045	0.0013448567	0.10637671	0.10135632	-0.04917405	0.83095354	0.732197	11.648723	4.053116e-06
30	30999	2894.354306459427	3184.6719	0.0	3184.6719	3184.6719	1000.0	6.4035554	0.52079624	6.8901477	5.737492	8.6	265.83575	64.98301	319.0446	-29.532257	1.4344686	0.94483685	2.713247	34.218254	-11.712485	-268.743	0.09944331	0.0026671605	0.1029074	0.09348486	-0.12834755	0.8332988	0.74098474	10.629858	9.834766e-07
31	31999	3002.77241063118	1839.3696	878.9156	2718.2852	960.454	549.0	992.5294	12.681154	1024.8328	976.9469	292.6	267.46588	64.09433	321.0576	-24.68217	1.4688604	0.97503513	2.787719	36.56327	-9.733034	-270.21088	0.090969674	0.001280986	0.09432407	0.089670904	-0.059504706	0.82096654	0.74280024	12.811814	1.0430813e-06
32	32999	3114.672460794449	1315.3705	210.97473	1526.3452	1104.3958	382.0	3206.5483	4.7659364	3215.5325	3201.247	1000.0	266.65686	64.5774	321.3635	-31.63838	1.4184928	1.0097151	2.7672405	35.97035	-10.582213	-269.42664	0.091609865	0.00033826922	0.092232175	0.09004726	0.023414314	0.836724	0.74952847	9.879894	3.874302e-07
33	33999	3227.8372762203217	1518.0123	499.7302	2224.285	1142.9714	450.66666	3068.4487	1.2871774	3071.1848	3066.6702	1000.0	266.30573	64.041664	320.738	-29.131197	1.4375097	0.99191403	2.733347	36.17444	-10.578056	-268.9354	0.091614455	0.0007523116	0.09254534	0.08990799	-0.019296838	0.83313274	0.74693686	11.705166	1.6540289e-06
34	34999	3339.97607088089	1339.6829	89.46625	1429.1492	1250.2167	392.0	3137.0374	2.194526	3140.6326	3132.5947	1000.0	266.68384	64.32323	320.4639	-27.209084	1.5944216	0.9878939	2.7312608	37.926903	-11.480514	-269.27335	0.09115596	0.0013042414	0.092571355	0.08826109	-0.029122429	0.8388895	0.7452004	10.139883	3.33786e-06
35	35999	3446.5739398002625	2227.59	963.2031	3190.7932	1264.387	650.0	16.100965	1.3480451	18.930511	13.982889	18.4	266.4229	65.02483	320.6292	-24.27146	1.3677672	1.0290185	2.6971807	36.020863	-10.082595	-268.94275	0.091759555	0.0008224451	0.092832156	0.08831786	0.06995895	0.85117877	0.75054955	9.905481	1.8067658e-07
36	36999	3552.756108045578	1329.1334	128.29822	1457.4316	1200.8352	384.5	12.816193	0.39356557	13.948962	12.457121	16.1	267.18466	63.60236	320.31595	-36.139378	1.4983962	0.9920967	2.691336	33.082123	-10.138279	-269.63437	0.09240768	0.0009610748	0.093484774	0.090277165	-0.018839557	0.84382707	0.745735	10.5518465	2.503395e-06
37	37999	3657.97336268425	1676.3529	0.0	1676.3529	1676.3529	489.0	20.710356	1.4561945	22.719618	18.797472	21.0	267.5582	63.531494	321.1699	-28.453817	1.5533442	0.9926684	2.7577946	32.122635	-15.515022	-269.96307	0.08991099	0.0008903508	0.091524325	0.08864227	-0.017565439	0.8298434	0.7452925	8.497405	1.013279e-06
38	38999	3766.3217327594757	1848.1166	1012.77826	3273.207	1011.405	538.0	869.576	6.101408	877.53894	856.1753	274.5	269.2222	62.76555	321.94885	-27.943632	1.6871789	1.0060048	2.7261786	31.979212	-14.479183	-271.58163	0.09055223	0.00031718012	0.09119364	0.089525856	0.0145276645	0.8286136	0.7419485	8.180689	7.4505806e-08
39	39999	3879.1922211647034	1326.0352	244.70686	1667.5292	1106.7233	386.66666	3158.0	0.67166835	3158.8513	3156.8494	1000.0	267.718	63.636814	321.28275	-21.30799	1.5788006	0.9934001	2.7138505	36.75831	-13.685017	-270.03217	0.08989542	0.0006014347	0.09130431	0.089099385	-0.01583204	0.83116674	0.7389517	9.676688	9.872019e-07
40	40999	3989.856948852539	1019.0112	24.094355	1052.2456	995.88153	300.0	1901.3658	1532.9768	3159.364	19.10246	609.1	267.887	64.60671	322.19165	-23.138918	1.3327202	0.9700334	2.7034664	33.973763	-11.1588745	-270.092	0.08724748	0.0017115426	0.090479106	0.08530767	-0.07291749	0.82738596	0.7342592	9.387104	4.6491623e-06
41	41999	4097.635931253433	1011.5353	90.42504	1139.8837	921.57495	300.5	1143.7014	14.58915	1166.1616	1117.9928	325.9	267.1165	65.208755	321.81906	-27.174423	1.2627537	0.9871194	2.7115223	33.65363	-9.649049	-269.29147	0.085401945	0.000710185	0.0865674	0.08376503	-0.03174246	0.8329954	0.7408986	9.647083	1.0803342e-06
42	42999	4204.853791475296	3200.453	0.0	3200.453	3200.453	1000.0	1549.9188	184.10591	1975.5099	1294.6438	460.0	266.95108	65.150536	321.7166	-18.707838	1.2925655	0.99787414	2.6871526	34.34338	-10.547213	-269.12537	0.083892226	0.00037698692	0.0845035	0.08295365	-0.005199399	0.81901586	0.7331577	8.882702	1.475215e-06
43	43999	4316.386891126633	1190.6353	8.467712	1199.103	1182.1676	340.5	3185.4058	1.4125347	3187.9224	3183.1755	1000.0	268.045	64.56715	322.05872	-25.592834	1.5041119	0.9968715	2.6702693	35.433765	-11.5084305	-270.162	0.08350311	0.0004820372	0.08428115	0.08267929	-0.0077204187	0.81597835	0.73337513	9.353628	8.940697e-07
44	44999	4427.955034732819	3266.9294	0.0	3266.9294	3266.9294	1000.0	3238.5767	1.6128864	3241.1025	3235.8335	1000.0	268.94943	64.390175	322.71765	-23.466805	1.2800826	1.001629	2.6606624	35.07812	-12.273992	-271.0058	0.083852254	0.00023888459	0.08419134	0.08304792	0.004126791	0.8138378	0.73107255	9.589193	4.8428774e-07
45	45999	4535.618159770966	1818.3835	330.3142	2148.6978	1488.0693	523.0	1136.6082	29.921501	1212.6282	1094.5801	327.8	270.4073	64.38838	323.83105	-27.171526	1.197509	0.98816085	2.6579392	35.79617	-10.79994	-272.42538	0.08264677	0.0008263075	0.08384487	0.08133723	-0.02949063	0.8190516	0.73483795	9.239062	1.1026859e-06
46	46999	4645.126257658005	3340.0706	0.0	3340.0706	3340.0706	1000.0	2691.0952	471.28055	3321.4238	1925.1711	798.9	271.717	64.021576	324.01773	-21.585106	1.2138857	1.0056626	2.6319854	32.569725	-9.95913	-273.65607	0.082457885	0.00038966406	0.08321841	0.081481345	0.014252972	0.8176111	0.7337629	10.400188	8.940697e-08
47	47999	4756.818543434143	2169.17	1063.9305	3233.1003	1105.2394	660.0	3230.9133	2.366754	3234.059	3227.1912	1000.0	273.2031	63.826927	325.34616	-21.800209	1.2350595	1.0113425	2.6857736	35.286858	-14.500566	-275.1493	0.083416715	0.00023155914	0.08389819	0.08225779	0.028298875	0.8220913	0.7361131	9.310093	1.1920929e-06
48	48999	4868.40736913681	2897.822	0.0	2897.822	2897.822	834.0	3324.2954	21.031336	3373.6494	3292.432	1000.0	274.41684	64.24047	326.0424	-23.007204	1.1443356	1.0072411	2.6666746	32.382584	-11.401573	-276.32843	0.084321424	0.00035405508	0.08520354	0.08376505	0.017975776	0.8259879	0.73713577	10.676957	3.3192337e-06
49	49999	4980.792942762375	2001.1688	0.0	2001.1688	2001.1688	593.0	3234.0786	1.4014571	3236.3037	3231.8271	1000.0	274.36057	64.25217	326.12958	-25.614399	1.1579425	0.9713599	2.6826441	32.347893	-10.6606865	-276.27655	0.08335071	0.0009643355	0.085502215	0.08103044	-0.07120395	0.8187922	0.7310964	10.235946	1.2591481e-06
50	50999	5091.85998415947	2221.9165	130.93164	2352.8481	2090.9849	642.0	2595.1443	1259.0681	3229.5706	75.92223	809.1	274.53333	64.60323	327.95526	-23.969019	1.2874271	0.9967263	2.6410038	31.743155	-12.306967	-276.44012	0.08186448	0.00060825323	0.08305164	0.08059477	-0.008143454	0.80615234	0.720573	8.199585	4.172325e-07
51	51999	5198.908171892166	2036.1333	0.0	2036.1333	2036.1333	585.0	1771.4609	29.010223	1820.7689	1729.1313	505.6	274.9141	64.16604	327.79083	-31.436447	1.1013445	0.9680067	2.6656392	33.080223	-12.289248	-276.74667	0.07837933	0.0013309089	0.08098783	0.07653383	-0.08124818	0.8025508	0.7196438	9.987679	2.3841858e-06
52	52999	5309.964315652847	2160.343	871.4312	3031.7742	1288.9117	619.0	3316.5051	2.7508354	3321.0366	3311.1882	1000.0	275.38898	65.027374	328.84753	-18.041893	1.2308869	0.99480826	2.6547213	35.146965	-10.960751	-277.22995	0.07785619	0.0010396593	0.079332195	0.07605593	-0.013228664	0.79780924	0.716959	10.029498	6.8731606e-07
53	53999	5417.833902597427	2188.6094	1105.0717	3293.681	1083.5377	657.0	9.415458	0.4865359	10.421823	9.026235	13.2	276.7586	64.44557	328.94598	-20.519964	1.0908347	0.9728191	2.6590183	33.997467	-10.379889	-278.5322	0.07461694	0.0012301444	0.07680918	0.072913595	-0.07052097	0.7951672	0.7167269	9.139902	5.6922436e-06
54	54999	5531.125852584839	2513.074	0.0	2513.074	2513.074	726.0	3209.4124	6.663225	3218.9329	3197.1145	1000.0	277.3302	64.33479	330.8336	-21.010918	1.1564147	1.015406	2.6843185	32.195267	-12.638619	-279.06943	0.07383461	0.00040103492	0.0747332	0.07291881	0.040229086	0.8054603	0.72889924	10.04412	5.841255e-06
55	55999	5638.546446561813	1923.4261	148.44592	2071.872	1774.9802	557.0	6.938497	0.02911211	6.987412	6.8893385	8.0	278.41354	64.78592	330.72794	-15.850228	1.1235653	1.0078222	2.676364	32.830322	-12.471995	-280.1411	0.07592468	0.00025054315	0.07637869	0.07464267	0.020338513	0.8073314	0.73013216	11.319359	4.708767e-06
56	56999	5750.152055501938	2158.3838	637.23254	2795.6165	1521.1514	623.0	3110.4685	392.68344	3504.744	2266.2583	897.7	279.2199	64.77342	330.66733	-16.84735	1.1120027	0.99425185	2.672179	34.968143	-11.541276	-280.9353	0.07584628	0.00071893004	0.07698046	0.074596986	-0.014805903	0.8033298	0.73041797	11.310994	2.0116568e-06
57	57999	5863.490562677383	3432.3342	0.0	3432.3342	3432.3342	1000.0	3137.8433	0.9583537	3139.0107	3135.94	1000.0	278.9273	64.68928	330.65216	-19.55677	1.0201728	1.0150018	2.6740663	32.85818	-10.597231	-280.64117	0.07664687	0.00039994612	0.077315636	0.074717574	0.03883406	0.80554247	0.73383623	10.194766	3.3974648e-06
58	58999	5976.255484580994	2489.7434	0.0	2489.7434	2489.7434	715.0	3253.9575	3.2920485	3257.952	3247.4558	1000.0	279.48422	64.24329	330.9951	-21.936802	1.0624536	0.9899674	2.6460288	32.10297	-11.406044	-281.14975	0.07637482	0.0007014177	0.077560805	0.075127974	-0.02578179	0.8009586	0.72923464	10.267426	1.9073486e-06
59	59999	6089.81014418602	3307.7903	0.0	3307.7903	3307.7903	1000.0	3278.5613	3.6779854	3282.2722	3271.2092	1000.0	280.6034	64.47767	331.8591	-20.970366	1.0796007	1.0062981	2.651507	33.01252	-11.559778	-282.21152	0.07604516	0.00027155556	0.07663724	0.07529857	0.016349567	0.80366814	0.73026067	12.449211	1.4901161e-08
60	60999	6200.885496854782	3114.6113	0.0	3114.6113	3114.6113	896.0	3313.8782	2.3942971	3318.2117	3310.0596	1000.0	281.62982	64.280235	332.45993	-30.874956	1.1017151	1.0030885	2.6287003	30.062073	-10.859949	-283.24734	0.077324405	0.0006711222	0.078208365	0.07600313	0.008040055	0.80768317	0.7270116	11.146009	1.2293458e-07
61	61999	6313.893571138382	2135.8076	183.30737	2319.115	1952.5002	613.5	3319.4094	10.49684	3333.9277	3302.093	1000.0	282.914	64.3577	333.9118	-17.310446	1.0448847	0.9852647	2.6286342	32.873436	-11.446947	-284.52838	0.0755574	0.0009817171	0.0772224	0.07421517	-0.03798547	0.80999666	0.7282096	10.722312	1.1622906e-06
62	62999	6425.741918325424	1859.8646	0.0	1859.8646	1859.8646	533.0	3237.3433	1.7072834	3239.6028	3234.1272	1000.0	283.32184	64.34265	333.54974	-18.982542	1.2164483	0.99960655	2.6681123	32.38981	-10.369175	-284.8815	0.07507423	0.0007672282	0.07649662	0.07392619	-0.0009083137	0.8108986	0.7341169	9.567882	2.6077032e-07
63	63999	6533.988782167435	2334.9497	975.8027	3310.7524	1359.1471	696.0	1669.7445	190.84303	1913.5996	1332.2773	475.0	284.33282	63.861954	334.11765	-21.461233	1.1312873	0.9948993	2.645871	30.976543	-11.765714	-285.91522	0.07478446	0.000655785	0.07584973	0.0735396	-0.013167831	0.81247824	0.7318563	9.286365	2.3841858e-06
64	64999	6645.929020881653	3358.9492	0.0	3358.9492	3358.9492	1000.0	3260.2139	1.5388788	3262.7788	3257.8767	1000.0	284.30515	64.35325	334.1306	-21.151617	1.1776748	1.003613	2.644242	32.005608	-9.733602	-285.8671	0.074457	0.00025933934	0.07519276	0.07378738	0.009490801	0.8130885	0.73492867	13.094015	1.1492521e-06
65	65999	6754.657067775726	3334.3523	0.0	3334.3523	3334.3523	1000.0	1131.8688	27.947153	1204.4045	1101.1377	326.1	284.81354	63.999107	334.2589	-39.31341	1.0588843	1.0020502	2.6255836	31.701443	-11.709305	-286.3484	0.075293645	0.0005365099	0.07619443	0.074287325	0.0054133586	0.80902034	0.7309516	11.237067	3.108289e-07
66	66999	6866.45033454895	3310.5815	0.0	3310.5815	3310.5815	1000.0	3286.2493	2.4527254	3289.738	3282.2014	1000.0	285.45996	63.932392	334.69342	-24.348927	1.0442467	0.9932707	2.6501145	32.13485	-13.932629	-286.93835	0.0750777	0.00078523357	0.0760174	0.0736624	-0.017428085	0.8078889	0.7332426	10.749352	1.9073486e-06
67	67999	6975.437233686447	3340.2554	0.0	3340.2554	3340.2554	1000.0	2060.3315	145.00737	2339.0576	1842.0518	583.8	286.64713	63.223976	334.5007	-34.291298	1.0694102	0.98988795	2.6388192	34.009636	-11.821362	-288.134	0.07371326	0.0007447408	0.074958384	0.07245482	-0.026381016	0.81309694	0.73484594	9.256739	1.6391277e-07
68	68999	7081.964953184128	3387.7053	0.0	3387.7053	3387.7053	1000.0	1210.5891	31.152777	1253.5143	1161.2903	341.2	286.99152	63.226223	334.91254	-19.442434	0.94830793	1.0056587	2.6636047	32.865364	-9.532483	-288.44507	0.0733748	0.00046556833	0.07428357	0.07248323	0.014910704	0.81374973	0.73910445	10.381247	2.2165477e-07
69	69999	7193.935765981674	3357.9375	0.0	3357.9375	3357.9375	1000.0	3345.888	7.333593	3357.5056	3331.837	1000.0	288.11755	63.037678	336.12857	-33.1326	0.9600851	0.97990584	2.6613703	31.859333	-10.481001	-289.60638	0.07234006	0.0012736828	0.0742392	0.0704958	-0.052756075	0.81562155	0.7407981	12.124069	1.8328428e-06
70	70999	7299.213994503021	1948.6658	395.9831	2344.649	1552.6827	550.5	1043.0872	18.991854	1075.0928	1019.80554	299.4	288.21683	63.070305	335.97345	-17.9855	1.0466388	0.993162	2.6800053	31.907158	-11.058753	-289.652	0.07185245	0.00083237805	0.073191814	0.0702228	-0.01799927	0.81960297	0.7467855	10.630988	7.227063e-07
71	71999	7406.185649394989	3151.1047	0.0	3151.1047	3151.1047	903.0	1364.0977	30.896599	1449.5035	1341.373	381.6	289.36975	63.12256	337.26462	-16.228302	0.98915607	0.9861857	2.660036	32.815086	-11.490715	-290.7649	0.07010845	0.0005932864	0.07103353	0.068641365	-0.03677403	0.8110607	0.7392996	11.041199	5.6028366e-06
72	72999	7514.998716831207	2350.3433	847.4621	3197.8054	1502.8812	663.5	3305.6243	3.348229	3308.9365	3297.708	1000.0	289.47662	63.796894	337.57465	-28.009718	1.0795501	1.0135572	2.6265247	31.193127	-13.326285	-290.8707	0.07029508	0.00047981893	0.07106178	0.0686595	0.03626937	0.81112075	0.7363813	9.870932	5.066395e-07
73	73999	7624.724582433701	3240.505	0.0	3240.505	3240.505	910.0	3364.7395	6.234381	3379.5403	3356.9978	1000.0	289.88852	63.527943	337.90604	-23.357248	1.087101	0.9989373	2.618018	32.08132	-11.276317	-291.27554	0.07006696	0.0007605241	0.07132151	0.06897125	-0.0027096826	0.8098308	0.7314469	11.606482	1.1324883e-06
74	74999	7736.44716835022	2222.7773	0.0	2222.7773	2222.7773	628.0	3248.4724	2.3363802	3253.576	3244.8962	1000.0	290.20648	63.69054	337.9479	-18.064768	1.004824	0.9847997	2.6365607	32.329735	-10.727805	-291.59036	0.070167236	0.00078597566	0.07116419	0.06842242	-0.040523056	0.8149166	0.73610294	10.448298	1.4901161e-07
75	75999	7844.912291049957	3376.499	0.0	3376.499	3376.499	1000.0	3381.2625	4.79287	3387.7454	3370.9524	1000.0	290.9009	63.75601	338.27826	-19.87318	1.0451381	0.9897231	2.6500926	35.27704	-10.510864	-292.2664	0.068275794	0.00067193934	0.06939623	0.06713373	-0.027591601	0.81554866	0.73760587	9.986258	1.5199184e-06
76	76999	7956.1407742500305	2427.703	597.1575	3024.8604	1830.5454	680.0	3341.0508	11.0823345	3366.1377	3326.3113	1000.0	291.0844	63.907963	337.53687	-18.226301	0.9896373	0.9866548	2.640982	34.320637	-9.831059	-292.41864	0.067040496	0.0008076843	0.06832894	0.06558961	-0.036079112	0.8091847	0.7300156	9.305782	4.917383e-06
77	77999	8063.845087766647	3382.1768	0.0	3382.1768	3382.1768	1000.0	2525.0305	635.6374	3473.8293	1796.5977	700.7	291.93066	63.84363	339.0851	-16.556995	0.9707483	0.98986596	2.6570358	34.33763	-13.507779	-293.24643	0.06588614	0.0006166195	0.066912815	0.064704835	-0.02755164	0.8112599	0.7358479	9.962723	2.9802322e-08
78	78999	8173.932723999023	2310.4644	0.0	2310.4644	2310.4644	646.0	3334.9644	9.118492	3354.839	3321.2266	1000.0	292.55768	63.767162	339.3636	-19.042624	0.96374923	1.0100052	2.6370943	32.008293	-9.406581	-293.8715	0.06501743	0.00021491044	0.06569842	0.06456953	0.027352037	0.816929	0.7354874	9.287158	3.4226105e-07
79	79999	8283.406059741974	2561.2056	318.68762	2879.8933	2242.518	714.5	3371.6401	7.169333	3383.4702	3358.076	1000.0	292.6237	64.07844	338.58603	-19.581081	0.99470896	0.99214816	2.649959	34.65629	-9.7052555	-293.97324	0.066328116	0.0010006663	0.06772001	0.064444184	-0.021291561	0.82033896	0.7407188	10.86058	0.0
80	80999	8393.38013267517	1405.9718	0.0	1405.9718	1405.9718	383.0	2710.418	621.53766	3577.2454	1855.1227	758.9	292.97772	64.244644	339.20862	-21.41618	1.0149388	1.0119214	2.6852689	34.474163	-9.911308	-294.2657	0.06639415	0.0006471775	0.067296185	0.06494261	0.032539535	0.81925166	0.74496555	9.755275	2.95043e-06
81	81999	8503.547659635544	3397.266	0.0	3397.266	3397.266	1000.0	3375.9097	12.384921	3394.7336	3354.5327	1000.0	292.55453	63.96726	339.68362	-31.712217	0.980724	0.9934406	2.6640062	32.404667	-12.270917	-293.83176	0.066645555	0.0007258455	0.06806062	0.06553574	-0.017744727	0.8202701	0.742839	10.66088	2.4586916e-07
82	82999	8609.941390752792	2897.7368	0.0	2897.7368	2897.7368	823.0	1424.693	18.138298	1454.2922	1403.9707	390.6	293.6079	64.023895	340.1584	-18.51566	1.0386449	1.0014031	2.6572025	33.235607	-10.62336	-294.87195	0.06601778	0.0005363821	0.0669419	0.06521952	0.0038924636	0.8242147	0.7411279	9.850793	1.66893e-06
83	83999	8715.227968931198	3397.8486	0.0	3397.8486	3397.8486	1000.0	1461.674	121.73794	1566.1082	1270.7379	412.3	294.41296	63.89248	340.78174	-16.888521	0.96016675	1.0080975	2.6895175	33.119816	-11.465315	-295.6902	0.0662797	0.0003710817	0.066780776	0.065558165	0.022067703	0.8342386	0.7490384	9.92345	3.1292439e-07
84	84999	8826.004568338394	2585.185	795.3959	3380.581	1789.7893	752.0	3254.358	3.5720377	3262.0923	3249.659	1000.0	295.363	64.05832	341.62173	-36.07368	0.9827757	1.0069159	2.670013	32.14199	-11.987599	-296.59058	0.06638757	0.00034691952	0.06713351	0.06574264	0.018777968	0.83092296	0.74311507	8.471458	8.940697e-08
85	85999	8932.403793096542	2066.4197	31.110413	2097.53	2035.3092	582.0	689.65784	1322.039	3339.4011	27.42461	221.4	294.49863	64.03116	340.79388	-18.928658	0.9609921	1.0050883	2.6638477	33.254704	-12.833212	-295.75632	0.06764004	0.00024092336	0.068078406	0.06706808	0.013781918	0.82954335	0.74384296	10.075039	2.8163195e-06
86	86999	9043.75896859169	3539.5598	0.0	3539.5598	3539.5598	1000.0	3332.351	3.0030577	3336.1475	3327.9526	1000.0	294.8462	63.86031	341.1133	-35.888226	0.96195054	0.992508	2.6840327	39.59243	-10.360444	-296.10397	0.06828707	0.00070455467	0.06959889	0.066951625	-0.0201288	0.8323988	0.74659985	13.3790655	5.364418e-07
87	87999	9155.56844830513	1725.2627	248.36517	1973.6279	1476.8976	474.5	3366.772	9.338648	3378.8726	3348.6194	1000.0	295.10794	63.91604	340.88712	-20.589918	0.9472163	0.98932624	2.6549416	33.19775	-10.397995	-296.30612	0.066504896	0.00075537735	0.067593746	0.06540844	-0.028868733	0.8259102	0.7412911	10.002588	1.5795231e-06
88	88999	9266.74673461914	3439.4744	0.0	3439.4744	3439.4744	964.0	3363.6558	4.035252	3370.8015	3357.4167	1000.0	295.76508	63.737762	341.76486	-25.217875	0.959654	0.98785836	2.64082	32.08798	-9.127277	-296.99512	0.06546672	0.000516791	0.06621473	0.06448407	-0.033088583	0.8234088	0.7354882	10.57031	3.5762787e-06
89	89999	9373.50280714035	3397.962	0.0	3397.962	3397.962	1000.0	1103.7035	53.018867	1173.2059	1021.6021	308.1	296.73062	63.354855	342.06198	-26.000322	0.94781053	0.9768075	2.6618714	33.38994	-11.191942	-297.94138	0.06401474	0.0009560645	0.065080784	0.062041674	-0.063905545	0.8289494	0.74164724	15.050989	1.4305115e-06
90	90999	9485.780619621277	3407.663	0.0	3407.663	3407.663	1000.0	3392.838	4.3268623	3398.2886	3387.1829	1000.0	296.61035	63.21606	341.4785	-25.532963	0.9078672	1.0142401	2.6317985	33.569355	-9.814056	-297.76974	0.06342167	0.0003831835	0.06386254	0.062201604	0.039445996	0.831275	0.7406802	10.622247	1.2367964e-06
91	91999	9596.403539657593	1216.2501	0.0	1216.2501	1216.2501	334.0	1218.4661	11.920014	1233.6635	1193.8885	334.7	297.22266	63.42932	341.64343	-24.890852	0.9039336	0.98948586	2.6268957	35.687878	-11.950328	-298.41934	0.06378326	0.0008487906	0.064942814	0.062221106	-0.02899126	0.82569647	0.7349746	13.42478	6.2584877e-07
92	92999	9716.062799215317	3130.5432	241.49756	3372.0408	2889.0457	878.5	3363.9731	8.101074	3373.8018	3349.9094	1000.0	298.1072	63.44356	342.73425	-26.334633	0.94234645	0.996323	2.6170893	30.394236	-11.384164	-299.302	0.062030267	0.00043542736	0.06276766	0.06126588	-0.010125706	0.83026147	0.7365708	9.303761	8.34465e-07
93	93999	9835.853512525558	2916.1877	0.0	2916.1877	2916.1877	821.0	3378.939	6.0376015	3392.427	3370.446	1000.0	298.71017	63.515553	342.9997	-20.550165	0.9667058	1.0070328	2.6082287	32.095795	-10.344765	-299.868	0.06306592	0.0003072117	0.063598655	0.061997686	0.01958741	0.8254799	0.73378474	12.524416	4.0978193e-07
94	94999	9955.723400354385	1471.4408	229.66914	1794.4575	1280.4869	406.66666	3385.3984	11.573705	3397.318	3359.457	1000.0	297.43823	63.815914	342.60547	-20.218485	1.1123389	1.033263	2.6036339	33.7206	-12.268213	-298.6051	0.06560634	0.0011185469	0.06718928	0.06276145	0.09132764	0.8227401	0.7342204	10.647842	8.046627e-07
95	95999	10076.18106675148	2146.1226	0.0	2146.1226	2146.1226	598.0	3352.668	2.2905467	3355.5032	3347.3647	1000.0	298.01596	62.997307	343.24164	-24.45129	0.99442446	0.98316115	2.6020756	37.21089	-10.163755	-299.09827	0.06575171	0.00071731623	0.06709573	0.06451144	-0.045867052	0.82258236	0.7330047	12.565425	0.0
96	96999	10195.593396663666	2187.6702	767.8475	2955.5176	1419.8226	605.5	3354.4265	6.046557	3364.07	3343.2327	1000.0	298.6198	63.684772	343.58533	-24.705093	0.94947284	0.991687	2.6236997	31.073065	-10.394387	-299.7518	0.06415983	0.0004383393	0.06490927	0.063464284	-0.02279586	0.8187581	0.7318717	11.288644	5.5134296e-07
97	97999	10312.140080213547	3406.2249	0.0	3406.2249	3406.2249	1000.0	2200.0125	640.4152	3400.0974	1304.6296	659.5	298.57532	63.390583	343.4303	-23.451792	0.9851485	0.9853436	2.6398425	35.140022	-10.456163	-299.688	0.063344546	0.0006488468	0.064336464	0.062076047	-0.040483344	0.82479495	0.73911893	11.18339	3.963709e-06
98	98999	10427.882584571838	3390.9402	0.0	3390.9402	3390.9402	1000.0	1494.595	91.298325	1704.8652	1365.9409	405.3	299.1263	62.79181	343.0957	-28.71377	0.8979859	0.9808197	2.6314857	32.442234	-10.476063	-300.1844	0.06118484	0.0006465989	0.06221446	0.060143534	-0.05354751	0.8256585	0.7328712	12.519852	5.9604645e-08
99	99999	10546.31800532341	3394.654	0.0	3394.654	3394.654	1000.0	3142.966	427.79547	3465.4531	2419.2222	894.4	299.8609	62.739876	343.3884	-17.415453	1.0187993	1.0069687	2.6377401	34.390305	-10.27698	-300.9771	0.060486175	0.00018972419	0.060835805	0.060014363	0.019607306	0.8312562	0.73812336	9.916251	1.7881393e-07
