Epoch	TotalEnvInteracts	Time	AverageEpRet	StdEpRet	MaxEpRet	MinEpRet	EpLen	AverageTestEpRet	StdTestEpRet	MaxTestEpRet	MinTestEpRet	TestEpLen	AverageQ1Vals	StdQ1Vals	MaxQ1Vals	MinQ1Vals	LossQ1	AverageLogPi	StdLogPi	MaxLogPi	MinLogPi	LossPi	AverageAlpha	StdAlpha	MaxAlpha	MinAlpha	LossAlpha	AveragePreTanh	StdPreTanh	MaxPreTanh	MinPreTanh	AverageMCDisRet	StdMCDisRet	MaxMCDisRet	MinMCDisRet	AverageMCDisRetEnt	StdMCDisRetEnt	MaxMCDisRetEnt	MinMCDisRetEnt	AverageQPred	StdQPred	MaxQPred	MinQPred	AverageQBias	StdQBias	MaxQBias	MinQBias	AverageQBiasAbs	StdQBiasAbs	MaxQBiasAbs	MinQBiasAbs	AverageNormQBias	StdNormQBias	MaxNormQBias	MinNormQBias	AverageQBiasSqr	StdQBiasSqr	MaxQBiasSqr	MinQBiasSqr	AverageNormQBiasSqr	StdNormQBiasSqr	MaxNormQBiasSqr	MinNormQBiasSqr
0	999	2.058166742324829	21.867727	16.199148	88.12324	7.9728937	24.55	9.083874	0.0	9.083874	9.083874	39.0	0.0	0.0	0.0	0.0	0.0	0.0	0.0	0.0	0.0	0.0	0.0	0.0	0.0	0.0	0.0	0.0	0.0	0.0	0.0	3.8966274	6.493832	33.349705	-5.190607	7.7804146	8.678303	47.006245	-3.8259275	-0.6305666	0.5053735	1.0066471	-1.5996964	-8.410982	8.418788	2.5572264	-46.71138	8.593777	8.232108	46.71138	0.0011689151	-0.5854674	0.41712454	0.25572264	-1.1188278	141.6206	266.17645	2181.9531	1.3663624e-06	7.75485	8.873425	46.418365	1.3663623e-07
1	1999	2.8575146198272705	21.89739	19.323784	91.71036	6.8197417	24.390244	9.083874	0.0	9.083874	9.083874	39.0	0.0	0.0	0.0	0.0	0.0	0.0	0.0	0.0	0.0	0.0	0.0	0.0	0.0	0.0	0.0	0.0	0.0	0.0	0.0	3.8966274	6.493832	33.349705	-5.190607	7.7804146	8.678303	47.006245	-3.8259275	-0.6305666	0.5053735	1.0066471	-1.5996964	-8.410982	8.418788	2.5572264	-46.71138	8.593777	8.232108	46.71138	0.0011689151	-0.5854674	0.41712454	0.25572264	-1.1188278	141.6206	266.17645	2181.9531	1.3663624e-06	7.75485	8.873425	46.418365	1.3663623e-07
2	2999	3.6460869312286377	17.015001	11.203094	63.820225	6.1277585	21.404255	9.6474495	0.0	9.6474495	9.6474495	37.0	0.0	0.0	0.0	0.0	0.0	0.0	0.0	0.0	0.0	0.0	0.0	0.0	0.0	0.0	0.0	0.0	0.0	0.0	0.0	5.7877517	9.3976345	45.6282	-6.895892	10.192162	12.208515	59.94689	-7.04738	-0.5716236	0.5013529	0.8595862	-1.5933297	-10.763784	11.944662	5.4540505	-59.86889	10.95967	11.765188	59.86889	0.032708716	-0.6050772	0.41837862	0.54540503	-1.0998013	258.534	520.88354	3584.284	0.00106986	10.1600275	12.376998	59.79099	0.00010698599
3	3999	4.444213151931763	18.893555	13.409136	77.89592	6.398895	21.644444	9.584463	0.0	9.584463	9.584463	37.0	0.0	0.0	0.0	0.0	0.0	0.0	0.0	0.0	0.0	0.0	0.0	0.0	0.0	0.0	0.0	0.0	0.0	0.0	0.0	3.7684398	7.593824	38.52175	-5.885399	8.903062	10.836205	56.171665	-4.95661	-0.58562	0.4899888	0.93852663	-1.637347	-9.488682	10.620424	3.689842	-56.08293	9.743272	10.387357	56.08293	0.0063525103	-0.5726975	0.4329602	0.3689842	-1.1083605	202.82849	419.34882	3145.2954	4.035439e-05	8.95857	11.024392	55.994343	4.035439e-06
4	4999	5.234009742736816	14.7635565	9.767971	51.274837	5.4382825	20.22449	9.397522	0.0	9.397522	9.397522	38.0	0.0	0.0	0.0	0.0	0.0	0.0	0.0	0.0	0.0	0.0	0.0	0.0	0.0	0.0	0.0	0.0	0.0	0.0	0.0	3.2687483	5.3901024	22.533459	-5.411339	7.507279	7.7150984	33.658867	-4.5845866	-0.5868321	0.5000162	1.0722659	-1.5748186	-8.094111	7.479732	3.9386168	-34.03151	8.298074	7.2527924	34.03151	0.0046827374	-0.5861503	0.41561297	0.39386165	-1.1279203	121.46102	184.26926	1158.1436	2.192803e-05	7.423026	7.955416	34.540558	2.192803e-06
5	5999	99.56611847877502	127.62675	56.969837	204.47675	16.873861	70.14286	208.16841	0.0	208.16841	208.16841	98.0	92.7163	54.60439	182.46065	-24.797619	7.4754643	-0.7272076	1.8472555	14.052956	-10.153023	-99.25355	0.8835328	0.06216808	0.99970007	0.7810625	-0.19341318	0.81979346	0.6021547	4.4999223	1.2367964e-06	86.79061	36.94309	131.05795	2.4999542	89.74601	40.322895	139.40291	2.4999542	136.2718	54.57442	182.7457	-1.903096	46.5258	22.863314	113.021515	-16.637863	47.154835	21.536072	113.021515	0.025884375	0.62898415	0.91277564	11.302152	-0.76657265	2687.381	1929.8748	12773.863	0.00067000085	38.401512	86.10147	1277.3862	1.5174164e-05
6	6999	194.074711561203	184.45253	58.75074	306.94373	129.74982	110.77778	1033.1371	0.0	1033.1371	1033.1371	1000.0	169.03656	51.20937	209.79228	-26.608305	12.430502	-0.39778432	2.1601782	14.152773	-11.378099	-178.13603	0.68584377	0.053924523	0.7808625	0.5968	-0.5298135	0.83223736	0.6356896	4.9968414	1.8626451e-07	69.031136	34.568268	132.33255	1.131866	83.93623	42.21516	156.44804	1.131866	177.23418	37.591618	205.55112	-15.247231	93.29792	45.131416	190.23647	-26.91196	93.83631	44.001057	190.23647	0.5586547	2.3804533	3.7683985	19.023645	-2.3413222	10741.349	8702.07	36189.91	0.3120951	341.34778	653.69336	3618.991	0.00937583
7	7999	289.60007548332214	205.95901	32.382343	240.78015	146.7854	114.71429	1004.0001	0.0	1004.0001	1004.0001	1000.0	166.48657	58.850628	208.1365	-27.72573	8.919516	-0.2366281	2.2658978	15.612247	-10.879217	-174.53554	0.5234233	0.040237404	0.596648	0.4581357	-0.79828686	0.837025	0.6515072	5.2376328	3.2782555e-07	100.923676	2.4387307	107.03315	95.61698	134.35606	2.4359221	140.98088	128.91077	190.41766	1.7179948	194.99232	184.39792	56.061592	2.2440822	61.6732	48.030884	56.061592	2.2440822	61.6732	48.030884	0.4176216	0.022864973	0.4761209	0.34757096	3147.9382	250.61598	3803.5833	2306.9658	23.462477	2.1996372	29.34445	16.69414
8	8999	384.3959834575653	769.72736	0.0	769.72736	769.72736	731.0	1024.1636	0.0	1024.1636	1024.1636	1000.0	157.37982	50.504208	197.48372	-38.48589	5.2867618	-0.0780136	2.2897491	15.938527	-12.118474	-164.19322	0.40369475	0.030922795	0.45804167	0.35315016	-0.9788741	0.86229247	0.65883994	5.266861	8.6426735e-07	72.19843	28.30993	119.11081	1.0348682	91.945816	36.41479	149.98866	1.0348682	164.58707	10.520386	186.7494	146.29686	72.64124	31.986149	154.40842	28.335875	72.64124	31.986149	154.40842	28.335875	1.5812019	2.7276664	15.440842	0.22639732	6299.8643	5514.62	23841.959	802.9218	181.14197	406.9566	2384.1958	6.415166
9	9999	480.2105145454407	1024.6116	0.0	1024.6116	1024.6116	1000.0	1022.8536	0.0	1022.8536	1022.8536	1000.0	145.62099	42.092896	187.58559	-33.906464	2.533562	-0.23562348	2.2933323	15.753922	-12.281903	-151.08199	0.30461857	0.027427014	0.3530639	0.25881818	-1.4795016	0.82601935	0.64830047	5.71798	1.1026859e-06	104.58448	6.449141	120.37182	92.966774	135.36745	7.0500045	153.10463	121.69332	137.97614	11.65457	165.85486	112.815254	2.6087039	5.4009967	14.149706	-13.52577	4.308414	4.1729684	14.149706	0.00045909703	0.017838132	0.038121067	0.09886623	-0.10705762	35.976097	53.977726	200.21417	2.107701e-07	0.2520159	0.3684437	1.4480368	1.5743392e-09
10	10999	573.6563591957092	387.99445	213.72696	726.8562	212.99535	300.0	221.18077	0.0	221.18077	221.18077	103.0	132.62767	33.207893	166.15416	-35.533493	1.9169326	-0.34425688	2.3828976	18.980232	-11.902208	-137.0955	0.22110853	0.020303955	0.25873068	0.18913679	-2.029669	0.8294201	0.65936023	5.5276885	5.3942204e-06	90.91445	40.148403	132.4269	2.5015874	96.4699	43.945534	145.75809	2.5015874	111.03593	49.52383	151.3837	-3.638108	14.566019	13.259364	40.09255	-13.143421	16.386953	10.9292	40.09255	0.0008442666	0.11592533	0.2281016	0.5163041	-0.9963043	387.97968	421.62875	1607.4124	7.127861e-07	4.420193	4.753116	20.516994	7.127861e-08
11	11999	669.0812351703644	263.96	89.674995	460.45996	203.44067	134.16667	1046.0347	0.0	1046.0347	1046.0347	1000.0	129.83621	36.04086	159.71358	-44.194775	1.8204824	0.10150491	2.4836142	22.077396	-10.023752	-133.89706	0.1697142	0.010963992	0.18908848	0.15005703	-1.5968295	0.88984495	0.68589926	6.286951	2.2649765e-06	108.04061	21.180872	138.2705	1.936368	123.595566	28.014114	164.01901	1.936368	114.8216	26.170708	153.07864	-2.406584	-8.773972	7.090654	20.37733	-32.835842	10.234241	4.745552	32.835842	0.03293883	-0.063710704	0.1138043	1.1278237	-0.4342952	127.25996	111.54224	1078.1926	0.0010849665	1.1808741	1.6117015	20.072105	1.2907119e-05
12	12999	763.9613053798676	314.553	171.42722	689.5528	212.09753	177.66667	1046.0848	0.0	1046.0848	1046.0848	1000.0	126.8333	33.272923	154.47032	-30.680563	1.3919243	0.17683053	2.5742757	22.354025	-10.13048	-130.42657	0.1327921	0.00929708	0.15001391	0.117364414	-1.6595774	0.89452034	0.7009308	5.762251	1.1175871e-07	123.999756	31.609865	155.99852	1.0837148	129.42407	36.581818	172.25983	1.0837148	138.91626	8.468166	153.84695	119.44837	9.492187	35.135506	145.73524	-29.303402	23.466225	27.819807	145.73524	0.08071262	0.47022918	1.9829088	14.573524	-0.18671742	1324.6055	3451.0764	21238.764	0.0065145264	57.986248	272.04886	2123.8762	4.4170367e-05
13	13999	858.8246772289276	368.73926	119.4901	544.2576	145.56874	175.16667	361.8804	0.0	361.8804	361.8804	149.0	130.88261	33.56831	166.7611	-25.469788	1.4496751	0.6786162	2.6216772	23.308868	-10.967149	-134.54248	0.109453	0.004143855	0.11734382	0.10376437	-0.70692176	0.92949635	0.7251579	6.1270847	3.0566007e-06	132.9568	49.501225	188.08852	2.416104	128.32591	49.767002	187.05171	2.416104	125.65958	43.64325	160.56006	-0.90389824	-2.6663342	14.7214	34.370434	-31.410648	12.247655	8.592083	34.370434	0.018548965	-0.012496517	0.14025438	0.40485603	-0.70699644	223.82896	253.20837	1181.3265	0.0003440641	1.7282017	2.083136	12.643424	2.3153414e-06
14	14999	952.7384605407715	474.29553	129.27084	687.7122	303.91827	184.33333	276.74094	0.0	276.74094	276.74094	119.0	144.02893	37.631405	191.42027	-29.285196	1.2511113	0.9508992	2.693047	24.715977	-11.097003	-147.79521	0.10239297	0.0012359491	0.104200795	0.1004647	-0.11180869	0.9510409	0.75059104	6.586118	4.0233135e-07	111.047966	44.223194	159.3174	3.169674	106.03908	44.025978	159.69135	3.169674	171.43913	5.8123593	185.95877	140.49402	65.40005	42.94971	169.74953	7.7797656	65.40005	42.94971	169.74953	7.7797656	1.5112889	2.9268043	16.974953	0.049546532	6121.8433	6893.032	28814.9	60.52475	190.0073	459.37195	2881.49	0.3854604
15	15999	1047.3240022659302	500.83636	107.39426	642.2251	409.8332	182.6	494.64508	0.0	494.64508	494.64508	178.0	156.23679	43.241375	221.3156	-19.080122	1.5044018	1.1296396	2.7242422	25.130913	-13.507567	-160.19382	0.105935976	0.0036029879	0.11269224	0.10093082	0.2905564	0.9480898	0.7623606	8.001313	1.206994e-06	166.49887	59.831154	223.76765	3.8949103	153.75554	55.1073	206.41965	3.8949103	158.35419	54.57897	210.66487	3.8437223	4.598664	14.244684	41.71523	-17.77876	12.272642	8.569773	41.71523	0.021224353	0.042141788	0.107341215	0.70000726	-0.10338419	224.05872	281.22092	1740.1604	0.00045047316	1.4852427	1.9864256	12.562507	4.607783e-06
16	16999	1142.074537038803	561.0768	134.92506	754.0229	333.1022	197.0	507.5966	0.0	507.5966	507.5966	186.0	167.05875	46.348503	225.11588	-37.15776	1.9481196	1.1833199	2.640051	24.768059	-10.24861	-171.10664	0.12326567	0.006378012	0.13559268	0.11270129	0.38364613	0.9584582	0.7593531	7.921324	2.2053719e-06	217.49443	73.46951	305.11572	3.9665942	201.32362	65.60215	277.86627	3.9665942	182.45493	49.456512	222.72049	10.387939	-18.868675	38.36789	176.94687	-70.293495	34.242695	25.6039	176.94687	0.10788724	0.032096066	1.0598419	17.694687	-0.34960416	1828.1221	3571.5273	31310.195	0.011639656	25.29634	174.6646	3131.0195	5.664648e-05
17	17999	1236.913340806961	637.5067	202.7589	948.4557	333.53653	214.4	478.27737	0.0	478.27737	478.27737	190.0	180.85536	50.134197	234.92465	-25.772455	2.1007729	1.109849	2.5371537	24.58629	-12.698003	-185.1344	0.14713745	0.00541029	0.1535111	0.13563171	0.21286276	0.9352887	0.7362394	7.518513	2.1904707e-06	132.77362	54.291637	213.84373	3.0870016	123.87702	50.39981	197.24326	3.0870016	219.44028	6.84293	231.53575	200.46828	95.563255	53.745674	219.45076	12.15087	95.563255	53.745674	219.45076	12.15087	1.8178793	3.6303446	21.945076	0.0644936	12020.934	12211.01	48158.633	147.64365	309.84155	773.0666	4815.8633	0.7836533
18	18999	1331.6515533924103	662.6717	171.37141	876.22314	482.18018	228.75	275.1223	0.0	275.1223	275.1223	124.0	183.14185	50.23078	249.00304	-36.970573	2.7658017	1.034179	2.5851183	23.14356	-10.6483555	-187.22943	0.15465173	0.0018842401	0.16073798	0.1524823	0.06333662	0.9230316	0.7299602	8.8071785	1.0728836e-06	190.51553	80.764206	278.004	2.936136	177.26057	72.28317	256.76556	2.936136	206.73709	47.332306	244.07837	11.396124	29.476507	65.278656	217.45897	-46.98345	44.69823	55.966377	217.45897	0.04645454	0.7056	2.502811	21.745897	-0.26420218	5130.1675	10212.145	47288.402	0.0021580246	129.09721	523.4125	4728.8403	1.0170621e-05
19	19999	1426.4459011554718	839.014	44.238937	898.00714	791.47626	278.66666	2019.5022	0.0	2019.5022	2019.5022	622.0	192.22952	52.789375	258.55118	-28.362272	2.5028348	1.0092717	2.5449014	21.674603	-11.901345	-196.37729	0.16653837	0.0019466021	0.16898477	0.1607681	0.016974853	0.91272247	0.7298767	7.834139	2.9802322e-08	285.2308	50.35227	323.75906	4.5967655	260.63763	45.587585	299.3325	4.5967655	232.86252	38.75814	257.92236	7.383155	-27.775126	12.521162	8.667952	-47.065544	28.069435	11.846682	47.065544	0.029868806	-0.10431169	0.046032857	0.27863893	-0.2271965	928.2371	559.92487	2215.1653	0.0008921455	3.3937602	1.8883841	7.5447893	3.8075543e-06
20	20999	1521.5730123519897	730.0635	155.77951	913.9039	490.22778	240.75	3163.7417	0.0	3163.7417	3163.7417	1000.0	195.8046	54.52783	265.98407	-30.891537	2.3863747	0.98274165	2.5744545	21.278278	-11.926004	-199.75787	0.16054583	0.000997777	0.1629968	0.15860803	-0.031479385	0.9051844	0.7379762	7.2126064	1.013279e-06	248.97743	68.718544	314.45264	3.183397	236.18747	64.351776	297.471	3.183397	248.91437	10.803286	262.8354	211.65364	12.726937	64.324646	242.73009	-40.351765	44.56009	48.104404	242.73009	0.100530386	0.43691424	2.2087197	24.273008	-0.14428742	4299.6357	9891.387	58917.89	0.010106359	95.79951	506.21057	5891.789	3.9269966e-05
21	21999	1616.9591135978699	1557.7542	222.23663	1779.9908	1335.5176	491.0	1111.1621	0.0	1111.1621	1111.1621	343.0	200.66919	55.211044	270.3833	-27.435135	2.1128778	1.0042756	2.571443	22.072567	-13.579949	-204.56453	0.15899213	0.0010007571	0.1605701	0.15761	0.007906265	0.9064887	0.7423445	7.3245745	8.374453e-06	256.76544	70.52441	318.9374	4.514915	242.32323	63.050438	296.56964	4.514915	219.05743	58.0257	269.85187	6.8925023	-23.265787	8.812071	10.3973	-45.77163	23.369156	8.534172	45.77163	0.30845374	-0.09289889	0.07168495	1.03973	-0.3126949	618.9495	388.31296	2095.042	0.09514372	2.5117304	1.7639914	13.883861	0.005429353
22	22999	1711.5975594520569	1661.2253	120.83063	1782.0559	1540.3947	511.0	1508.3258	0.0	1508.3258	1508.3258	467.0	203.77948	57.10722	276.59628	-32.698116	2.1033185	1.035886	2.540125	21.932507	-10.615537	-207.5738	0.16337529	0.0030122064	0.16981512	0.15939713	0.06480808	0.89702964	0.7417199	7.8673677	8.940697e-07	288.2034	38.033764	335.2734	114.47123	270.74692	33.624046	315.36237	115.52633	245.80481	27.431486	274.6421	108.213974	-24.942106	9.921655	1.9039394	-49.840828	24.949993	9.901809	49.840828	0.14211802	-0.090280935	0.030092686	0.009316847	-0.16846654	720.54785	523.4802	2484.1082	0.020197533	2.5363479	1.6643622	8.259127	9.601154e-05
23	23999	1801.8102068901062	1947.231	871.6506	2818.8816	1075.5804	597.5	739.6039	0.0	739.6039	739.6039	258.0	205.69473	58.52492	281.4939	-36.402725	2.330849	0.9969149	2.498579	20.880875	-11.645262	-209.37935	0.1696227	0.00047426941	0.17078505	0.16868912	-0.005438653	0.8733766	0.732169	9.800992	7.003546e-07	135.03227	57.0147	215.45706	3.1359947	129.82253	55.465366	208.54646	3.1359947	252.49394	12.543321	272.37976	217.37097	122.671425	62.11758	260.8122	20.028505	122.671425	62.11758	260.8122	20.028505	2.2212675	4.272352	26.08122	0.10145125	18906.871	16906.928	68023.01	401.14102	450.865	1067.871	6802.301	2.0319169
24	24999	1896.1111245155334	2076.4792	0.0	2076.4792	2076.4792	640.0	2905.0437	0.0	2905.0437	2905.0437	1000.0	211.17589	60.179596	290.89142	-38.51351	2.1098533	0.9800748	2.4820015	20.505856	-11.859737	-214.77263	0.16581	0.0020810894	0.16920158	0.16301186	-0.035733644	0.8589938	0.72750735	7.22828	4.172325e-07	299.50467	18.77394	319.79688	233.45662	289.50854	15.663283	309.68686	238.22523	271.00085	14.735507	289.73505	218.87967	-18.50769	3.3916795	-9.998691	-29.692423	18.50769	3.3916795	29.692423	9.998691	-0.06389595	0.011114928	-0.037128974	-0.10078017	354.038	126.81699	881.6399	99.973816	1.2181785	0.41913432	2.9924073	0.37124112
25	25999	1991.4566724300385	3182.6616	0.0	3182.6616	3182.6616	1000.0	2820.0603	0.0	2820.0603	2820.0603	876.0	216.92424	61.439774	296.9704	-33.306343	2.0467196	0.9795021	2.461913	22.0963	-10.191839	-220.40257	0.15953021	0.0016649559	0.1630131	0.15676259	-0.037497908	0.84856415	0.7193832	7.3501377	3.2410026e-07	266.85956	76.359375	346.9963	3.4808242	253.79007	71.240715	324.1565	3.4808242	274.82455	15.911414	296.116	222.46652	21.034481	70.7833	275.42645	-35.631184	47.35808	56.656315	275.42645	0.073756635	0.47969696	2.2791514	27.542646	-0.11203132	5452.725	12842.881	75859.734	0.0054400414	112.05287	585.1101	7585.9736	2.115418e-05
26	26999	2087.488972425461	3282.8123	0.0	3282.8123	3282.8123	973.0	3161.499	0.0	3161.499	3161.499	1000.0	221.51317	62.466713	302.59323	-48.900158	1.9195851	0.9910834	2.4770067	22.931192	-11.412824	-224.99294	0.1576349	0.0012090801	0.15934901	0.15477496	-0.01651659	0.84712356	0.7208334	7.850004	2.0861626e-07	317.38132	25.417871	349.34268	235.38408	302.50583	19.976345	329.2199	239.82219	280.84558	17.40341	299.53735	224.50227	-21.66027	4.561506	-10.132631	-35.213703	21.66027	4.561506	35.213703	10.132631	-0.07128307	0.012828954	-0.035062287	-0.108702116	489.97464	194.04745	1240.0048	102.67021	1.5996274	0.5780268	3.8278039	0.36213204
27	27999	2182.0488624572754	3183.5334	0.0	3183.5334	3183.5334	1000.0	807.9791	0.0	807.9791	807.9791	277.0	226.19116	63.49319	307.6392	-29.501608	1.7765659	1.0010896	2.498376	25.70006	-10.142808	-229.46788	0.15280955	0.001081373	0.15512213	0.15101548	0.0020833074	0.8556371	0.73263305	7.3166547	9.536743e-07	250.00154	78.185974	350.4414	3.6812263	237.36066	72.84459	328.37225	3.6812263	284.31653	19.411112	307.6325	224.54256	46.955887	78.293495	287.28128	-30.92272	59.54059	69.20726	287.28128	0.0065632774	0.7303541	2.6795456	28.728127	-0.10551946	8334.727	16237.439	82530.53	4.3076612e-05	165.84988	723.128	8253.053	1.7091126e-07
28	28999	2277.1031045913696	2178.875	0.0	2178.875	2178.875	649.0	825.4478	0.0	825.4478	825.4478	278.0	229.83426	64.571815	313.36328	-39.819996	1.7938687	1.0290467	2.4879262	22.626997	-10.889014	-233.06248	0.16009125	0.0017786082	0.16314246	0.15507576	0.053460807	0.8611259	0.7385352	9.56388	1.1399388e-06	279.7291	82.62016	357.14825	3.7821722	266.2672	75.964905	338.38794	3.7821722	286.39835	20.128168	311.36533	226.45343	20.13112	78.03251	290.9222	-40.3921	53.37377	60.37859	290.9222	0.075741835	0.4998455	2.4600978	29.09222	-0.121720135	6494.334	15169.859	84635.73	0.005736825	129.7945	687.40686	8463.573	2.2258864e-05
29	29999	2372.32412648201	2994.8713	0.0	2994.8713	2994.8713	887.0	3244.5774	0.0	3244.5774	3244.5774	1000.0	233.38821	64.72109	315.32822	-19.38969	1.7247077	1.0123577	2.4611206	23.201214	-9.926533	-236.57172	0.16581681	0.0013558271	0.16782397	0.16310027	0.022313816	0.85706997	0.7365897	9.829044	7.4505806e-06	321.59506	24.557386	347.17297	241.80183	308.66745	20.1581	334.0968	245.89722	290.5838	20.11287	313.81064	227.89514	-18.083607	4.0437922	0.89850795	-26.429453	18.08689	4.0290823	26.429453	0.11809288	-0.058779344	0.0134936515	0.003022899	-0.08694182	343.36914	125.82567	698.5159	0.013945928	1.1144438	0.4065895	2.1099994	4.664571e-05
30	30999	2467.551263809204	3247.6125	0.0	3247.6125	3247.6125	1000.0	3389.0884	0.0	3389.0884	3389.0884	1000.0	236.32484	65.323494	316.74252	-27.901964	1.6776093	0.9905931	2.4430566	22.304356	-11.938959	-239.38493	0.1646131	0.0018305177	0.16811219	0.16198324	-0.016848397	0.8505703	0.7353184	8.382277	2.1457672e-06	321.59558	28.903614	356.22238	212.0555	302.13315	24.115993	334.4057	201.76015	281.15576	23.695568	314.0564	186.12329	-20.977354	7.5339246	6.1271734	-41.53778	21.047201	7.3365426	41.53778	0.07286135	-0.0694662	0.025004007	0.022670187	-0.12783563	496.8095	275.38034	1725.3871	0.0053087766	1.6400645	0.8938793	5.3100085	1.757833e-05
31	31999	2563.225576877594	3244.1863	0.0	3244.1863	3244.1863	1000.0	3313.0989	0.0	3313.0989	3313.0989	1000.0	239.91452	65.89882	318.9036	-15.630045	1.5848774	0.98662823	2.4347255	23.625383	-10.534095	-242.92595	0.16137765	0.0015998514	0.16431634	0.15929294	-0.024258552	0.84483254	0.7348059	7.475286	4.3213367e-07	332.205	23.811499	353.0444	249.0728	321.54663	21.854265	344.03333	250.15274	298.52905	21.972149	319.48898	229.69754	-23.01759	2.335484	-16.20334	-28.714087	23.01759	2.335484	28.714087	16.20334	-0.07195932	0.009213677	-0.049462672	-0.0983547	535.2639	105.93034	824.4988	262.54822	1.6734644	0.3572987	2.5295162	0.8014605
32	32999	2658.2850017547607	2815.575	447.7622	3263.3372	2367.8127	867.5	3302.0261	0.0	3302.0261	3302.0261	1000.0	243.02258	66.250046	323.22742	-23.164215	1.9884963	1.0178697	2.4332216	21.260784	-10.771027	-245.98355	0.16196299	0.0010484424	0.16543253	0.16030689	0.032468993	0.8441004	0.7365113	7.7199984	5.9604645e-08	248.35825	82.70881	350.89545	3.781633	239.37784	79.91223	338.45047	3.781633	292.3436	21.619383	319.50995	229.67838	52.965714	80.30793	289.771	-27.172441	64.93617	70.97905	289.771	0.2220146	0.773111	2.6317964	28.9771	-0.09487067	9254.731	16346.05	83967.234	0.04929049	171.16837	705.49255	8396.724	0.00019971297
33	33999	2755.2030527591705	3324.5518	0.0	3324.5518	3324.5518	1000.0	3220.413	0.0	3220.413	3220.413	1000.0	246.35104	66.40777	326.29556	-43.66741	2.1077456	0.9925691	2.3864722	22.854805	-12.055725	-249.20967	0.16646433	0.0018600179	0.16888742	0.16289221	-0.013351162	0.844895	0.73185664	9.0239105	5.9604645e-08	326.1676	22.607096	350.54227	245.29959	317.96466	19.492828	343.39255	252.04533	297.96262	20.860807	320.96942	230.53925	-20.002052	4.4875207	-9.587776	-32.840485	20.002052	4.4875207	32.840485	9.587776	-0.0633733	0.015736412	-0.029936276	-0.10131651	420.21994	176.22719	1078.4974	91.92545	1.3349206	0.582121	3.3272834	0.28702232
34	34999	2851.2449712753296	3345.0852	0.0	3345.0852	3345.0852	1000.0	3373.6406	0.0	3373.6406	3373.6406	1000.0	250.35669	66.61787	331.01886	-35.47917	2.0855937	0.9850297	2.3869493	23.208054	-12.0416765	-253.23122	0.16149502	0.001084624	0.1634255	0.15918763	-0.027286222	0.84140396	0.73286915	9.601689	1.1175871e-06	338.1753	25.429457	361.49088	251.07506	330.95856	22.808653	354.82864	257.1635	305.06952	23.056473	328.0669	232.49255	-25.889044	2.8470204	-18.661081	-36.32627	25.889044	2.8470204	36.32627	18.661081	-0.07865806	0.01059302	-0.05567986	-0.10831188	678.3481	150.47194	1319.5979	348.23596	2.0610068	0.47918022	3.9345665	1.0390464
35	35999	2946.7217934131622	1787.519	133.9046	1921.4236	1653.6144	553.0	3359.6082	0.0	3359.6082	3359.6082	1000.0	254.72104	66.89809	333.29648	-19.643381	3.1114643	1.0126637	2.3973482	22.439209	-11.934104	-257.58154	0.15594739	0.0026101149	0.16208561	0.1520723	0.023279404	0.84062535	0.73582935	9.624872	3.2037497e-06	335.15225	26.358936	358.83957	246.60484	322.84778	22.633574	344.63882	247.09222	307.45428	24.03478	330.71915	232.84842	-15.393467	2.4809463	-9.167238	-23.238531	15.393467	2.4809463	23.238531	9.167238	-0.0482571	0.010524633	-0.027306838	-0.08508935	243.11395	78.57181	540.02936	84.03826	0.7673626	0.2927543	1.9773515	0.2503283
36	36999	3042.2086062431335	2711.1482	0.0	2711.1482	2711.1482	813.0	3271.47	0.0	3271.47	3271.47	1000.0	257.0936	67.65245	336.67276	-74.52443	4.1436014	1.0388991	2.3993459	22.416233	-10.076077	-259.87256	0.16980398	0.003521141	0.17371371	0.16211855	0.06948392	0.8571738	0.749227	9.194689	3.5762787e-07	327.2252	24.442314	349.53784	243.32503	321.6099	21.48773	342.8889	251.30956	308.72696	24.195593	332.66	233.71318	-12.882902	4.3316584	-4.2360125	-23.592672	12.882902	4.3316584	23.592672	4.2360125	-0.040828414	0.016098466	-0.013140485	-0.08606497	184.73242	120.704575	556.6142	17.9438	0.5941759	0.42624217	2.0305026	0.055663254
37	37999	3136.942519903183	3349.773	0.0	3349.773	3349.773	1000.0	3415.135	0.0	3415.135	3415.135	1000.0	260.21667	66.72493	335.3841	-52.34746	4.55736	0.95779973	2.4396245	22.625172	-10.550041	-263.01324	0.16954282	0.004692596	0.17460522	0.16112645	-0.07539027	0.85421705	0.750562	8.269545	5.6773424e-06	336.6594	26.420956	361.47125	249.60486	322.57614	23.136042	348.40067	245.61502	307.6582	24.174763	332.2422	233.50534	-14.917935	5.2025976	-3.3816624	-94.85471	14.917935	5.2025976	94.85471	3.3816624	-0.046633866	0.017193086	-0.010506445	-0.2888741	249.61179	315.37912	8997.416	11.43564	0.7825841	0.9740186	27.401068	0.03552925
38	38999	3232.2500059604645	1986.5807	0.0	1986.5807	1986.5807	594.0	12.843945	0.0	12.843945	12.843945	14.0	263.1528	65.229065	334.32507	-48.52683	3.9563065	1.0604612	2.4685423	23.307234	-10.762861	-265.9645	0.16431037	0.005317525	0.17803349	0.16025642	0.10745491	0.8744032	0.7722513	8.395235	1.0728836e-06	309.28055	60.76565	355.68436	3.9291933	300.7204	63.933804	347.4977	3.9291933	293.9087	45.777863	329.84564	4.7696967	-6.811712	31.414463	135.40762	-42.420082	24.697096	20.574776	135.40762	0.10620999	0.0057543116	0.16732037	0.9577199	-0.12738052	1033.268	2381.046	18335.227	0.011280563	5.075809	14.598499	127.60261	4.5035635e-05
39	39999	3326.1170082092285	3302.63	0.0	3302.63	3302.63	1000.0	3426.6167	0.0	3426.6167	3426.6167	1000.0	262.5803	65.20634	332.9672	-45.1026	2.9342318	0.9204984	2.399812	23.824038	-12.297867	-265.2666	0.17115018	0.008195336	0.18186776	0.15737456	-0.14192599	0.84780467	0.7415746	9.486576	2.95043e-06	309.4201	61.08416	367.8208	36.99559	303.716	59.193886	354.20078	35.50518	308.09982	22.3093	329.194	235.25204	4.3838058	60.90963	284.51172	-29.046125	38.06047	47.755646	284.51172	0.14063033	0.12311439	0.6977679	8.013246	-0.09944991	3729.2002	11316.001	80946.92	0.01977689	36.34884	176.58807	2279.8623	6.355332e-05
40	40999	3422.0475623607635	2086.515	666.6101	2753.125	1419.9048	617.0	3294.2212	0.0	3294.2212	3294.2212	1000.0	262.65814	65.45708	331.60608	-34.82288	4.5609365	1.0041614	2.4365315	22.968212	-11.8274975	-265.3106	0.15602578	0.0010107678	0.15825199	0.15398026	0.007739826	0.83519614	0.7401473	8.7438755	1.6093254e-06	332.9931	22.454788	354.40866	249.57945	322.61734	20.785358	344.88144	251.90218	306.69815	22.183178	326.87576	145.23157	-15.919152	5.968535	-7.966775	-185.82639	15.919152	5.968535	185.82639	7.966775	-0.04970413	0.01891556	-0.02470539	-0.56131077	289.04282	1061.375	34531.45	63.4695	0.9018084	3.2079396	104.30635	0.19682227
41	41999	3518.414274454117	3409.8235	0.0	3409.8235	3409.8235	1000.0	3366.6755	0.0	3366.6755	3366.6755	1000.0	263.88037	65.47021	332.90872	-55.084263	3.4432077	1.0040001	2.4178336	24.61543	-10.168186	-266.55475	0.16083047	0.001065781	0.162548	0.15826406	0.007414858	0.8303947	0.7428485	10.102436	3.222376e-06	336.22815	26.830185	361.55386	246.32748	326.6657	23.194733	349.64474	251.02438	309.18674	23.479109	331.01828	236.70169	-17.47897	2.0040834	-10.85526	-26.527437	17.47897	2.0040834	26.527437	10.85526	-0.053852074	0.007930917	-0.03762777	-0.08085847	309.5307	71.04047	703.70496	117.83666	0.95470184	0.24454805	2.0537114	0.44710082
42	42999	3615.224471092224	3401.7915	0.0	3401.7915	3401.7915	1000.0	3350.098	0.0	3350.098	3350.098	1000.0	266.19824	65.80051	333.94818	-55.101265	2.9362888	0.9678432	2.4640503	23.532701	-10.723455	-268.77115	0.1557453	0.0025005217	0.15965317	0.15105774	-0.059822172	0.8308377	0.74329215	9.332463	5.364418e-07	337.96912	25.878532	367.03754	250.93124	330.26263	21.829857	354.57556	256.6509	309.42163	22.278736	330.94464	235.43954	-20.841005	2.753406	-12.446281	-39.114628	20.841005	2.753406	39.114628	12.446281	-0.0634839	0.010004999	-0.036648124	-0.11352472	441.92865	117.238884	1529.9542	154.90993	1.3470755	0.37339246	4.4404774	0.4561329
43	43999	3711.9385302066803	3414.4092	0.0	3414.4092	3414.4092	1000.0	3542.6196	0.0	3542.6196	3542.6196	1000.0	269.49057	65.210724	334.10095	-45.74242	2.2877915	0.9566687	2.425673	22.692863	-11.122118	-271.93872	0.1455665	0.0031814096	0.15108791	0.14050853	-0.08338873	0.83515435	0.7434242	10.740374	4.4703484e-07	354.69763	25.274443	378.739	261.8132	335.66266	21.195986	360.031	259.50958	309.1402	21.45709	333.2473	236.7858	-26.522429	3.194624	-17.781	-38.92996	26.522429	3.194624	38.92996	17.781	-0.07936413	0.010909231	-0.052199684	-0.11197009	713.64496	174.72961	1515.5416	316.16397	2.1350465	0.5352231	4.358991	0.92816263
44	44999	3807.080038547516	2181.6958	610.2566	2791.9524	1571.4392	634.5	3445.738	0.0	3445.738	3445.738	1000.0	272.66888	64.56086	338.3015	-65.29378	2.8255606	0.9960903	2.467985	24.2514	-11.392017	-275.1421	0.13954625	0.00057960785	0.14074475	0.13852094	-0.00763174	0.8375776	0.74620485	8.981977	2.9802322e-07	330.87317	22.903372	359.69626	252.61049	320.71054	21.779501	350.85455	254.39462	313.94138	22.869104	337.17188	238.98485	-6.7691875	16.02156	41.609207	-26.579401	15.6691	7.549279	41.609207	0.06586318	-0.020212036	0.052390218	0.14678973	-0.09192594	302.51233	266.99866	1731.3262	0.0043379585	0.9738022	0.9173151	6.1078043	1.3028228e-05
45	45999	3903.5147473812103	3456.4578	0.0	3456.4578	3456.4578	1000.0	3461.2178	0.0	3461.2178	3461.2178	1000.0	274.3231	65.48573	340.61	-38.856575	2.6847022	0.9747058	2.4636178	35.234474	-11.107252	-276.77142	0.13766934	0.0013810521	0.13969363	0.13367136	-0.050289366	0.8349943	0.7451902	10.314087	2.3841858e-07	315.86823	71.36637	366.8486	3.541109	305.0948	66.79193	354.35544	3.541109	310.34775	23.708979	336.48608	238.34592	5.252953	63.67335	321.99045	-25.198572	36.182198	52.65679	321.99045	10.350168	0.26791155	2.027208	32.199043	-0.08354898	4081.889	13787.008	103677.84	107.12599	82.14016	627.0409	10367.785	0.32391247
46	46999	4000.16112613678	1392.4515	1385.7875	3291.922	24.841625	405.66666	3444.3743	0.0	3444.3743	3444.3743	1000.0	274.88522	66.81112	341.01575	-46.02973	2.5976834	1.028616	2.4430776	30.854595	-12.190202	-277.30994	0.13619943	0.002177647	0.14032055	0.13346675	0.056957137	0.8271376	0.74534667	14.349426	5.9604645e-07	343.28906	27.447334	367.93546	251.85803	331.0313	24.247757	353.46744	243.47156	312.88922	24.564182	336.7984	196.59566	-18.142065	5.142492	-0.6907646	-87.94017	18.142065	5.142492	87.94017	0.6907646	-0.05502111	0.017865233	-0.0025908477	-0.30906537	355.57974	301.3948	7733.4736	0.47715572	1.0878165	1.056315	27.179262	0.0017896658
47	47999	4096.879133462906	3414.8267	0.0	3414.8267	3414.8267	1000.0	3399.5298	0.0	3399.5298	3399.5298	1000.0	275.82297	66.22064	343.5641	-36.662083	2.728758	1.010135	2.4367433	29.467056	-11.802231	-278.21027	0.14353153	0.0015188807	0.14546637	0.14024614	0.019876374	0.8253142	0.7470454	16.76346	2.7120113e-06	339.81644	26.45565	369.04773	253.11995	330.89566	22.62954	353.98798	255.3118	313.19055	23.194906	338.77734	237.87413	-17.705103	2.9550962	-11.816835	-35.257214	17.705103	2.9550962	35.257214	11.816835	-0.053870667	0.010273792	-0.03393528	-0.10583522	322.20322	113.45714	1243.071	139.6376	0.98149914	0.3575142	3.7314548	0.4010076
48	48999	4193.500037193298	3431.1228	0.0	3431.1228	3431.1228	1000.0	3367.201	0.0	3367.201	3367.201	1000.0	277.17914	66.23239	343.32617	-52.200336	2.4346497	1.0030371	2.4845257	30.330029	-10.966198	-279.52182	0.14265276	0.0007948367	0.14416113	0.14127967	0.005957214	0.84215015	0.7554771	12.360588	1.8626451e-06	336.36172	25.469131	362.2125	248.98294	333.44357	23.118937	358.4228	253.93044	315.12888	24.031034	338.0788	237.76485	-18.314692	3.1610222	-10.168096	-26.80648	18.314692	3.1610222	26.80648	10.168096	-0.05539373	0.011688577	-0.03074647	-0.093082234	345.41995	116.3235	718.5874	103.390175	1.0486354	0.39528042	2.4883423	0.31263304
49	49999	4288.235729932785	3405.641	0.0	3405.641	3405.641	1000.0	3527.5051	0.0	3527.5051	3527.5051	1000.0	279.1531	65.16923	341.74158	-51.342846	2.4314468	0.9565592	2.4371154	26.180801	-11.167065	-281.44287	0.13791282	0.003425927	0.14347473	0.1331459	-0.08594557	0.83619815	0.7429096	15.771688	2.5592744e-06	353.26566	23.436726	377.65213	266.1506	336.4753	21.814228	359.75296	250.00574	312.3978	21.121288	338.5558	237.77357	-24.077503	4.6954575	-5.8641715	-47.088264	24.077503	4.6954575	47.088264	5.8641715	-0.071607314	0.013918035	-0.021795984	-0.1399103	601.7735	230.10985	2217.3044	34.388508	1.7860794	0.6796317	6.588133	0.1278154
50	50999	4383.946965932846	3446.8638	0.0	3446.8638	3446.8638	1000.0	3442.8887	0.0	3442.8887	3442.8887	1000.0	280.70108	65.584145	342.8346	-51.456017	2.2030077	0.9770378	2.4740174	30.758045	-11.253872	-282.96793	0.13115637	0.0012899856	0.13312311	0.12785143	-0.04673143	0.8374377	0.74526966	18.62593	1.9608997e-06	341.05435	25.94117	365.26938	253.33408	330.10892	21.93719	354.77194	255.71217	314.1023	22.931005	337.39673	239.06516	-16.0066	2.1769896	-10.611148	-22.081547	16.0066	2.1769896	22.081547	10.611148	-0.048936635	0.009041973	-0.031228801	-0.0783691	260.95053	70.03081	487.59476	112.59646	0.8013065	0.25244004	1.6846548	0.33137342
51	51999	4480.345253705978	2460.6482	0.0	2460.6482	2460.6482	694.0	3372.4185	0.0	3372.4185	3372.4185	1000.0	282.3413	64.96464	343.88852	-50.826836	2.2567847	0.99798375	2.466303	31.994732	-12.35177	-284.53018	0.12754168	0.00054222153	0.12847842	0.12641205	-0.0040997122	0.8320262	0.7446	15.863406	3.5762787e-07	331.3181	25.1849	355.77435	245.88245	327.1079	24.740835	351.1996	249.46596	317.0359	24.34512	337.95648	239.01389	-10.072015	4.2864504	4.2139874	-18.857859	10.127497	4.1536694	18.857859	0.0874781	-0.030830914	0.013429546	0.013180222	-0.06825712	119.81915	77.86905	355.6188	0.0076524178	0.36660418	0.24687995	1.2540108	2.299414e-05
52	52999	4576.589168787003	3448.1555	0.0	3448.1555	3448.1555	1000.0	3354.7322	0.0	3354.7322	3354.7322	1000.0	282.63925	65.3812	344.1482	-37.934734	2.049608	1.0154599	2.4930437	31.43771	-10.595195	-284.8067	0.129375	0.0012714844	0.1313457	0.12711255	0.031711906	0.83827627	0.7576801	15.340059	5.2154064e-07	336.63956	24.623798	358.9877	249.16318	335.41345	23.144371	357.235	256.56433	318.04922	24.579271	339.55743	239.6445	-17.36422	3.3282692	-9.758786	-24.578579	17.36422	3.3282692	24.578579	9.758786	-0.0523388	0.012540296	-0.02839298	-0.089395344	312.59344	116.301704	604.10657	95.2339	0.94810617	0.4024008	2.1768692	0.2788848
53	53999	4672.681008338928	3430.9736	0.0	3430.9736	3430.9736	1000.0	3414.7493	0.0	3414.7493	3414.7493	1000.0	283.55698	65.06496	344.22653	-40.48064	1.9121606	0.989269	2.4804542	29.479107	-10.170857	-285.70456	0.12993845	0.0012611465	0.13191374	0.12795581	-0.021847785	0.8321712	0.7530752	13.88096	1.3709068e-06	341.7326	27.652971	365.86505	250.5718	337.3266	25.522228	360.12112	256.6641	318.75543	24.880892	339.88367	239.33258	-18.57113	2.1922843	-8.168343	-23.504957	18.57113	2.1922843	23.504957	8.168343	-0.055239033	0.0070695705	-0.026921004	-0.08125504	349.69302	76.807625	552.483	66.721825	1.037732	0.23087676	1.8125153	0.2199
54	54999	4769.013689041138	3410.9563	0.0	3410.9563	3410.9563	1000.0	3444.31	0.0	3444.31	3444.31	1000.0	285.87494	63.69817	345.86255	-41.357185	2.0745766	0.995882	2.5037432	29.87082	-10.317511	-288.04758	0.12837106	0.0003759774	0.12915652	0.12752073	-0.00842207	0.8352156	0.75714374	14.542159	1.4901161e-07	344.76654	27.615368	371.99454	252.64201	337.22952	23.35657	360.16577	256.6118	317.97934	23.8494	341.47806	239.87796	-19.25015	2.4083686	-10.412978	-25.675102	19.25015	2.4083686	25.675102	10.412978	-0.057479706	0.009303364	-0.031153187	-0.09611797	376.3685	94.14872	659.2109	108.430115	1.1259863	0.3195377	2.4678388	0.32439744
55	55999	4865.56796336174	3413.105	0.0	3413.105	3413.105	1000.0	3483.173	0.0	3483.173	3483.173	1000.0	287.7935	63.1973	345.89496	-34.89212	1.8018128	0.99260783	2.5031235	27.995089	-11.960581	-289.8846	0.12515208	0.0013082474	0.12777515	0.1231822	-0.015197853	0.835952	0.7539167	18.72383	1.9744039e-07	345.98148	28.939116	372.91202	250.42871	337.59525	23.671017	359.7161	256.21884	318.83405	24.126282	342.828	240.49069	-18.761171	2.9215817	-8.660536	-25.466032	18.761171	2.9215817	25.466032	8.660536	-0.055945564	0.0102657145	-0.025503052	-0.08670934	360.51727	106.96885	648.5188	75.00488	1.0765356	0.34423158	1.9797989	0.22087009
56	56999	4962.034804344177	2214.3022	160.1737	2374.4758	2054.1284	646.5	3516.8352	0.0	3516.8352	3516.8352	1000.0	288.16312	63.270058	346.48285	-54.797905	2.027329	0.9803531	2.4666805	26.535118	-10.872209	-290.18936	0.12349965	0.00154376	0.12618606	0.120757885	-0.040960852	0.8336599	0.7468636	17.81449	7.1525574e-07	323.57523	67.40331	376.40714	3.8871067	315.2312	63.259773	366.3304	3.8871067	319.38373	26.237621	344.73004	239.64024	4.1525097	62.864132	330.58987	-25.508705	35.6133	51.969555	330.58987	0.06478101	0.22982788	1.8905594	33.058987	-0.08127764	3969.1426	13892.081	109289.67	0.0041965796	74.03477	596.3315	10928.967	1.5644006e-05
57	57999	5058.492789506912	3442.9385	0.0	3442.9385	3442.9385	1000.0	3454.019	0.0	3454.019	3454.019	1000.0	287.5824	63.668205	345.992	-54.080738	2.115774	1.0089164	2.5033333	26.792524	-12.144966	-289.59534	0.12295329	0.00047731664	0.12378651	0.12172819	0.01875807	0.8405097	0.7563634	18.684147	1.1920929e-07	297.5229	83.9103	371.53113	4.5633297	284.79974	83.25598	362.8576	4.5633297	289.2718	63.270275	342.34082	7.913474	4.4720645	41.289867	122.91872	-38.197144	34.57478	23.009495	122.91872	0.22837985	0.05317158	0.1990299	0.9383672	-0.32083952	1724.8525	2633.0984	15109.011	0.05215735	8.136965	15.40338	102.847046	0.00061606115
58	58999	5153.496794223785	3435.7842	0.0	3435.7842	3435.7842	1000.0	3416.9849	0.0	3416.9849	3416.9849	1000.0	287.87372	63.744217	345.55115	-44.870625	1.9201766	1.0129039	2.5062363	29.646023	-10.864529	-289.8947	0.12502933	0.0008568497	0.12694561	0.123538725	0.026895842	0.837774	0.7512883	15.610631	1.4007092e-06	228.9776	92.84051	356.87415	3.6648855	220.45483	96.78057	358.93134	3.6648855	260.164	81.61805	342.2916	2.0719714	39.70916	51.251472	145.12901	-29.283556	51.728065	39.08629	145.12901	0.38546884	0.25141537	0.28855333	1.1152886	-0.44914207	4203.5312	5008.848	21062.43	0.14858623	24.188396	31.723803	161.479	0.011692672
59	59999	5249.673088550568	1627.2896	0.0	1627.2896	1627.2896	461.0	3436.2498	0.0	3436.2498	3436.2498	1000.0	288.70462	63.48767	346.64313	-87.977005	2.0180387	0.9950941	2.4957252	28.41909	-12.180577	-290.66647	0.12620571	0.00075248297	0.12755889	0.12492096	-0.010100775	0.8360654	0.74648803	12.424393	5.9604645e-07	322.12738	62.319477	373.47867	5.003479	308.45453	59.63848	361.4615	5.003479	294.7145	50.72498	343.359	9.531494	-13.740014	18.704075	44.896866	-53.302906	20.01012	11.756937	53.302906	0.023665236	-0.03553618	0.071821004	0.45280153	-0.16781335	538.6305	594.25684	2841.1997	0.0005600434	1.7508082	1.9229493	10.5719385	1.7949463e-06
60	60999	5346.268620967865	3440.284	0.0	3440.284	3440.284	1000.0	3448.706	0.0	3448.706	3448.706	1000.0	289.7009	63.109005	347.0143	-46.516117	2.1182551	0.9721096	2.4548318	27.763943	-13.202326	-291.61963	0.12206314	0.0013353928	0.12529764	0.119567305	-0.058512673	0.825619	0.7398859	11.636971	1.4007092e-06	341.01483	23.667196	364.87485	257.49966	331.13724	24.189249	360.98	258.6408	313.5374	24.395792	344.6051	239.24097	-17.599817	6.8444724	13.2012825	-33.6708	17.918943	5.9591823	33.6708	0.25402835	-0.053269282	0.022353813	0.047665723	-0.10424245	356.60037	206.27094	1133.7227	0.0645304	1.0873535	0.66236013	3.5099266	0.00021558527
61	61999	5441.239534378052	3441.5962	0.0	3441.5962	3441.5962	1000.0	3492.5933	0.0	3492.5933	3492.5933	1000.0	291.9871	62.107643	347.68945	-48.26244	1.8539506	0.9869521	2.5113747	25.785934	-10.712643	-293.91666	0.118512206	0.0007559172	0.11961184	0.11686154	-0.027813934	0.83120644	0.74300945	9.833716	2.9802322e-07	279.7187	82.009514	367.0903	3.5661654	261.1465	79.79919	356.76523	3.5661654	274.53592	67.135506	334.74506	-0.7276492	13.389416	30.301031	124.34374	-34.975357	25.693659	20.91088	124.34374	0.0015933397	0.08433124	0.1606016	0.7149974	-0.5360911	1097.429	1854.0055	15461.366	2.5387317e-06	5.508263	10.043947	88.78514	8.685534e-09
62	62999	5536.928397655487	1965.9474	0.0	1965.9474	1965.9474	587.0	920.21173	0.0	920.21173	920.21173	271.0	294.04013	61.642647	349.26468	-64.05142	2.7490757	1.0147859	2.4775455	30.565052	-11.199862	-295.91428	0.11901152	0.0011813156	0.12069114	0.1166981	0.03161737	0.83007216	0.7411177	9.837332	1.2665987e-06	286.63016	80.82879	365.19324	3.8986413	268.9749	78.531105	357.05252	3.8986413	276.25864	67.75404	342.1062	1.5452585	7.283721	22.27893	69.134026	-27.494482	18.79044	14.0115185	69.134026	0.005734701	0.05887999	0.13745882	1.316973	-0.30345652	549.4033	740.33563	4779.513	3.28868e-05	2.7780564	4.2178597	28.850784	1.1505641e-07
63	63999	5633.253988981247	1484.5078	1194.0739	3455.918	473.81326	442.25	3474.2605	0.0	3474.2605	3474.2605	1000.0	293.66745	63.321987	350.77762	-42.536804	2.9848092	1.0399991	2.4758778	26.212826	-11.991077	-295.538	0.122390494	0.0018569311	0.12795532	0.11981157	0.083620876	0.8354165	0.7513516	13.37863	3.4971163e-07	343.43518	24.997154	365.41013	255.10109	333.89893	21.100016	352.59885	261.07812	318.16516	23.919075	342.86145	239.23856	-15.733757	5.0012546	-6.5395412	-37.761997	15.733757	5.0012546	37.761997	6.5395412	-0.047837187	0.017039733	-0.019085754	-0.11422023	272.5637	181.4802	1425.9685	42.765602	0.8356814	0.57260567	4.3131843	0.124812074
64	64999	5729.459308862686	3472.9214	0.0	3472.9214	3472.9214	1000.0	3461.695	0.0	3461.695	3461.695	1000.0	292.2086	63.87143	350.89798	-30.632977	3.1157246	1.0542768	2.4554493	26.620434	-11.56186	-294.03525	0.13488708	0.0033939052	0.14005546	0.12798162	0.10920453	0.83528054	0.7573234	10.573058	1.1622906e-06	322.77878	74.213806	369.8603	3.5714755	315.24963	71.04948	361.80356	3.5714755	318.13898	26.425127	345.25217	240.02454	2.8893714	63.518353	323.40863	-31.198206	34.49947	53.41082	323.40863	7.8614216	0.28049263	2.1070828	32.340862	-0.09548055	4042.9294	14059.154	104593.14	61.801945	87.62852	654.3489	10459.314	0.18502994
65	65999	5825.487154960632	3426.3398	0.0	3426.3398	3426.3398	1000.0	3398.815	0.0	3398.815	3398.815	1000.0	291.94876	63.25411	348.63214	-34.40765	2.4609952	0.9880074	2.4556255	27.658062	-11.828129	-293.75607	0.13796462	0.0012513305	0.14044626	0.13642772	-0.023638988	0.84081167	0.7588708	11.087368	7.4505806e-07	336.65143	24.338491	359.63535	252.47275	335.71713	22.103712	356.44897	262.3271	320.24588	25.143702	343.88086	240.40463	-15.471277	4.1571403	-4.703836	-24.004822	15.471277	4.1571403	24.004822	4.703836	-0.046931658	0.015665988	-0.014332666	-0.08490094	256.64224	131.5841	576.23145	22.126074	0.7897412	0.46212304	2.0380318	0.06741851
66	66999	5921.5192148685455	2322.7058	0.0	2322.7058	2322.7058	684.0	3479.3245	0.0	3479.3245	3479.3245	1000.0	292.3527	62.74226	348.3297	-48.613655	3.2572773	0.9931008	2.4610083	27.217558	-14.241923	-294.17847	0.13638178	0.00065158395	0.1372444	0.13497438	-0.013692758	0.8442159	0.7566515	12.970493	3.427267e-07	345.3772	26.133524	372.30182	254.10954	339.05222	23.852674	363.8993	261.68655	320.91394	25.4495	344.9119	239.79422	-18.138258	3.9967334	-6.8836865	-27.507416	18.138258	3.9967334	27.507416	6.8836865	-0.05411363	0.0141014205	-0.020458337	-0.08967688	344.97037	135.35439	756.6579	47.38514	1.0346694	0.44341198	2.2053905	0.14082879
67	67999	6018.177545309067	3451.052	0.0	3451.052	3451.052	1000.0	3463.8684	0.0	3463.8684	3463.8684	1000.0	293.85016	61.94282	348.21185	-44.01762	3.625215	1.0064986	2.4586813	26.944435	-11.129007	-295.65958	0.13590345	0.0009187916	0.13835406	0.13490573	0.013021626	0.8436477	0.7548712	10.050968	4.172325e-07	345.1722	26.174667	373.09558	255.34183	340.99988	22.844378	363.593	263.2115	321.31677	25.194647	343.40546	240.24165	-19.683104	3.187497	-12.584738	-26.717964	19.683104	3.187497	26.717964	12.584738	-0.05850984	0.013482689	-0.036267437	-0.093102954	397.5847	129.68303	713.8496	158.37563	1.1929178	0.4776877	2.4222348	0.4564162
68	68999	6114.465022802353	3454.9656	0.0	3454.9656	3454.9656	1000.0	3514.858	0.0	3514.858	3514.858	1000.0	294.41217	62.09809	351.1728	-58.719807	2.9329216	0.9924527	2.4924223	31.267902	-10.752745	-296.21152	0.13498507	0.0011609213	0.13713588	0.13328485	-0.014959754	0.853774	0.76348203	9.624517	6.0349703e-06	338.19852	34.044296	380.2887	239.18805	330.42	30.522423	366.57483	231.44255	321.27423	25.395555	345.76123	239.96193	-9.14575	24.530952	102.403755	-27.223108	21.519762	14.910136	102.403755	0.015900727	-0.023114868	0.08830125	0.44245863	-0.0896055	685.41235	1347.5581	10486.53	0.00025283312	2.3638947	5.448069	45.30943	7.454004e-07
69	69999	6210.422945261002	3451.009	0.0	3451.009	3451.009	1000.0	3493.5847	0.0	3493.5847	3493.5847	1000.0	295.67844	61.538143	350.85025	-91.93158	2.3407545	0.96195436	2.505979	29.381111	-9.685125	-297.49496	0.13140915	0.0023219648	0.13536718	0.12708364	-0.0772172	0.8515674	0.76141196	9.476225	1.1920929e-07	346.4437	26.144136	376.4524	255.39224	341.3615	22.45815	364.19153	263.3295	320.36185	24.350115	343.93665	240.92366	-20.999691	3.2258441	-12.243593	-28.576807	20.999691	3.2258441	28.576807	12.243593	-0.062188853	0.012918716	-0.035884175	-0.09456725	451.39316	139.25543	816.6339	149.90558	1.3451613	0.48619488	2.6513195	0.43935123
70	70999	6306.506126403809	3512.6836	0.0	3512.6836	3512.6836	1000.0	3511.0732	0.0	3511.0732	3511.0732	1000.0	297.66647	60.381737	350.08716	-56.25415	2.716199	0.981099	2.532249	29.086002	-10.917573	-299.44916	0.12485654	0.001030084	0.12708183	0.123288214	-0.039228372	0.8494847	0.7656237	9.675074	1.7881393e-06	331.12616	60.202503	375.59393	4.4555235	314.9345	56.87486	363.5057	4.4555235	304.35535	45.608868	343.97455	10.623694	-10.579166	19.905704	55.834145	-33.013905	21.096828	7.942271	55.834145	0.022288041	-0.018689558	0.09711054	0.6968646	-0.093421474	508.15588	434.2209	3117.4517	0.0004967568	1.8630291	2.103334	13.851635	1.8963506e-06
71	71999	6402.694434642792	2216.412	0.0	2216.412	2216.412	636.0	3444.4656	0.0	3444.4656	3444.4656	1000.0	297.9209	60.4998	349.54364	-41.297543	2.4343233	0.9996159	2.5010154	29.38544	-11.818211	-299.58932	0.123132825	0.00043551959	0.12400844	0.12224073	-0.0007642717	0.83990496	0.7569885	8.340995	1.5199184e-06	343.1436	24.669428	368.23187	257.87653	338.29724	22.75637	362.84448	262.2855	321.78537	25.281746	345.20447	240.30624	-16.51187	3.7554007	-8.547999	-25.295607	16.51187	3.7554007	25.295607	8.547999	-0.04958349	0.014298219	-0.024399742	-0.09002857	286.74487	125.10593	639.8677	73.0683	0.8705316	0.43662295	2.231789	0.20856899
72	72999	6497.505115509033	3134.016	0.0	3134.016	3134.016	885.0	3258.2544	0.0	3258.2544	3258.2544	907.0	296.47873	61.795734	352.33115	-65.581406	2.355313	1.0149431	2.520745	32.135147	-13.369291	-298.16394	0.12509216	0.0009496066	0.12634094	0.12270325	0.031174274	0.8425866	0.762744	8.83271	1.4305115e-06	322.5684	65.70228	374.1805	4.900456	306.98428	68.07561	361.94473	4.900456	305.48172	48.422695	345.26923	9.128257	-1.5025457	30.136478	98.0688	-27.205944	24.22594	17.988014	98.0688	0.11131777	0.04472763	0.25750896	1.8861424	-0.08852755	910.46497	1609.2058	9617.49	0.0123916445	5.7713804	16.21866	125.52592	4.4493234e-05
73	73999	6592.715441465378	3470.6763	0.0	3470.6763	3470.6763	1000.0	3514.9805	0.0	3514.9805	3514.9805	1000.0	297.71057	61.29902	349.91922	-60.444378	2.7016325	0.97715896	2.5149412	33.00306	-10.91358	-299.3814	0.12519678	0.0014145673	0.12667483	0.12168487	-0.047649074	0.8375323	0.75879616	9.758843	2.30968e-07	282.19452	95.3488	370.4486	2.8687608	273.62903	91.82176	365.5244	2.8687608	301.73764	53.007504	344.8556	2.6417556	28.108583	78.437935	334.70212	-30.312336	47.42891	68.50622	334.70212	0.04788989	0.6029777	2.858719	33.47021	-0.33009884	6942.6025	17931.48	112025.51	0.0022934414	161.27788	865.529	11202.551	7.1520903e-06
74	74999	6687.855813264847	2456.78	1004.49066	3461.2708	1452.2894	709.0	3491.081	0.0	3491.081	3491.081	1000.0	298.19147	61.11027	352.65152	-43.61484	2.4751375	0.9893776	2.5277283	31.628105	-12.521688	-299.80145	0.11851503	0.0016790959	0.121651016	0.1160428	-0.022409486	0.8368708	0.76069975	9.311331	8.940697e-08	347.76755	25.057543	373.50046	257.73227	339.779	21.668432	361.72244	262.97876	321.59424	24.683369	346.87158	240.44025	-18.18477	4.465951	-3.7415314	-27.516247	18.18477	4.465951	27.516247	3.7415314	-0.05433941	0.016417954	-0.011067085	-0.096675	350.63065	165.0995	757.14386	13.999058	1.0594076	0.5630217	2.6601334	0.041407846
75	75999	6783.3293800354	2074.062	0.0	2074.062	2074.062	590.0	576.10486	0.0	576.10486	576.10486	203.0	298.11438	61.17741	350.84387	-38.337284	2.2558138	1.015458	2.5293372	30.98786	-13.48094	-299.7204	0.12053244	0.0010128706	0.12210505	0.11853739	0.032743163	0.8382819	0.7680762	10.765673	2.8531067e-06	217.56235	78.52981	322.58215	3.4567442	216.38535	77.42134	318.75598	3.4567442	316.84787	28.292206	347.5323	239.44847	100.462494	89.43792	335.50168	-12.205621	101.28071	88.5103	335.50168	0.13616721	1.3292415	3.8678563	33.550167	-0.0475864	18091.855	25738.04	112561.37	0.018541511	344.16708	1250.1166	11256.137	6.2379e-05
76	76999	6880.211141109467	3421.3489	0.0	3421.3489	3421.3489	1000.0	3480.038	0.0	3480.038	3480.038	1000.0	297.6414	60.795277	350.72354	-99.27699	2.469165	1.006415	2.5257728	30.54165	-13.955151	-299.22925	0.12362639	0.00059115374	0.124500856	0.12203497	0.013495652	0.83994025	0.76592016	11.609924	1.4901161e-06	346.41013	27.165062	373.33197	256.0569	339.34067	21.679497	360.85025	264.52936	321.0331	24.907955	344.99445	239.73499	-18.307549	4.4587307	-10.872903	-29.607862	18.307549	4.4587307	29.607862	10.872903	-0.05482691	0.016688554	-0.030767402	-0.09914801	355.0466	172.51923	876.6255	118.220024	1.0761589	0.59228384	2.8744586	0.33453098
77	77999	6976.146897554398	2173.901	1255.1257	3429.0266	918.77515	646.0	3515.883	0.0	3515.883	3515.883	1000.0	298.54984	59.338055	351.54584	-66.31275	3.5243506	0.97637004	2.533091	29.950277	-12.753028	-300.12262	0.12109424	0.0011759918	0.12369458	0.118646726	-0.049824122	0.8284024	0.759348	9.893877	2.682209e-07	348.0548	27.164717	379.25482	256.19937	341.3579	22.422457	364.28925	262.53836	320.55698	23.960348	344.00082	239.85535	-20.800955	3.8740706	-9.663875	-35.966454	20.800955	3.8740706	35.966454	9.663875	-0.061504778	0.013780284	-0.028325194	-0.10563573	447.68814	171.77269	1293.5857	93.39047	1.3294331	0.5497301	3.6274304	0.27373114
78	78999	7070.561596632004	2613.6436	854.8554	3468.499	1758.7882	762.5	3505.893	0.0	3505.893	3505.893	1000.0	299.35382	58.97498	349.0942	-106.77947	3.121052	0.99399364	2.5528634	29.639608	-12.002122	-300.92627	0.11772783	0.0006771962	0.11908713	0.11650603	-0.012776839	0.83550864	0.76794237	10.790776	2.6077032e-07	349.93124	26.850677	378.3849	258.2204	340.9463	23.425095	369.13147	256.01605	322.69772	25.04583	349.22113	194.33652	-18.248558	6.293992	3.135449	-96.23979	18.293144	6.163202	96.23979	0.19544652	-0.053996973	0.020756597	0.009486291	-0.33120316	372.6242	357.51413	9262.098	0.038199343	1.1129034	1.2224321	31.874922	0.00011278131
79	79999	7166.92068195343	3483.0962	0.0	3483.0962	3483.0962	1000.0	3534.211	0.0	3534.211	3534.211	1000.0	300.48853	58.457516	350.502	-37.093555	3.3384228	1.0190306	2.5444295	27.821108	-9.825889	-302.1024	0.12037755	0.0012507547	0.12173231	0.11736181	0.04053781	0.8411574	0.7699249	8.822566	8.6426735e-07	335.98654	39.110687	372.92776	157.8422	321.907	42.389862	362.98886	130.46729	314.39362	27.367441	344.00812	160.07254	-7.513372	24.304785	78.581955	-31.9982	22.14166	12.526776	78.581955	0.12795517	-0.012177916	0.102647856	0.5167824	-0.09935808	647.17334	912.3553	6175.1235	0.016372526	2.5163093	5.0726905	39.2895	5.1937168e-05
80	80999	7262.747031450272	1184.0826	1644.206	3509.341	20.576597	347.0	3538.7073	0.0	3538.7073	3538.7073	1000.0	301.15936	57.680847	350.4418	-62.836914	2.8094883	0.9751612	2.541077	25.42675	-12.154181	-302.7212	0.118821755	0.0015908469	0.121541865	0.11619047	-0.052831177	0.8411104	0.7662083	9.442731	3.0249357e-06	321.0188	62.456528	370.2595	4.8455253	301.1521	62.75054	364.59396	4.8455253	301.34134	51.37351	347.27258	15.07369	0.18923537	25.406874	100.924095	-25.840752	18.925823	16.951643	100.924095	0.022036407	0.020215442	0.12580717	1.0228165	-0.08717643	645.54504	1421.6494	10185.673	0.00048560326	2.8644538	7.627562	58.732113	1.5405686e-06
81	81999	7359.133451223373	3526.2014	0.0	3526.2014	3526.2014	1000.0	3548.5469	0.0	3548.5469	3548.5469	1000.0	302.2745	57.660503	357.71423	-33.896706	2.497892	0.9787189	2.5338392	26.963337	-11.589611	-303.84985	0.11408784	0.0014666435	0.11654526	0.11221161	-0.046085555	0.83398235	0.75869054	9.481101	1.6540289e-06	319.1531	76.56473	377.7063	3.4017427	305.48114	71.93911	365.50348	3.4017427	313.4927	27.267351	345.49377	176.42201	8.011548	64.35368	327.5453	-27.558592	36.28497	53.749256	327.5453	0.2541052	0.30278328	2.1394737	32.754528	-0.09698365	4205.5815	14228.903	107285.91	0.06456946	89.95327	671.6417	10728.591	0.00018970016
82	82999	7456.033082008362	1775.0168	660.5955	2435.6123	1114.4213	505.5	3467.5413	0.0	3467.5413	3467.5413	1000.0	302.7157	58.73304	355.09286	-74.34429	2.468839	1.0180454	2.5764227	28.199287	-15.420912	-304.29147	0.11376302	0.0012208907	0.11597266	0.111808464	0.039284363	0.8340795	0.7623527	10.414572	1.7881393e-07	349.1456	25.333485	370.96887	258.92813	341.6225	23.181337	364.85355	261.72357	325.72165	25.281319	348.94513	241.9192	-15.900868	4.2478867	-6.9337187	-27.123234	15.900868	4.2478867	27.123234	6.9337187	-0.047193706	0.014635825	-0.01968346	-0.092226595	270.8822	139.6918	735.66986	48.076458	0.8101967	0.447263	2.4068696	0.13647959
83	83999	7549.688268899918	1991.3969	0.0	1991.3969	1991.3969	560.0	3483.88	0.0	3483.88	3483.88	1000.0	301.56155	59.308945	352.06625	-36.72382	2.3228176	1.0307237	2.5117607	29.574318	-10.232848	-303.07593	0.118007965	0.0017737468	0.12168057	0.115393214	0.06552644	0.83382815	0.7644233	9.488352	3.6302954e-06	348.8349	24.814066	370.5872	259.72607	340.07428	21.706028	362.63278	262.8958	320.4367	23.11878	344.18994	241.43826	-19.637583	3.9883702	-9.038122	-32.74408	19.637583	3.9883702	32.74408	9.038122	-0.058231574	0.013360277	-0.025851777	-0.09535272	401.54184	154.37758	1072.1748	81.68765	1.1939037	0.47648564	3.122237	0.23365152
84	84999	7645.204770088196	3446.6853	0.0	3446.6853	3446.6853	1000.0	3519.2893	0.0	3519.2893	3519.2893	1000.0	301.0946	59.413208	352.24478	-160.82735	2.4546807	0.99842846	2.4940562	33.838085	-11.13176	-302.59644	0.122398205	0.00084872753	0.12341673	0.12038542	-0.0032479067	0.83418214	0.7609466	12.650173	1.5199184e-06	350.9727	27.302454	378.97363	258.4578	338.47333	23.859531	362.9033	258.36642	323.6728	25.58589	349.87817	241.85057	-14.800537	3.4437592	-6.9264307	-25.075882	14.800537	3.4437592	25.075882	6.9264307	-0.04432877	0.012419327	-0.020331044	-0.07789049	230.91539	107.614204	628.79987	47.97544	0.69695514	0.35380977	1.916621	0.14082156
85	85999	7741.927130937576	2570.63	894.46545	3465.0955	1676.1646	741.5	3436.0847	0.0	3436.0847	3436.0847	1000.0	301.4477	59.976223	354.25208	-70.75842	2.2042823	0.9644692	2.493344	31.55455	-11.623608	-302.96182	0.11882061	0.0024922513	0.12202784	0.11427663	-0.075903624	0.8343237	0.76034236	15.113981	4.7683716e-07	316.73785	63.859226	369.08633	3.5185416	305.903	65.59171	362.64127	3.5185416	302.49628	59.84112	347.5067	15.852797	-3.406733	17.10087	45.46197	-24.992931	14.905573	9.048177	45.46197	0.099766284	0.0014777051	0.10642994	1.5911331	-0.12580475	304.0456	368.0345	2066.7908	0.009953313	1.1446126	1.8022724	25.317045	3.4918605e-05
86	86999	7838.240422487259	3498.1658	0.0	3498.1658	3498.1658	1000.0	3405.456	0.0	3405.456	3405.456	1000.0	302.06393	60.046406	352.07532	-116.050354	2.3213232	0.98512965	2.4788988	27.408888	-12.109059	-303.5541	0.112885706	0.0016104387	0.11508815	0.11024501	-0.032380864	0.82584685	0.7561149	9.908904	9.834766e-07	341.76755	26.005682	370.3871	252.28032	336.00546	21.688543	358.64194	260.0397	321.49963	24.190628	346.21637	242.75623	-14.505854	4.957928	-0.34237075	-43.11764	14.505854	4.957928	43.11764	0.34237075	-0.043812685	0.016878475	-0.0010919778	-0.13080549	235.00084	165.52632	1859.131	0.11721772	0.7174284	0.5348571	5.640024	0.00037386126
87	87999	7933.7519335746765	3476.2659	0.0	3476.2659	3476.2659	1000.0	3493.7283	0.0	3493.7283	3493.7283	1000.0	303.06113	59.371407	357.46674	-36.813873	1.9437878	0.9934344	2.493039	29.202475	-11.768167	-304.48538	0.11105068	0.00059584563	0.11211221	0.10985755	-0.014375185	0.8222438	0.76018846	18.414036	1.937151e-07	348.70166	29.458818	381.9538	253.31604	342.04852	25.241156	368.29163	261.05942	325.63208	25.568653	349.8733	242.08482	-16.416428	2.381671	-9.899115	-23.669224	16.416428	2.381671	23.669224	9.899115	-0.048361514	0.008871256	-0.028265879	-0.0836696	275.17142	77.58895	560.2322	97.99248	0.81231797	0.2601075	1.8635961	0.27980718
88	88999	8030.166070222855	3464.1157	0.0	3464.1157	3464.1157	1000.0	3530.4502	0.0	3530.4502	3530.4502	1000.0	303.70428	59.285503	353.52612	-70.44375	2.2344847	0.98055923	2.5040479	30.395462	-10.098118	-305.163	0.108298294	0.00073387614	0.1101741	0.10663805	-0.043142736	0.82508177	0.7619943	20.157742	0.0	352.03177	28.583427	379.271	257.78207	341.06683	24.493845	368.7824	261.22845	323.24	24.827244	348.69293	242.88565	-17.826849	4.8718314	4.801148	-26.889528	17.861883	4.741781	26.889528	0.30438432	-0.05255859	0.015317386	0.015433086	-0.09256362	341.53134	148.36598	723.04675	0.092649825	1.0081624	0.45246735	2.488992	0.00029381103
89	89999	8126.247928380966	2522.753	0.0	2522.753	2522.753	714.0	3543.5063	0.0	3543.5063	3543.5063	1000.0	304.78537	58.608513	358.81152	-67.325386	1.8961772	0.99202615	2.4966474	32.93117	-14.807762	-306.19547	0.10600129	0.0004981049	0.10718138	0.10522716	-0.01784054	0.82257473	0.7626691	14.162432	1.8924475e-06	351.85468	28.095903	381.8929	256.42633	341.59647	23.42635	366.19916	262.4548	324.76993	25.391	350.7475	242.5203	-16.826502	4.0572953	-5.967106	-25.158697	16.826502	4.0572953	25.158697	5.967106	-0.04990193	0.014209558	-0.017436638	-0.0882698	299.5928	134.01837	632.9601	35.606354	0.89481056	0.43664995	2.1316373	0.10404627
90	90999	8223.53655219078	1548.5647	0.0	1548.5647	1548.5647	435.0	3511.604	0.0	3511.604	3511.604	1000.0	304.10245	60.02221	354.13397	-54.621075	2.0267801	1.0258965	2.5249515	30.053722	-11.773272	-305.53687	0.106881835	0.0014422013	0.10982728	0.10448686	0.057838116	0.8187155	0.7648214	14.232033	7.4505806e-07	351.93808	27.280453	378.06552	258.51898	343.96902	23.705683	367.69064	265.38248	324.84274	25.35923	350.2711	242.80978	-19.126253	4.059332	-10.565817	-29.414146	19.126253	4.059332	29.414146	10.565817	-0.05621059	0.013990152	-0.030280678	-0.08809796	382.29172	156.12871	865.192	111.63648	1.1286318	0.48935497	2.4153864	0.3199401
91	91999	8318.420082092285	3479.8523	0.0	3479.8523	3479.8523	1000.0	3531.338	0.0	3531.338	3531.338	1000.0	304.30444	59.62932	372.14572	-34.246834	2.1698399	0.99487185	2.5079014	27.919563	-11.204398	-305.7231	0.108652785	0.00049594615	0.10986057	0.10767961	-0.011281665	0.81837964	0.76328045	11.910705	1.3113022e-06	352.42697	27.784204	380.76758	258.56793	340.38107	22.251009	365.63467	265.54132	322.9372	24.995867	350.77307	242.42767	-17.44387	4.426136	-9.139108	-26.838188	17.44387	4.426136	26.838188	9.139108	-0.05201807	0.01578329	-0.025631916	-0.09041408	323.87933	154.5628	720.2883	83.523285	0.974986	0.51056516	2.1946335	0.23425283
92	92999	8415.409953832626	3459.0298	0.0	3459.0298	3459.0298	1000.0	3524.4683	0.0	3524.4683	3524.4683	1000.0	305.0597	58.754593	356.31345	-48.94193	1.9552146	0.96997744	2.5139222	30.166443	-10.798632	-306.42468	0.10649908	0.0016811887	0.10919894	0.10360354	-0.06723165	0.82199347	0.7647784	11.408367	4.5448542e-07	351.56586	25.725218	375.4358	260.6744	336.72168	21.23936	359.02087	257.55527	323.37216	24.285128	349.61136	242.98776	-13.349461	5.4391413	-1.0626096	-54.145996	13.349461	5.4391413	54.145996	1.0626096	-0.04035935	0.018134056	-0.0030762525	-0.16195123	207.79237	168.54604	2931.7888	1.1291391	0.63563466	0.53698605	8.769011	0.0032688554
93	93999	8511.994839668274	3503.6614	0.0	3503.6614	3503.6614	1000.0	3546.8525	0.0	3546.8525	3546.8525	1000.0	306.11313	58.28692	357.64157	-49.44822	1.9524204	0.9824906	2.4864192	29.345379	-10.443541	-307.45657	0.10275477	0.0009517429	0.104148045	0.10069165	-0.03989108	0.82048273	0.7614381	11.19293	1.4901161e-06	349.38364	26.705975	378.19568	258.0058	337.25363	23.12376	364.60403	263.164	324.42255	24.825571	351.7295	243.39966	-12.83107	10.166833	26.667301	-25.913551	15.516445	5.2192683	26.667301	0.019010626	-0.03819605	0.032100935	0.09171205	-0.0853668	268.00082	141.77576	711.14496	0.00036140392	0.81381685	0.46492416	2.4457128	1.0461117e-06
94	94999	8609.39413690567	2502.7703	1011.7366	3514.5068	1491.0337	710.0	3531.992	0.0	3531.992	3531.992	1000.0	307.0687	58.127686	354.96347	-55.594906	2.118664	0.9940324	2.4860106	28.118427	-11.495296	-308.42688	0.10009427	0.00046230204	0.10110259	0.099233404	-0.013674916	0.8166406	0.7612305	12.199874	9.909272e-07	355.90817	27.762074	387.9315	261.27985	340.97577	22.341715	367.45282	264.63635	322.24893	24.313995	352.72723	243.06697	-18.726877	4.577874	-8.144233	-31.819798	18.726877	4.577874	31.819798	8.144233	-0.055525035	0.015330196	-0.023018643	-0.09087568	371.6529	171.09834	1012.49945	66.32853	1.1069708	0.5314721	2.818345	0.18746918
95	95999	8704.749902248383	2510.8296	1050.5018	3561.3313	1460.3276	701.5	3487.9465	0.0	3487.9465	3487.9465	1000.0	307.24796	58.29055	361.43646	-54.84444	1.9632767	1.0098652	2.5119565	27.976326	-11.846005	-308.58368	0.099905275	0.00058738596	0.10112323	0.099097766	0.022745784	0.8251026	0.76634985	12.58584	2.8684735e-07	350.8575	27.99767	384.35345	257.31442	341.67404	22.7285	366.60406	265.07202	322.93643	24.409134	349.08044	243.13141	-18.73764	3.682087	-7.4110827	-26.469328	18.73764	3.682087	26.469328	7.4110827	-0.055425555	0.013081894	-0.021374354	-0.088247135	364.65692	130.30208	700.6253	54.92415	1.0839744	0.4235549	2.077909	0.1584071
96	96999	8801.38577914238	3509.3125	0.0	3509.3125	3509.3125	1000.0	3528.4346	0.0	3528.4346	3528.4346	1000.0	307.14804	58.241257	367.6922	-50.762424	2.0534236	1.013507	2.5170715	30.764885	-12.509867	-308.47986	0.10233347	0.0006600536	0.1034675	0.10108861	0.03083131	0.8271338	0.77386814	11.168114	2.9802322e-08	350.23257	28.563808	376.821	254.85281	339.7249	22.78707	366.22458	262.41818	323.48767	24.224133	350.0594	243.29663	-16.237251	2.9812272	-8.766685	-24.578697	16.237251	2.9812272	24.578697	8.766685	-0.048323132	0.011246441	-0.02521536	-0.087269984	272.53598	99.27222	604.1123	76.85475	0.81626797	0.3399281	2.0600889	0.22105509
97	97999	8897.652341604233	3500.6953	0.0	3500.6953	3500.6953	1000.0	3523.859	0.0	3523.859	3523.859	1000.0	307.7975	57.60139	367.1641	-36.097294	1.7480112	0.9850619	2.522299	32.186382	-11.825594	-309.12012	0.101824805	0.0011669406	0.10362506	0.100228	-0.034000944	0.8264708	0.7750851	12.361261	8.34465e-07	353.44	27.127094	378.4936	260.40485	344.5485	22.282478	368.48795	265.3256	325.3372	24.64621	349.93384	243.80856	-19.211279	3.8872628	-7.624518	-27.61015	19.211279	3.8872628	27.61015	7.624518	-0.056470633	0.014382396	-0.021526042	-0.098839775	384.18405	147.23178	762.3204	58.133278	1.1384045	0.497833	2.6430807	0.1641257
98	98999	8994.394918441772	3516.757	0.0	3516.757	3516.757	1000.0	3524.837	0.0	3524.837	3524.837	1000.0	308.51218	57.521908	357.84723	-62.347866	2.066893	0.9746859	2.493955	29.916111	-11.232044	-309.80853	0.09890947	0.0011653912	0.100995764	0.09646175	-0.0585381	0.82189214	0.76741713	10.958888	1.8104911e-06	352.8731	26.695341	378.73947	261.26218	337.15692	22.552729	363.80426	264.66803	324.04642	24.828075	351.88257	243.63766	-13.110515	7.1428123	9.5406065	-25.694557	13.609342	6.139314	25.694557	0.003298664	-0.039392754	0.02313125	0.031610712	-0.08509337	222.90536	153.18141	660.21027	1.0881184e-05	0.6793588	0.5033068	2.0163271	3.360356e-08
99	99999	9090.18298983574	3513.039	0.0	3513.039	3513.039	1000.0	3528.7004	0.0	3528.7004	3528.7004	1000.0	309.3053	57.445618	362.58493	-70.423004	1.7238661	1.0055095	2.5017405	28.129307	-11.57518	-310.61444	0.09711019	0.00046666295	0.097824246	0.09605695	0.012903072	0.8245507	0.76956284	22.105835	4.9471855e-06	352.8025	26.110373	376.7347	260.9319	340.84174	22.340816	366.28668	261.70206	325.4322	24.405073	350.1977	244.31317	-15.40954	3.7524502	-7.7682366	-23.878632	15.40954	3.7524502	23.878632	7.7682366	-0.045830198	0.013521414	-0.022254115	-0.081326514	251.53482	119.80592	570.1891	60.345505	0.7551508	0.401497	1.9242356	0.17287524
