Epoch	TotalEnvInteracts	Time	AverageEpRet	StdEpRet	MaxEpRet	MinEpRet	EpLen	AverageTestEpRet	StdTestEpRet	MaxTestEpRet	MinTestEpRet	TestEpLen	AverageQ1Vals	StdQ1Vals	MaxQ1Vals	MinQ1Vals	LossQ1	AverageLogPi	StdLogPi	MaxLogPi	MinLogPi	LossPi	AverageAlpha	StdAlpha	MaxAlpha	MinAlpha	LossAlpha	AveragePreTanh	StdPreTanh	MaxPreTanh	MinPreTanh
0	999	1.6702296733856201	18.531794	9.892109	51.2227	6.696097	22.83721	47.272575	0.66995394	48.6391	46.31941	50.2	0.0	0.0	0.0	0.0	0.0	0.0	0.0	0.0	0.0	0.0	0.0	0.0	0.0	0.0	0.0	0.0	0.0	0.0	0.0
1	1999	2.065977096557617	20.151817	12.101919	65.203514	6.7891846	24.195122	47.272575	0.66995394	48.6391	46.31941	50.2	0.0	0.0	0.0	0.0	0.0	0.0	0.0	0.0	0.0	0.0	0.0	0.0	0.0	0.0	0.0	0.0	0.0	0.0	0.0
2	2999	2.4826748371124268	17.428719	10.798082	63.36147	5.468231	21.723404	47.385536	0.84493065	49.07926	46.138054	50.2	0.0	0.0	0.0	0.0	0.0	0.0	0.0	0.0	0.0	0.0	0.0	0.0	0.0	0.0	0.0	0.0	0.0	0.0	0.0
3	3999	2.9330668449401855	18.014074	11.071851	50.493156	5.792627	20.6875	47.49043	0.9026875	49.102757	46.253006	50.3	0.0	0.0	0.0	0.0	0.0	0.0	0.0	0.0	0.0	0.0	0.0	0.0	0.0	0.0	0.0	0.0	0.0	0.0	0.0
4	4999	3.4187090396881104	20.566559	16.361631	99.95171	5.1732616	23.32558	47.594963	0.88666356	49.293304	45.661358	50.5	0.0	0.0	0.0	0.0	0.0	0.0	0.0	0.0	0.0	0.0	0.0	0.0	0.0	0.0	0.0	0.0	0.0	0.0	0.0
5	5999	104.46242833137512	171.34282	91.81685	294.15506	10.283395	86.90909	308.86652	1.0491952	310.80087	306.69925	132.2	95.1029	54.954304	188.35692	-24.62068	6.7750125	-0.74163526	1.8670138	14.168635	-10.361078	-101.488434	0.8839411	0.06187876	0.99970007	0.7802889	-0.19531545	0.8401175	0.61405	4.5140643	3.8146973e-06
6	6999	205.57720255851746	232.29478	59.592224	309.13043	135.02704	108.44444	124.398415	30.49361	186.85884	106.910286	75.5	186.63605	54.12444	230.19469	-26.256176	13.263066	-0.3266712	2.305718	16.44155	-11.267361	-196.34918	0.6887673	0.050934993	0.78009856	0.60316753	-0.4951364	0.87827367	0.65808547	5.5913553	2.3841858e-07
7	7999	307.57296419143677	226.50249	83.42174	339.64774	76.052376	107.55556	446.9103	3.182401	450.90558	442.09	272.1	189.40924	55.03753	228.31349	-35.984425	9.526465	-0.31476703	2.4181995	18.74312	-12.540105	-198.06026	0.5242553	0.042381663	0.60299027	0.4557358	-0.846631	0.8517589	0.6539999	5.472595	1.2516975e-06
8	8999	409.7880687713623	268.8759	118.60942	424.7326	94.5299	150.28572	514.325	3.1575012	518.65186	509.13632	278.1	173.97888	52.050957	223.31804	-28.35534	5.825914	-0.21853526	2.429979	18.744217	-10.554268	-181.07356	0.3998733	0.032368295	0.45562428	0.343631	-1.1282325	0.8580975	0.66583973	5.738721	4.9714e-06
9	9999	512.2062208652496	328.2762	93.01947	460.61905	127.892876	149.14285	391.35724	1.4828601	393.0607	388.6252	140.7	157.98259	44.367455	194.6247	-33.502995	4.118973	-0.09757245	2.4108574	20.20327	-11.284666	-163.81235	0.30118987	0.02298066	0.34352693	0.26334158	-1.315875	0.8725402	0.6665232	7.487384	5.4836273e-06
10	10999	613.4251861572266	354.14032	24.808393	397.02313	316.09567	139.0	79.842995	1.0537429	81.18562	78.47347	46.5	154.11969	44.30603	191.38039	-26.352325	2.999613	0.042331286	2.4137974	20.138428	-10.818044	-159.37479	0.23261426	0.01781035	0.2632766	0.20280427	-1.400966	0.87158316	0.6605519	6.4968424	1.4305115e-06
11	11999	715.0373718738556	343.51743	107.8983	408.06183	91.777016	128.28572	430.53003	1.5755426	432.67575	427.7786	150.9	153.34203	44.805923	191.40636	-37.61361	2.5998602	0.2555415	2.4463341	19.992838	-11.042563	-158.11961	0.18077843	0.012308445	0.2027485	0.16076598	-1.2718761	0.87822855	0.6671717	8.025555	7.1525574e-07
12	12999	815.7271876335144	402.4682	10.721374	416.99866	379.65305	142.5	208.11755	1.6003008	210.55676	205.78183	92.1	153.31494	44.500824	194.4526	-22.056063	2.1448236	0.49085507	2.494145	19.571053	-11.215032	-157.70459	0.14466116	0.008176032	0.16072658	0.1325359	-0.9775606	0.89703006	0.685476	6.9542217	1.7881393e-07
13	13999	917.5282981395721	411.66495	8.470166	429.93307	404.85233	145.83333	198.28563	0.9921472	199.59227	196.99968	88.5	156.92743	46.540108	194.18349	-26.010372	2.031996	0.66732234	2.5602093	21.969212	-12.728207	-161.17416	0.122005284	0.0063201846	0.13252608	0.111715734	-0.69935334	0.90078956	0.6986541	6.5200562	2.1457672e-06
14	14999	1018.8970284461975	400.4227	9.755143	410.94995	383.13742	139.625	427.7967	1.0390505	429.61484	426.09402	153.2	159.65828	47.838757	199.52554	-32.76093	1.9104573	0.7707578	2.6316817	23.792873	-11.045376	-163.66887	0.10399843	0.0049518216	0.11170066	0.09529771	-0.51988024	0.91118896	0.71466607	7.152082	7.674098e-07
15	15999	1121.2922146320343	409.9357	10.262298	428.9833	391.58728	143.0	337.50034	120.69848	402.26453	95.926834	124.1	159.12515	48.234447	199.90175	-17.486248	1.8956692	0.88392454	2.730575	23.13388	-10.686007	-162.91882	0.09006701	0.002899771	0.09529144	0.08617045	-0.27838677	0.929455	0.73248965	6.8744164	1.4454126e-06
16	16999	1224.3130583763123	320.28482	136.95215	413.7686	71.49826	116.125	443.013	1.4013422	445.43814	441.07404	154.5	159.84142	48.919952	203.94284	-21.495842	2.8621013	1.0375896	2.6538749	24.469156	-11.7757435	-163.38365	0.086862855	0.0012544334	0.08997706	0.08510856	0.09143152	0.9201488	0.7277233	7.601772	6.2584877e-06
17	17999	1326.2784140110016	411.28482	10.360592	421.92435	392.5552	145.57143	431.6474	1.6729716	433.99814	428.803	149.0	157.51405	49.011936	198.62459	-36.37912	1.8171867	0.94599146	2.6531324	23.113361	-11.287212	-160.96078	0.08835487	0.0020695264	0.09066988	0.083721064	-0.13181192	0.8986373	0.72612077	6.9719744	1.1026859e-06
18	18999	1428.3475713729858	416.70584	7.3789635	424.86697	400.5843	146.28572	422.95673	1.6656127	425.03302	420.1167	149.7	157.29515	49.451176	200.24261	-39.159744	1.653641	0.9459035	2.692995	22.991016	-11.420045	-160.47794	0.08088855	0.002252948	0.08439677	0.077702284	-0.1359681	0.89044523	0.72930425	7.648552	7.0780516e-07
19	19999	1529.0558676719666	405.71902	10.165386	417.55957	386.6162	144.28572	78.4732	1.1411779	79.82151	76.35738	46.4	158.4771	49.921925	201.29715	-26.722046	1.5571212	0.9847567	2.680498	23.23207	-10.343996	-161.48042	0.0779343	0.0011025396	0.07970754	0.07616767	-0.038965482	0.89247584	0.73361486	8.79661	2.9429793e-07
20	20999	1628.9117867946625	425.76578	17.638403	461.9504	410.2686	149.16667	430.4166	2.4326353	433.71072	426.75284	150.4	158.62927	50.286026	201.73248	-24.223904	1.5346577	1.0429794	2.7441368	27.863132	-10.078547	-161.55743	0.07733853	0.0010877893	0.08081558	0.07619784	0.10949941	0.9050272	0.7475363	7.854645	3.0845404e-06
21	21999	1729.958271741867	443.80362	21.835886	471.26193	401.9292	153.71428	504.6441	2.3732238	507.95163	501.2412	169.7	162.12376	51.759003	211.53549	-18.299952	1.7713175	1.044221	2.767419	22.969503	-11.68415	-165.09093	0.08382343	0.0008040918	0.08573595	0.08083594	0.11000308	0.9228665	0.7636555	8.211448	2.3841858e-07
22	22999	1830.6935312747955	500.59006	24.285131	530.16614	459.3489	168.16667	509.45102	1.6534789	511.6397	506.90158	171.4	165.61629	51.952347	216.29759	-19.57729	1.7734804	1.0619661	2.842123	24.19514	-13.600539	-168.54991	0.08882607	0.0013173961	0.093021296	0.08577379	0.14977653	0.9434191	0.7748583	8.069335	4.4703484e-08
23	23999	1931.4432625770569	506.73856	24.779856	545.94025	481.31296	165.66667	207.77792	1.1810598	209.59178	205.37881	92.2	171.17049	54.43301	217.40431	-19.071833	1.6229411	1.0075634	2.7950902	23.876469	-12.542162	-174.10222	0.09441758	0.00036048505	0.09512387	0.09305648	0.01801556	0.9250766	0.766597	7.6623745	2.5629997e-06
24	24999	2031.9161036014557	537.6671	21.700758	575.282	512.45636	175.4	258.97406	100.6418	560.8582	221.98068	106.1	174.2458	55.932747	226.57916	-22.759083	1.5579659	1.0487884	2.8083253	24.539871	-11.291669	-177.12953	0.09777203	0.0014817424	0.100043446	0.09389695	0.11403093	0.9336675	0.77457803	7.325525	5.364418e-06
25	25999	2132.231167078018	567.3805	31.16926	616.1723	526.822	187.16667	560.6304	1.481324	562.9872	558.2656	183.1	176.3922	56.562954	224.14424	-19.402967	1.6164134	0.9928666	2.7339115	24.198526	-11.688053	-179.17847	0.09937984	0.000812233	0.10058231	0.098120034	-0.016384166	0.9215472	0.76330197	7.417989	2.9802322e-07
26	26999	2232.8445343971252	587.8007	45.203312	653.7981	514.26166	193.4	606.1947	33.341675	697.82294	573.5732	200.2	178.99452	57.95192	228.9233	-22.469501	1.6130562	1.0190024	2.6956499	24.880184	-11.663459	-181.78384	0.10126917	0.00054421526	0.1022228	0.09900576	0.043784972	0.91786	0.76132715	7.316997	9.536743e-07
27	27999	2333.374041557312	652.59753	45.962772	741.1319	615.1644	206.4	600.55615	2.6130297	604.40234	595.0142	194.1	182.46217	59.615795	234.89915	-25.400986	1.5970908	1.0319271	2.7033775	24.605997	-10.95483	-185.23366	0.10417209	0.0011464629	0.10664998	0.101607904	0.07225513	0.91028416	0.7589261	7.2971416	1.8016435e-06
28	28999	2434.2264742851257	731.4435	137.80937	969.72925	641.9696	233.0	927.94257	4.5855002	936.627	922.00793	279.7	185.80208	61.78036	240.93825	-23.643171	1.6307126	1.065329	2.7021656	26.77406	-11.140741	-188.61407	0.11327689	0.0023411491	0.11697067	0.10668281	0.14330497	0.9258915	0.7744001	6.4648337	2.0861626e-07
29	29999	2535.4490389823914	1105.5531	261.52863	1474.4634	898.1914	325.33334	731.0727	69.53927	931.9832	680.7637	263.9	188.83388	63.175964	259.32208	-17.227533	1.6600018	1.0479107	2.7350228	25.659641	-11.193726	-191.6138	0.120927386	0.001973645	0.1252765	0.116991475	0.10118211	0.9472298	0.78213084	7.4571	1.6987324e-06
30	30999	2636.514155626297	598.4714	283.5019	1059.3777	287.33417	201.5	903.58984	9.628859	921.80524	889.859	272.2	193.20241	65.21254	272.51407	-29.552404	2.1861994	1.0656356	2.6936798	23.1206	-12.588287	-195.95372	0.13125843	0.0039396165	0.1385526	0.12533411	0.1329941	0.9463365	0.7770745	7.122048	8.34465e-07
31	31999	2737.6907403469086	1295.5167	308.25018	1701.1422	954.3992	397.0	218.06316	0.8047063	219.2114	217.1365	96.4	196.59825	66.84555	281.63925	-25.1496	2.1450267	1.0060601	2.6584716	24.379505	-11.142891	-199.41925	0.14117391	0.00092234585	0.14259544	0.13858394	0.011991821	0.93819076	0.76931286	7.028008	2.2947788e-06
32	32999	2838.78413105011	1510.0511	0.0	1510.0511	1510.0511	448.0	290.98566	3.1608143	295.1434	283.5743	126.9	201.27748	68.75274	292.76532	-26.428905	2.0278535	0.9935522	2.6705632	24.630157	-11.248537	-204.10226	0.13883397	0.001244442	0.14115804	0.13708043	-0.012622255	0.93771404	0.77288437	7.2837167	1.3411045e-07
33	33999	2940.22301363945	1164.4312	902.3114	2376.3333	280.32062	376.5	305.84647	2.3847618	309.70438	302.84857	130.7	203.47533	69.64639	297.416	-32.6387	2.368647	1.0269945	2.6621804	26.044785	-10.120096	-206.25847	0.14018174	0.0016304317	0.14453341	0.1384134	0.052835125	0.9365109	0.7719864	6.6201487	1.1920929e-07
34	34999	3041.42604970932	1198.9142	219.93454	1463.9106	925.386	376.66666	1380.2273	236.0063	1706.195	779.81696	465.6	204.73752	70.2974	299.4429	-26.581043	3.0301547	1.0197669	2.6386032	26.147274	-10.879362	-207.49202	0.14823328	0.001114592	0.149944	0.14455244	0.03798841	0.94139427	0.776725	7.4410458	1.7881393e-07
35	35999	3142.26499915123	1419.2737	319.85785	1739.1315	1099.4158	405.5	314.05563	2.591751	317.31317	308.39978	131.5	206.4764	69.776794	297.72244	-25.230822	2.799353	0.98332673	2.6273882	24.07365	-11.841507	-209.18178	0.14708295	0.0016173766	0.15074247	0.14511581	-0.031862836	0.9283571	0.7743075	7.641631	1.7881393e-07
36	36999	3245.7707962989807	1726.0449	261.98126	1988.0262	1464.0637	491.5	2195.4207	667.2562	3203.4548	1523.2737	674.4	209.74525	70.79993	304.22467	-48.610302	2.6089125	0.99694395	2.6080096	23.467216	-11.6587	-212.35912	0.14449812	0.0013220322	0.14711528	0.14270227	-0.0058393935	0.9223849	0.76758283	7.1974874	1.6987324e-06
37	37999	3347.2482345104218	1849.2705	649.93536	2499.2058	1199.3351	539.5	1114.6611	336.2872	1260.7413	107.334076	315.0	214.07127	72.5115	312.097	-43.23734	2.6667507	1.0213478	2.6109817	23.13248	-10.994439	-216.77371	0.14652613	0.0018614157	0.1501024	0.14431953	0.040968284	0.9240072	0.77096164	6.9337807	1.475215e-06
38	38999	3451.6594574451447	1718.622	0.0	1718.622	1718.622	507.0	3360.3464	2.5452194	3364.5925	3356.148	1000.0	217.22931	73.82767	314.0761	-22.053032	2.6127455	1.0459657	2.5560546	27.793232	-12.09649	-219.8979	0.16081768	0.0050034015	0.16814141	0.14969376	0.086371064	0.9326374	0.77779216	8.897873	3.3676624e-06
39	39999	3555.5103344917297	2381.8247	1037.284	3419.109	1344.5408	699.0	2683.591	4.6123204	2691.5825	2676.464	1000.0	220.11726	74.4973	318.1176	-32.85406	2.6833665	0.97454315	2.5435562	24.808802	-10.566705	-222.69786	0.15593725	0.0016260222	0.15956281	0.1537244	-0.047142733	0.90289104	0.7631772	7.294881	8.7171793e-07
40	40999	3658.000203371048	2865.657	0.0	2865.657	2865.657	862.0	888.2586	3.1774042	894.8424	883.9928	331.6	223.03207	75.59859	320.97177	-28.643457	2.3360302	0.9898032	2.5654147	23.291016	-13.535306	-225.61378	0.15124299	0.0013283341	0.15425794	0.14960454	-0.019106708	0.907022	0.76842153	6.9844155	8.34465e-07
41	41999	3762.09007024765	1484.4419	0.0	1484.4419	1484.4419	427.0	3215.6572	8.492537	3228.0017	3202.2393	1000.0	225.61432	75.51677	320.83218	-22.47404	2.1854672	0.99931854	2.5484586	21.12644	-10.650212	-228.12187	0.15327758	0.0008594387	0.15472895	0.15102422	-0.0012247592	0.9069835	0.76868033	6.803367	1.4901161e-07
42	42999	3865.6224439144135	3282.4646	0.0	3282.4646	3282.4646	1000.0	3064.4995	2.005678	3067.6865	3060.4106	1000.0	228.0933	76.05719	319.3085	-64.08292	2.2623935	0.9862574	2.53295	21.964405	-10.432562	-230.62646	0.15020019	0.0014008287	0.15242973	0.14782907	-0.026031978	0.90015984	0.76277286	7.223018	3.7252903e-07
43	43999	3969.884100675583	3309.603	0.0	3309.603	3309.603	1000.0	3157.7917	1.6627125	3160.3418	3155.4407	1000.0	231.04803	76.67158	323.69543	-21.941433	2.1463306	0.9955727	2.5263748	24.897348	-13.607423	-233.49556	0.14750756	0.0004525495	0.14876218	0.14660335	-0.008417659	0.8959611	0.75819284	8.270007	1.4305115e-06
44	44999	4074.6976947784424	3466.9417	0.0	3466.9417	3466.9417	1000.0	3101.379	1.8776587	3105.42	3098.6167	1000.0	235.37726	77.19031	325.66498	-22.864805	2.2784832	0.9963913	2.5299485	22.846527	-11.211715	-237.76752	0.14655222	0.0005862223	0.14748587	0.14537437	-0.0068744	0.89039576	0.7565551	8.056918	4.4703484e-07
45	45999	4178.246371269226	3389.916	0.0	3389.916	3389.916	1000.0	2342.146	1163.9283	3106.6821	561.24603	762.9	238.58688	78.324196	329.4281	-39.38002	1.8196605	0.993418	2.5325701	24.02573	-10.833261	-240.98425	0.1450423	0.0010593003	0.1464694	0.14292619	-0.012635986	0.884566	0.75240546	7.4085493	5.401671e-07
46	46999	4282.458696842194	3380.7148	0.0	3380.7148	3380.7148	1000.0	3462.83	6.9898286	3480.3372	3454.123	1000.0	241.42532	78.978065	331.476	-28.970083	2.1089575	0.9864786	2.5297298	21.452759	-11.408825	-243.78012	0.14407393	0.0014926053	0.14609076	0.14077927	-0.026231544	0.8824558	0.7540982	7.4186897	1.8179417e-06
47	47999	4384.135014533997	3392.197	0.0	3392.197	3392.197	1000.0	1015.51135	3.2454278	1021.4473	1010.77155	298.2	244.423	79.216835	334.16104	-24.048386	2.3006394	0.99411976	2.536928	21.709133	-12.556498	-246.74397	0.14105406	0.0007042659	0.14243035	0.13951612	-0.011453082	0.8806467	0.75479126	7.6490135	2.965331e-06
48	48999	4485.622997045517	2461.837	933.7357	3395.5725	1528.1011	718.5	1237.1897	14.090786	1263.3936	1216.5729	359.2	246.46767	79.844284	333.9515	-31.968105	2.0821495	0.98419726	2.5424745	22.474451	-12.843731	-248.763	0.13811627	0.0011170397	0.14016941	0.13603923	-0.03123082	0.8740258	0.75401276	7.817983	7.450581e-09
49	49999	4589.781492948532	3425.8389	0.0	3425.8389	3425.8389	1000.0	3262.5486	1.285539	3264.688	3260.0637	1000.0	248.10458	80.07048	336.6537	-26.405792	2.1149957	0.9935624	2.5527675	22.887873	-11.3461895	-250.33763	0.13673645	0.0008294724	0.1380676	0.1346337	-0.012803804	0.87408656	0.75728154	7.2903585	1.1324883e-06
50	50999	4691.925830125809	3031.9219	0.0	3031.9219	3031.9219	868.0	1394.9348	77.55769	1487.1635	1228.5759	400.8	249.39879	79.63823	336.56384	-23.461227	2.2707212	1.0034921	2.5582504	22.124008	-13.463431	-251.62662	0.136092	0.00055648625	0.13696505	0.13466144	0.007051377	0.8742593	0.7574527	7.0308113	1.7881393e-07
51	51999	4796.521658182144	2683.612	0.0	2683.612	2683.612	771.0	3180.6929	10.478425	3189.528	3157.3706	1000.0	249.8527	79.94097	336.92383	-36.137436	2.1306782	1.0119721	2.5474124	25.060303	-12.092489	-252.05334	0.13649888	0.0011945798	0.1387098	0.13477829	0.023892505	0.86977565	0.759377	8.625835	4.7683716e-07
52	52999	4898.319719791412	3430.93	0.0	3430.93	3430.93	1000.0	1156.2507	198.70607	1412.1265	891.3623	369.3	251.97401	79.86052	336.78156	-21.426636	1.866896	0.980368	2.5289335	23.87267	-10.327087	-254.10756	0.13687775	0.0017800814	0.13897485	0.13349408	-0.039098967	0.8642264	0.75230896	7.294139	3.1292439e-07
53	53999	5001.451347112656	3366.2195	0.0	3366.2195	3366.2195	1000.0	3215.0142	3.9324048	3222.9578	3210.2083	1000.0	254.41724	79.51104	337.59384	-24.125837	1.9866172	0.9863063	2.5710166	25.792278	-11.416064	-256.48672	0.13271621	0.0012798622	0.13495888	0.1308186	-0.027643353	0.8685608	0.7582923	8.799782	1.6987324e-06
54	54999	5102.831920385361	3409.0276	0.0	3409.0276	3409.0276	1000.0	1114.3018	85.96647	1273.2689	1011.0534	324.0	256.4714	79.3192	338.00467	-33.262062	1.791054	1.0167564	2.5432906	26.069956	-11.072438	-258.57556	0.13529716	0.0032561584	0.14104627	0.1308262	0.034147594	0.87295026	0.7581936	8.286725	5.066395e-07
55	55999	5205.963956356049	3350.805	0.0	3350.805	3350.805	1000.0	2155.7925	510.48264	3419.8276	1654.8136	624.2	258.14078	79.442055	339.2495	-28.678839	1.834345	0.9552832	2.5545924	25.018562	-12.531256	-260.13116	0.12895867	0.002706114	0.13449895	0.12531012	-0.09115079	0.85600066	0.7507022	7.6355605	4.917383e-07
56	56999	5307.841012716293	3342.6912	0.0	3342.6912	3342.6912	1000.0	1106.1938	73.483376	1265.6061	1011.4018	322.8	259.492	79.36804	339.327	-33.562748	1.616977	0.9877051	2.56515	24.90438	-12.045801	-261.55624	0.1249895	0.00095592084	0.12649451	0.12301365	-0.025568396	0.8520002	0.7510538	7.7981095	1.0728836e-06
57	57999	5409.31068277359	2622.556	811.212	3433.7678	1811.3439	762.0	1063.6555	54.810078	1212.3284	1018.29565	309.5	260.7879	79.54779	340.24594	-33.088943	1.7263064	0.9872942	2.5557995	24.138865	-16.93179	-262.77237	0.121552706	0.0010876529	0.123950176	0.120280504	-0.026677635	0.8456113	0.750342	9.801173	1.6391277e-06
58	58999	5511.598653078079	3460.4822	0.0	3460.4822	3460.4822	1000.0	2049.5962	468.15186	3449.758	1799.3541	580.1	260.5192	80.50933	341.06076	-23.237194	1.7731584	0.9905799	2.545457	25.67634	-11.221826	-262.493	0.120233506	0.0009022135	0.12160013	0.1186867	-0.019955985	0.84254754	0.7462138	8.322839	1.6018748e-07
59	59999	5613.072947263718	3516.4993	0.0	3516.4993	3516.4993	992.0	815.73785	3.3436007	820.9075	810.85565	271.9	262.38962	80.31297	341.86826	-22.854206	1.7236458	1.0036256	2.5683823	25.215511	-10.619653	-264.3151	0.11979434	0.0005112182	0.12094575	0.11869929	0.007772922	0.8434268	0.7506554	8.146938	1.2740493e-06
60	60999	5717.554430961609	3441.431	0.0	3441.431	3441.431	1000.0	3341.7214	4.5154676	3349.506	3335.089	1000.0	263.68365	80.37628	343.7763	-17.42289	1.6813992	0.99277824	2.5315669	24.99561	-11.391251	-265.57935	0.11922795	0.0005181111	0.12048127	0.11795671	-0.015341716	0.84161603	0.7488743	8.361414	1.6093254e-06
61	61999	5818.062651157379	3422.1685	0.0	3422.1685	3422.1685	1000.0	523.78235	4.9954677	532.14557	516.8703	195.0	265.19925	79.87657	343.17703	-41.247715	1.6114795	1.0030818	2.5281246	24.877167	-10.391163	-267.07306	0.11787995	0.000594039	0.118674815	0.11629498	0.0066637965	0.8400377	0.7482577	9.216385	4.917383e-07
62	62999	5919.967793226242	1573.6146	0.0	1573.6146	1573.6146	449.0	1130.1581	13.9525795	1153.4484	1106.1227	359.1	266.0808	79.9857	343.85443	-31.858442	1.6303335	1.000991	2.513984	25.698574	-10.213425	-267.95468	0.120324366	0.0010667249	0.12204096	0.11834957	0.0021796569	0.8397297	0.7463062	8.468185	8.940697e-08
63	63999	6021.146192550659	2765.341	674.2168	3439.5579	2091.1243	791.5	832.5596	1.9088686	836.4958	830.1959	281.6	266.3591	79.67929	343.48975	-19.169758	1.614812	0.97151893	2.503852	26.068317	-12.297632	-268.17047	0.11550607	0.0020711662	0.11904264	0.11279535	-0.06132115	0.82765764	0.73970425	8.799415	1.5608966e-06
64	64999	6125.002311468124	3442.1829	0.0	3442.1829	3442.1829	1000.0	3147.4229	12.736624	3169.8716	3127.2754	1000.0	266.96307	79.68821	343.66238	-30.847677	1.5977255	1.0031366	2.5425737	26.764038	-11.172303	-268.81888	0.1134175	0.00052094203	0.11421684	0.11246331	0.0068967124	0.83373785	0.74564725	9.362434	2.913177e-06
65	65999	6224.671177625656	3474.7952	0.0	3474.7952	3474.7952	1000.0	14.164078	1.1937516	16.227686	13.021221	15.7	268.77612	79.127144	344.71973	-52.895134	2.0308251	1.0031278	2.5081892	28.019695	-11.692836	-270.55438	0.114432074	0.0020165592	0.117522925	0.11074774	0.006948511	0.83678657	0.7459338	9.6104355	3.5762787e-07
66	66999	6327.9621250629425	3435.8914	0.0	3435.8914	3435.8914	1000.0	2428.94	515.4334	3326.357	1930.9591	737.8	269.6319	79.05733	344.56357	-37.958996	1.7609414	1.0168765	2.5062547	26.07291	-10.774042	-271.43774	0.11610468	0.0011458385	0.11794215	0.11415646	0.0364717	0.8423242	0.74885225	9.1845455	2.026558e-06
67	67999	6428.51869893074	3456.3977	0.0	3456.3977	3456.3977	1000.0	851.5995	6.4050355	864.615	842.3003	281.5	270.70355	79.29876	346.29523	-26.423851	1.6118593	0.95567423	2.5044372	25.496277	-11.711654	-272.49567	0.11378682	0.0025827703	0.117511295	0.10897249	-0.096574835	0.82669735	0.73787314	9.153275	2.8908253e-06
68	68999	6531.554634809494	2248.0828	1166.7578	3414.8406	1081.325	656.5	3361.0972	148.23097	3418.939	2916.5825	986.4	272.7191	78.880806	346.7091	-40.18696	1.8424622	0.9697542	2.5680916	28.238724	-12.831064	-274.4542	0.10702493	0.0020701303	0.10959072	0.10317303	-0.0677995	0.8316985	0.74385196	10.491823	8.046627e-07
69	69999	6631.22140288353	3417.9648	0.0	3417.9648	3417.9648	1000.0	1087.4801	752.879	3346.0967	831.35657	354.3	273.52963	79.31305	347.484	-25.930576	1.6702893	1.0057487	2.580859	25.92919	-9.54595	-275.24405	0.10423759	0.0002951816	0.10479377	0.10324858	0.01307458	0.8338587	0.7468065	9.673274	2.0861626e-07
70	70999	6733.9689264297485	1833.081	0.0	1833.081	1833.081	517.0	3344.5364	3.3641865	3352.2817	3340.0999	1000.0	274.3398	79.21649	347.89734	-27.551802	1.4697863	0.9905434	2.5807548	28.27636	-11.243883	-276.01114	0.10330949	0.0006937311	0.1049282	0.10223116	-0.021378193	0.83723325	0.74595857	10.187457	1.9967556e-06
71	71999	6834.961226224899	3434.5374	0.0	3434.5374	3434.5374	1000.0	1292.3514	89.84632	1461.9811	1198.4863	367.0	275.62897	79.605034	348.41837	-23.205921	1.5565636	0.9729869	2.5643716	28.553862	-11.824878	-277.31628	0.10021349	0.0016020704	0.10331346	0.098312914	-0.0619863	0.8299833	0.73885256	10.000352	2.477318e-07
72	72999	6934.750900506973	1977.7065	125.88995	2103.5964	1851.8165	564.0	76.154755	1.0401311	77.375145	75.00061	45.5	276.92877	79.955765	351.02313	-30.473476	1.6724567	1.0055406	2.569891	27.62598	-11.189243	-278.56998	0.0975077	0.00090610294	0.09917066	0.09598297	0.012881752	0.823632	0.7411129	9.883654	2.3841858e-07
73	73999	7034.464773416519	1208.4899	1597.5797	3467.8088	78.27427	364.66666	550.3016	1.9792464	553.3859	546.6371	204.3	276.7459	79.82002	349.8033	-30.327955	1.7605184	1.0416532	2.5434375	26.312334	-11.732761	-278.38123	0.10158307	0.0013835523	0.105932176	0.099192984	0.09491149	0.8269963	0.7467309	9.593138	5.0365925e-06
74	74999	7135.0967009067535	3438.2036	0.0	3438.2036	3438.2036	1000.0	1423.379	74.4612	1543.6193	1314.2529	396.6	275.95804	79.20429	347.82663	-33.024277	2.7627146	1.041402	2.5248725	27.170212	-12.944278	-277.55624	0.11140271	0.0018824844	0.11353226	0.10597231	0.09162181	0.83239454	0.74727637	9.2848215	1.0556541e-06
75	75999	7238.128299474716	1835.9979	0.0	1835.9979	1835.9979	519.0	3385.8938	0.7451281	3387.2314	3384.5857	1000.0	276.87872	80.00318	349.48712	-30.546608	1.9075892	0.96461695	2.5172076	30.215948	-10.949663	-278.52362	0.11154936	0.0022419868	0.11428665	0.10666172	-0.077995345	0.82224786	0.7395502	8.926524	4.6938658e-07
76	76999	7338.830764532089	2606.307	895.45465	3501.7615	1710.8522	743.0	1125.6595	68.258865	1227.5704	1034.0924	319.8	277.73618	79.33384	349.09128	-31.375538	1.93854	0.9693444	2.5298457	26.87404	-10.139387	-279.32214	0.10371261	0.0019963128	0.10713519	0.1013124	-0.06927896	0.81012386	0.73545456	8.759169	2.4661422e-06
77	77999	7440.58639216423	2099.247	126.77026	2226.0173	1972.4768	589.5	2039.5713	155.30835	2305.258	1727.0044	617.6	277.63788	79.50123	348.66373	-37.357716	1.8843808	1.0326227	2.5762966	28.57861	-10.066721	-279.25293	0.10445504	0.0012829299	0.10708978	0.101363935	0.07382328	0.82367	0.74920774	8.804163	1.013279e-06
78	78999	7543.069698572159	3472.1091	0.0	3472.1091	3472.1091	1000.0	3413.9302	3.0142844	3421.31	3409.6384	1000.0	277.90195	79.38401	349.25064	-52.979435	1.9938871	0.99012697	2.5453472	30.157259	-9.3429165	-279.4895	0.106158994	0.0009296659	0.10783576	0.10482479	-0.02204498	0.8151297	0.7425492	9.797713	1.3411045e-07
79	79999	7644.444316864014	3483.3723	0.0	3483.3723	3483.3723	1000.0	3524.6707	9.528145	3540.2302	3503.3643	1000.0	278.39023	78.91578	351.43948	-28.383642	2.0223372	1.0140498	2.55461	31.05466	-11.080929	-279.9526	0.10730277	0.0006162623	0.10812263	0.10540787	0.031505954	0.8184438	0.74380046	9.849078	4.2021275e-06
80	80999	7747.415956735611	3502.1123	0.0	3502.1123	3502.1123	1000.0	3484.5793	1.5263077	3486.3872	3481.4314	1000.0	280.29834	78.985886	351.00385	-30.500189	1.8114635	0.9779365	2.5485973	30.468313	-11.525328	-281.8288	0.10631921	0.001525503	0.108414195	0.10376566	-0.049465187	0.817955	0.74230504	10.708771	3.0137599e-06
81	81999	7850.01793217659	3490.6545	0.0	3490.6545	3490.6545	1000.0	3539.164	13.389254	3551.4297	3512.0999	1000.0	281.4665	79.77037	352.5008	-29.749428	1.9274124	1.0016725	2.5720012	27.223751	-12.143749	-283.0435	0.10510281	0.00048544412	0.106034055	0.10385282	0.0038597411	0.8192132	0.7424568	10.3206005	1.847744e-06
82	82999	7952.786770105362	3523.2458	0.0	3523.2458	3523.2458	1000.0	3370.308	4.4872823	3378.353	3364.363	1000.0	282.83044	79.01832	352.6024	-36.327744	1.6883235	0.9678931	2.5538838	30.1227	-13.07546	-284.33966	0.10147664	0.0019522671	0.10468001	0.098836966	-0.07332333	0.8129349	0.7384693	8.333871	8.6426735e-07
83	83999	8055.317917585373	3502.804	0.0	3502.804	3502.804	1000.0	3496.1653	1.9610903	3499.2546	3493.8389	1000.0	284.07352	78.95248	353.04752	-43.122437	1.662466	0.989245	2.584347	28.25672	-10.8192215	-285.58548	0.0985321	0.00063634367	0.099719346	0.09719001	-0.02489204	0.8178807	0.74334407	9.20468	4.7683716e-07
84	84999	8158.576836109161	3508.1401	0.0	3508.1401	3508.1401	1000.0	3463.6692	6.2429895	3472.09	3453.288	1000.0	285.838	78.84888	354.3751	-38.30789	1.6313514	0.9830992	2.5635135	31.375708	-10.375874	-287.3155	0.096901275	0.0015785064	0.098980695	0.09433725	-0.039540622	0.81250685	0.7388436	9.470726	1.6391277e-07
85	85999	8259.314628839493	1622.3115	264.74457	1887.056	1357.5669	449.5	1199.399	23.11042	1224.5765	1153.5885	327.1	286.54416	78.564384	354.18423	-24.907017	1.7026848	0.98060155	2.586797	31.867203	-10.213109	-287.99243	0.09389442	0.0012204883	0.095385775	0.09159625	-0.04596361	0.81793255	0.74126387	9.59034	1.9669533e-06
86	86999	8362.30805683136	1525.4736	254.04608	1779.5197	1271.4275	420.0	3403.811	1.3631492	3406.1191	3401.7947	1000.0	285.99188	78.80369	354.3966	-31.790123	1.6646134	1.044376	2.596066	30.432907	-12.984831	-287.46704	0.095771745	0.0018959894	0.09833219	0.09165255	0.10455587	0.81816554	0.7447739	10.412537	2.6524067e-06
87	87999	8464.800599098206	3491.9524	0.0	3491.9524	3491.9524	1000.0	3512.1797	37.283497	3614.787	3466.6108	1000.0	285.8311	78.831215	355.02902	-35.008137	1.7004106	1.0141683	2.5877228	31.78754	-11.070631	-287.23486	0.101240516	0.00079762045	0.10262257	0.0983154	0.032772206	0.8205529	0.75056076	9.036872	1.206994e-06
88	88999	8567.95025753975	3475.8528	0.0	3475.8528	3475.8528	1000.0	3470.935	6.826425	3483.0693	3462.4312	1000.0	286.94083	77.98442	354.03372	-25.558786	1.5984089	0.9722651	2.5968175	29.540794	-9.926655	-288.4139	0.099485196	0.0015910243	0.10168492	0.09626653	-0.06423961	0.82245517	0.7481526	8.582483	4.7683716e-07
89	89999	8671.084655761719	3492.2812	0.0	3492.2812	3492.2812	1000.0	3501.5796	10.32613	3515.6987	3484.0208	1000.0	288.0091	77.869	355.2737	-30.889565	1.5581592	1.0028688	2.6048415	29.301365	-14.814211	-289.4008	0.09672803	0.00030454292	0.097456716	0.09612507	0.0067619053	0.82579726	0.74974614	9.357923	1.6614795e-06
90	90999	8774.465257406235	3512.7048	0.0	3512.7048	3512.7048	1000.0	3426.771	0.97835326	3428.5974	3425.1516	1000.0	288.7638	77.91416	354.94876	-44.241497	1.5370635	0.97211	2.621217	28.821348	-12.311358	-290.14902	0.09460771	0.001812196	0.09759592	0.09218731	-0.06571075	0.82555485	0.7474656	9.566332	3.6712736e-06
91	91999	8877.323885440826	3506.9795	0.0	3506.9795	3506.9795	1000.0	3494.9253	3.7460818	3500.1348	3489.6074	1000.0	289.8197	77.59059	355.32623	-51.25483	1.4326496	0.9781213	2.6319132	29.738401	-10.176865	-291.24506	0.09117689	0.0009795827	0.09310872	0.08901439	-0.052401923	0.8223462	0.74922365	9.410886	1.5646219e-06
92	92999	8980.468195199966	3531.8228	0.0	3531.8228	3531.8228	1000.0	3462.1863	3.0592918	3467.5144	3458.0928	1000.0	291.40088	76.866325	355.92114	-22.233006	1.4223038	1.0018761	2.6424153	30.189507	-11.121714	-292.75937	0.089550786	0.00030986083	0.09009882	0.08889147	0.004596329	0.8284814	0.7517975	8.685247	1.6093254e-06
93	93999	9081.867365598679	3535.4382	0.0	3535.4382	3535.4382	1000.0	3504.7202	1.9536034	3507.3364	3502.1191	1000.0	292.31808	77.076515	356.02542	-28.816936	1.4493638	0.9801149	2.6661088	27.911835	-14.11955	-293.68195	0.08925111	0.001532498	0.09151418	0.08667944	-0.048202217	0.8281648	0.7518518	9.075332	2.3841858e-07
94	94999	9184.505909442902	3524.9773	0.0	3524.9773	3524.9773	1000.0	3391.1504	1.2122247	3393.4841	3389.1812	1000.0	294.15274	76.64697	357.05392	-28.414246	1.4237714	1.0206689	2.6700547	29.959518	-10.3138685	-295.522	0.08777953	0.00066679897	0.08954972	0.08667829	0.050262824	0.8261808	0.7551402	10.377785	2.4735928e-06
95	95999	9287.05014371872	3534.605	0.0	3534.605	3534.605	1000.0	3473.1665	1.4585142	3475.83	3470.7708	1000.0	294.48767	76.71062	356.8835	-37.187214	1.5435097	0.99527586	2.6462066	27.18739	-10.231743	-295.87448	0.09033241	0.00061704696	0.09124107	0.08902178	-0.011341152	0.8290079	0.75268716	10.031448	2.026558e-06
96	96999	9389.992657661438	3508.5706	0.0	3508.5706	3508.5706	1000.0	3531.8638	1.837059	3533.7202	3527.4739	1000.0	295.54218	76.31965	358.08105	-27.57746	1.5175132	0.9873921	2.6689072	29.09456	-10.612362	-296.89993	0.08860403	0.00085123075	0.08972482	0.08700048	-0.03058143	0.8281528	0.7585158	10.781658	1.3709068e-06
97	97999	9492.892097234726	2215.2207	1301.3129	3516.5334	913.9077	630.0	3362.355	1.5255568	3364.621	3359.9343	1000.0	296.45416	76.32623	358.2573	-52.843834	1.4331394	0.99796486	2.6681437	30.587326	-13.304258	-297.78262	0.08751601	0.0005207627	0.088354215	0.08645342	-0.004903465	0.8245703	0.75217664	9.408221	6.392598e-06
98	98999	9595.248172521591	3510.9443	0.0	3510.9443	3510.9443	1000.0	2829.3618	468.30566	3608.2466	2256.41	774.3	295.72986	77.09148	358.61954	-27.01043	1.561616	1.0272949	2.6488428	29.734749	-10.04183	-297.0393	0.08965461	0.0006826195	0.09083735	0.08663225	0.066301204	0.83183634	0.7541746	9.536122	2.5331974e-06
99	99999	9697.600344896317	3530.988	0.0	3530.988	3530.988	1000.0	3576.3933	3.709775	3582.544	3571.8892	1000.0	295.41687	76.877014	358.164	-34.511784	1.4801047	1.003796	2.6376562	28.653069	-12.768504	-296.70364	0.09102072	0.00019758212	0.09141173	0.090349235	0.009160299	0.83280194	0.7521741	8.973921	4.172325e-06
