Epoch	TotalEnvInteracts	Time	AverageEpRet	StdEpRet	MaxEpRet	MinEpRet	EpLen	AverageTestEpRet	StdTestEpRet	MaxTestEpRet	MinTestEpRet	TestEpLen	AverageQ1Vals	StdQ1Vals	MaxQ1Vals	MinQ1Vals	LossQ1	AverageLogPi	StdLogPi	MaxLogPi	MinLogPi	LossPi	AverageAlpha	StdAlpha	MaxAlpha	MinAlpha	LossAlpha	AveragePreTanh	StdPreTanh	MaxPreTanh	MinPreTanh
0	999	1.3146295547485352	20.943867	23.54933	115.327065	4.116121	23.209303	10.916295	0.04289338	10.998798	10.857935	13.0	0.0	0.0	0.0	0.0	0.0	0.0	0.0	0.0	0.0	0.0	0.0	0.0	0.0	0.0	0.0	0.0	0.0	0.0	0.0
1	1999	1.5483696460723877	22.335522	23.96433	124.374176	3.452838	23.714285	10.916295	0.04289338	10.998798	10.857935	13.0	0.0	0.0	0.0	0.0	0.0	0.0	0.0	0.0	0.0	0.0	0.0	0.0	0.0	0.0	0.0	0.0	0.0	0.0	0.0
2	2999	1.8112473487854004	15.133925	9.13861	52.619244	6.126275	19.96	10.970255	0.06488296	11.108696	10.902742	13.0	0.0	0.0	0.0	0.0	0.0	0.0	0.0	0.0	0.0	0.0	0.0	0.0	0.0	0.0	0.0	0.0	0.0	0.0	0.0
3	3999	2.1073720455169678	18.134651	18.61323	116.574425	6.395498	22.044445	10.9312	0.030251013	10.998956	10.901944	13.0	0.0	0.0	0.0	0.0	0.0	0.0	0.0	0.0	0.0	0.0	0.0	0.0	0.0	0.0	0.0	0.0	0.0	0.0	0.0
4	4999	2.4496610164642334	18.294903	20.980427	151.20201	6.8408637	20.645834	10.933294	0.069096416	11.0111685	10.803399	13.0	0.0	0.0	0.0	0.0	0.0	0.0	0.0	0.0	0.0	0.0	0.0	0.0	0.0	0.0	0.0	0.0	0.0	0.0	0.0
5	5999	104.80512237548828	157.615	81.93002	246.08693	24.469702	82.454544	187.04001	2.9938345	192.26337	181.11981	92.7	92.43138	54.20648	192.64848	-24.082493	8.271398	-0.70561004	1.8778979	18.300991	-10.495441	-98.88589	0.8845408	0.061473384	0.99970007	0.7824412	-0.1886915	0.8466556	0.62340206	5.139397	4.172325e-07
6	6999	207.478009223938	225.67822	51.226387	291.63818	157.01703	112.77778	356.23032	1.0431956	357.45654	353.9394	148.2	182.2217	57.77982	228.576	-24.304829	12.9822855	-0.3432645	2.390535	26.965893	-10.122702	-191.92632	0.69030184	0.05284951	0.7822572	0.5995822	-0.504416	0.884986	0.67804617	6.9953237	1.1920929e-06
7	7999	314.75449538230896	316.28183	63.68542	396.00928	202.73985	199.2	1042.578	0.5934652	1043.7122	1041.5111	1000.0	174.79889	57.304558	223.94485	-47.274307	8.495346	-0.26502293	2.520831	30.227901	-10.370147	-183.24257	0.5228	0.040860932	0.59941095	0.45767695	-0.81498206	0.8697322	0.68305224	6.2261634	1.66893e-06
8	8999	417.76396799087524	344.34103	117.116165	592.30273	222.19022	182.83333	287.20215	0.8953168	288.5163	285.72482	133.9	175.85808	48.150883	222.42793	-29.12073	6.751875	-0.10047344	2.5464427	26.926176	-9.193846	-183.10213	0.40136224	0.03062357	0.45757195	0.35251153	-1.0008281	0.8748541	0.69056284	7.1994534	1.6093254e-06
9	9999	524.5045144557953	293.02698	17.002815	312.40384	265.68185	155.5	1031.3827	1.4802238	1033.6017	1029.5715	1000.0	167.36235	53.928318	223.17346	-45.36239	4.453593	0.07140155	2.563511	28.135685	-11.398472	-173.87318	0.31234545	0.02322423	0.3524253	0.2731989	-1.0840871	0.8785243	0.6911187	7.3342023	1.0728836e-06
10	10999	628.2605919837952	449.6867	255.2992	959.496	297.94467	272.0	374.73026	1.1501596	376.55136	373.2219	197.0	149.31761	43.271458	194.72595	-37.029457	2.639083	-0.09071702	2.5493026	26.97828	-10.287385	-154.47609	0.23531277	0.021351272	0.27313328	0.20094416	-1.5840691	0.86134356	0.67964065	6.9967446	7.606577e-07
11	11999	732.6117293834686	344.7687	21.195927	375.40366	316.9119	146.33333	495.93863	0.7895121	497.5604	494.83063	196.2	141.62291	40.88359	175.0877	-32.913242	1.9073331	0.13633387	2.5953312	29.24061	-11.650323	-146.06299	0.17723168	0.012830637	0.20088023	0.15580474	-1.4934475	0.88693666	0.70030683	6.9399915	2.503395e-06
12	12999	836.636643409729	388.0292	29.138968	443.2319	347.0605	155.0	417.34125	1.2284651	419.44196	414.9251	158.1	143.71376	42.29635	179.75548	-26.762981	1.5280337	0.37410757	2.7292144	30.791386	-12.263562	-147.85338	0.13930124	0.008783084	0.15576471	0.12560342	-1.2287309	0.912965	0.7283851	8.010978	1.1026859e-06
13	13999	942.1476557254791	446.38406	69.81249	527.8612	361.53534	171.33333	1604.1826	399.90317	2370.8022	1301.0629	604.7	149.90941	45.452145	186.97137	-46.079735	1.58794	0.640872	2.852937	35.142784	-11.657423	-153.93231	0.11575823	0.0054369364	0.12557594	0.10656267	-0.7729561	0.9320996	0.75363487	7.9455156	2.9802322e-08
14	14999	1046.165484905243	606.86005	32.17356	660.63873	577.25574	217.25	20.883263	0.4270826	22.116863	20.567879	20.1	157.82028	48.82596	220.13101	-27.41262	1.9759251	1.0487186	2.988484	34.90499	-11.425476	-161.90283	0.105707474	0.0017449931	0.110834144	0.103967406	0.108078435	0.9667231	0.78662044	9.73204	5.9604645e-07
15	15999	1149.869202375412	694.442	102.95372	870.61005	620.78204	239.0	28.104797	2.627848	33.47029	25.924818	24.4	174.88135	56.157017	233.77959	-29.625124	2.1723106	1.2253369	3.0231955	34.605877	-12.026534	-179.27367	0.123062044	0.006834018	0.13179104	0.11084506	0.47671396	0.97977424	0.8015624	10.086887	5.662441e-07
16	16999	1254.8739864826202	688.7542	63.141815	798.6982	629.12317	231.6	556.4215	1.657352	558.9559	554.994	209.3	182.51717	59.157425	238.11722	-66.5496	2.0734723	1.0312815	2.893867	34.701607	-10.832	-186.88594	0.13591251	0.002317582	0.13905668	0.13176349	0.06302595	0.9391067	0.7739405	9.566332	7.1525574e-07
17	17999	1359.9117081165314	833.342	170.37454	1069.676	674.5439	277.66666	992.5116	35.159977	1033.4186	919.4302	335.4	185.55624	59.37638	242.45778	-23.670752	1.7798204	0.91583073	2.8353622	33.34634	-11.817389	-189.69412	0.12830997	0.0037206684	0.13553171	0.122774705	-0.17218927	0.91210544	0.7583829	9.4763975	2.361834e-06
18	18999	1462.9442031383514	864.0223	117.55123	1026.9573	753.979	294.33334	721.2696	16.129774	746.684	694.65936	259.7	190.46802	61.9644	257.6867	-34.24545	2.0215042	1.0516882	2.8841345	34.98466	-11.236991	-194.61743	0.12669109	0.0030464584	0.13151018	0.1227522	0.1067731	0.92055225	0.7705968	8.935251	1.9967556e-06
19	19999	1566.261875152588	1421.1458	311.2552	1732.4009	1109.8905	493.0	40.612778	0.81273466	41.95407	39.771397	31.3	201.12291	65.65328	264.95193	-30.639654	1.8945013	1.0171871	2.8699665	34.33059	-11.139664	-205.19797	0.13402823	0.0011181986	0.13517153	0.13104261	0.034735907	0.92218065	0.77439505	9.733141	1.9967556e-06
20	20999	1670.1984558105469	1170.5303	331.8219	1598.2212	789.4454	401.33334	871.6452	44.693565	919.757	794.2606	306.6	206.68456	67.248764	269.94794	-40.641235	2.3474674	1.0220842	2.8870416	33.902645	-10.589663	-210.68413	0.13645698	0.0019353414	0.13949761	0.13405204	0.04400531	0.923816	0.7788551	11.880468	7.972121e-07
21	21999	1774.1696746349335	1179.9897	547.36957	1727.3593	632.6201	405.0	1070.7008	9.053185	1085.6504	1057.2744	347.3	207.13942	66.5298	268.15112	-18.073856	1.7519	0.95806736	2.8562288	32.343643	-16.302313	-210.91797	0.13452792	0.002526525	0.13927439	0.13064237	-0.08395465	0.905074	0.76800567	9.302844	1.2516975e-06
22	22999	1878.7368323802948	1448.6406	164.1861	1612.8268	1284.4546	470.0	1747.2507	69.03528	1844.2838	1633.7347	553.7	208.31494	66.21203	269.37268	-25.961977	1.7093046	0.9811266	2.8288999	33.04205	-14.517782	-211.89984	0.12884606	0.0011078794	0.13091317	0.12679258	-0.03861815	0.895457	0.766931	10.31259	2.4586916e-06
23	23999	1983.3770129680634	2720.836	0.0	2720.836	2720.836	1000.0	1366.862	20.88455	1396.5475	1321.3467	432.8	210.55075	65.99286	273.2162	-29.495579	1.5438646	0.99236685	2.8427868	32.56044	-11.887384	-214.08258	0.12705278	0.0008516959	0.12867624	0.1252536	-0.015725704	0.88996905	0.772739	9.84993	5.2154064e-07
24	24999	2089.950487136841	3004.832	0.0	3004.832	3004.832	1000.0	2877.1975	9.6056	2894.6624	2856.9216	1000.0	216.05882	66.63501	278.9232	-21.96354	1.4795852	0.97506726	2.794601	33.167934	-9.931641	-219.51949	0.122881986	0.0017604218	0.12572224	0.12049031	-0.05216469	0.8796866	0.7608701	10.068717	3.8929284e-07
25	25999	2194.8596799373627	1433.5522	301.27795	1839.6924	1118.9463	449.66666	2494.9404	578.8714	2950.4573	1168.3438	854.7	219.93019	67.41359	282.61084	-24.087852	1.4877273	1.0018318	2.8062341	33.436096	-10.695672	-223.31676	0.12090053	0.00059396686	0.12195431	0.119723566	0.0039169053	0.8802749	0.7689298	10.269398	7.5250864e-07
26	26999	2300.3617923259735	2884.639	0.0	2884.639	2884.639	898.0	1803.7676	128.45332	2035.472	1678.6481	551.5	222.26965	67.81185	285.7517	-37.038383	1.4825771	1.0268756	2.8052254	33.45041	-11.683962	-225.53229	0.12326819	0.0018739386	0.12634356	0.1206278	0.056228917	0.87711775	0.7711388	10.722772	2.9802322e-08
27	27999	2403.7254979610443	1835.6832	550.6376	2386.3208	1285.0457	570.5	924.9203	5.8655124	934.2476	915.5143	294.8	225.37456	67.898476	287.957	-37.68036	1.4757639	1.0036923	2.79491	33.0412	-9.702885	-228.50581	0.12631683	0.0002178453	0.12699202	0.12585042	0.007669078	0.874495	0.77207744	10.969963	1.475215e-06
28	28999	2508.659084558487	2696.993	0.0	2696.993	2696.993	844.0	955.8959	13.301516	974.5434	936.95654	300.4	228.89557	68.3527	292.1683	-31.206312	1.4536506	0.9757901	2.7582223	31.755966	-12.550648	-232.03465	0.12394145	0.0014718558	0.12704186	0.12216157	-0.050342217	0.86631536	0.7655424	10.491298	2.8312206e-07
29	29999	2615.7751502990723	1829.2589	562.5382	2391.797	1266.7207	571.0	2926.4387	1.8788958	2928.3833	2922.066	1000.0	230.32906	69.32693	293.91766	-23.419727	1.3650714	1.0167049	2.7625089	34.772804	-11.228338	-233.43271	0.12435101	0.0009375407	0.1258627	0.1223669	0.03494232	0.8719113	0.7708796	10.26102	2.2351742e-07
30	30999	2719.9023756980896	1662.0543	0.0	1662.0543	1662.0543	514.0	742.93463	3.3622012	747.95276	737.1903	238.0	232.19402	69.17503	296.3626	-36.537193	1.4874446	0.9880445	2.7567139	34.148163	-11.496013	-235.10478	0.123901546	0.0006945722	0.12587717	0.12295571	-0.024855657	0.87050855	0.7713786	14.155449	1.1324883e-06
31	31999	2823.5161759853363	2366.6104	727.2628	3093.8733	1639.3477	754.5	701.64343	6.590541	711.73517	692.58405	228.8	235.14102	68.89245	297.3899	-16.035183	1.4112103	0.9971978	2.7406788	34.46888	-10.537729	-238.07938	0.123714246	0.00069368526	0.12485366	0.122088805	-0.0058058864	0.8709711	0.77069783	13.030684	1.8328428e-06
32	32999	2930.891285419464	1882.4249	0.0	1882.4249	1882.4249	601.0	2724.6716	11.362352	2739.467	2704.9165	1000.0	236.75526	68.98941	298.61252	-28.257774	1.4712983	0.97582227	2.7530465	35.571217	-11.061538	-239.46616	0.1209097	0.0015779111	0.12382387	0.118265145	-0.051112026	0.87027913	0.7747303	11.996901	5.289912e-07
33	33999	3035.969438791275	3084.3542	0.0	3084.3542	3084.3542	965.0	1200.4641	15.808502	1208.3068	1153.4015	376.0	237.69704	69.28719	299.64117	-26.176826	1.4312463	1.00874	2.741536	34.583023	-11.691963	-240.39052	0.119470015	0.00044850897	0.120340794	0.11826489	0.01865242	0.8678378	0.77382	10.802594	3.0398369e-06
34	34999	3142.7418661117554	1401.5852	351.02423	1752.6095	1050.561	439.5	3052.525	6.133296	3062.963	3042.5876	1000.0	237.86777	68.77278	300.03067	-47.803436	1.5255829	0.99530566	2.7202632	36.83906	-10.350684	-240.4691	0.118839234	0.0009231397	0.12028629	0.11714652	-0.009906246	0.858826	0.7711809	12.8003025	2.9802322e-08
35	35999	3246.724492788315	2230.671	76.28931	2306.9602	2154.3816	693.0	868.8579	3.9730394	875.7446	861.87744	268.1	238.87767	69.13007	302.3399	-29.456066	1.5322636	0.97686654	2.6944609	31.76117	-10.983929	-241.43341	0.11555639	0.00162128	0.11896746	0.11403111	-0.049615536	0.8508086	0.7697407	15.201603	1.4901161e-07
36	36999	3354.242552757263	896.5684	69.12805	965.6965	827.44037	277.0	2749.5105	9.442117	2762.5579	2733.217	1000.0	239.5059	68.654915	302.90506	-63.716904	1.3618394	0.98535186	2.7458944	33.049957	-12.319033	-242.05612	0.112573214	0.00068140996	0.114772975	0.11177496	-0.031829003	0.85947526	0.77563375	12.807667	5.9604645e-07
37	37999	3459.174480199814	3076.2905	0.0	3076.2905	3076.2905	1000.0	1491.075	90.77517	1665.6406	1378.5204	463.1	241.21306	69.06756	304.04846	-24.661266	1.3015534	0.9780638	2.7394974	35.27432	-11.444858	-243.69101	0.11047644	0.0008837138	0.112171054	0.10840817	-0.04833322	0.8610154	0.7746253	10.53734	8.34465e-07
38	38999	3565.5411043167114	1850.1604	783.9114	2634.0718	1066.249	575.0	2610.73	618.0373	2961.4346	1374.5863	880.8	242.66846	69.45496	305.93567	-21.972843	1.3615115	0.98991865	2.7360532	34.366013	-12.464576	-245.03778	0.107162386	0.00038760307	0.10838904	0.106324576	-0.022441134	0.86113095	0.77439624	12.238161	1.5646219e-06
39	39999	3669.0185265541077	2143.7236	763.79376	2907.5173	1379.9298	667.5	956.30457	11.806059	983.33234	937.82825	296.8	243.74016	69.10222	306.10495	-26.971807	1.2828734	0.99073374	2.7503788	34.482685	-11.0349865	-246.07425	0.10634944	0.00064921944	0.10748283	0.104884006	-0.02076431	0.8549406	0.77487564	13.731384	7.003546e-07
40	40999	3773.975263595581	1402.1562	0.0	1402.1562	1402.1562	432.0	990.6139	8.525145	1002.34045	976.2339	305.6	244.1206	69.60554	307.7567	-37.562225	1.3482518	0.9865381	2.7530482	33.450092	-11.084816	-246.42928	0.1034603	0.00079538074	0.10502749	0.10223596	-0.03041321	0.8495062	0.77358806	14.010386	1.9669533e-06
41	41999	3882.1484065055847	2034.2588	1095.9749	3130.2336	938.28406	648.5	3012.2778	4.4355526	3017.2395	3004.2456	1000.0	245.03706	69.28667	307.03055	-33.815987	1.3082595	0.9885282	2.7574472	34.591385	-11.841752	-247.30434	0.101790234	0.0005667653	0.10286991	0.100947544	-0.02615304	0.8471238	0.7725712	13.4549465	5.662441e-07
42	42999	3985.696375608444	3156.2585	0.0	3156.2585	3156.2585	1000.0	314.61978	906.3628	3033.7075	11.539931	111.5	246.55507	69.115776	308.4457	-21.52498	1.1690928	0.9852772	2.7393646	33.84713	-11.179422	-248.76646	0.100815654	0.0011962447	0.102756836	0.09882019	-0.03385238	0.84617597	0.77056986	12.077364	6.519258e-07
43	43999	4090.143663406372	1411.6189	0.0	1411.6189	1411.6189	432.0	269.53564	780.0771	2609.7664	9.151202	89.6	248.13022	69.23792	309.68448	-27.091398	1.1627814	0.999529	2.7312832	35.095615	-10.705715	-250.30269	0.099384114	0.0006458653	0.1000852	0.09786906	-0.0010380001	0.8506969	0.7756684	11.213167	8.34465e-07
44	44999	4196.7471396923065	3104.6653	0.0	3104.6653	3104.6653	1000.0	2428.065	691.68335	3079.778	1449.5155	784.6	250.2786	68.76973	311.21512	-19.300482	1.1623303	0.9820319	2.7258685	37.810417	-10.803591	-252.38078	0.09708984	0.0012927729	0.099160515	0.094873644	-0.041807264	0.8435502	0.768864	10.777732	1.5199184e-06
45	45999	4302.001721858978	3085.9856	0.0	3085.9856	3085.9856	1000.0	2607.6948	70.67343	2735.4775	2518.0837	785.8	251.75401	68.772224	312.49786	-18.14105	1.1433285	0.9901376	2.7113883	35.439415	-15.8838	-253.85625	0.094936036	0.0006947278	0.09609933	0.09358253	-0.023161381	0.8368772	0.7640312	12.715744	1.9744039e-07
46	46999	4405.730205535889	3110.8113	0.0	3110.8113	3110.8113	1000.0	28.990322	8.659499	54.521893	24.150919	23.8	252.64279	68.1645	311.7041	-22.171906	1.1547635	1.0108888	2.7378395	36.23784	-11.772049	-254.72615	0.09611486	0.0005935318	0.09710399	0.094156586	0.025696913	0.83941764	0.7684695	11.98935	9.834766e-07
47	47999	4510.284716367722	3116.0583	0.0	3116.0583	3116.0583	1000.0	1079.8782	20.109085	1107.7166	1040.6859	324.5	254.34532	68.32094	313.31488	-31.167223	1.1518555	0.9857315	2.7453601	35.9913	-12.774616	-256.39548	0.09521497	0.0011330146	0.09700629	0.09352729	-0.033542022	0.8357584	0.7696268	13.462841	5.9604645e-08
48	48999	4614.645313501358	3170.2434	0.0	3170.2434	3170.2434	1000.0	1298.5857	37.39788	1352.5328	1239.7217	402.3	256.81018	68.07791	314.07846	-20.62038	1.2379847	1.0169125	2.7372115	36.65666	-12.011603	-258.8126	0.09502135	0.0004986492	0.096073724	0.09388289	0.039871633	0.8380275	0.77288586	15.704929	2.5480986e-06
49	49999	4721.885155677795	3141.2432	0.0	3141.2432	3141.2432	1000.0	3149.8472	3.5164435	3154.5256	3143.0503	1000.0	259.03568	67.61389	314.04642	-23.962152	1.3035216	0.9733585	2.7080896	34.65717	-9.590868	-260.9704	0.095482394	0.0012451344	0.097653925	0.092516065	-0.06278049	0.8331508	0.7686209	17.277355	2.0861626e-07
50	50999	4830.101041316986	3178.8333	0.0	3178.8333	3178.8333	1000.0	3153.941	2.2471426	3157.4473	3150.2034	1000.0	258.9983	68.140076	315.57596	-13.969808	1.1953665	0.98072195	2.683267	35.382084	-11.58473	-260.9703	0.09122185	0.001065899	0.09264044	0.08936877	-0.046140425	0.8235905	0.7584871	15.424299	6.7055225e-07
51	51999	4938.499973297119	3138.0417	0.0	3138.0417	3138.0417	1000.0	3106.9055	0.6437978	3107.8027	3105.409	1000.0	261.12387	67.70138	315.09235	-23.186451	1.2686963	0.9924395	2.6850903	36.924175	-11.569177	-263.02933	0.090220705	0.00089787506	0.09156905	0.08856218	-0.01821581	0.8216065	0.7604181	20.774593	1.206994e-06
52	52999	5045.931167840958	1643.28	1557.2356	3200.5156	86.044426	524.0	3012.9705	0.681021	3014.0986	3012.0256	1000.0	262.2018	68.03902	317.16318	-23.666307	1.5554432	1.014699	2.6815896	34.24278	-9.892809	-264.1535	0.0896336	0.0006038892	0.09074143	0.088563174	0.035515103	0.8241403	0.7584757	18.535555	4.5374036e-06
53	53999	5152.285237312317	2650.2734	548.6548	3198.9282	2101.6187	815.5	3078.2957	0.9914833	3079.9177	3076.9172	1000.0	263.8749	67.07948	315.71466	-25.676872	1.3191609	0.97648984	2.6817842	36.41705	-11.2689495	-265.7364	0.089773014	0.0011769469	0.091463685	0.08744774	-0.056811955	0.8293918	0.76580274	16.318771	2.5629997e-06
54	54999	5255.943477869034	3174.3303	0.0	3174.3303	3174.3303	1000.0	20.796062	4.882615	27.27211	15.4379425	18.6	263.89664	66.80043	316.4697	-21.934132	1.3430513	0.9871286	2.6987119	35.489605	-10.786295	-265.69418	0.0860636	0.00062426535	0.08763431	0.08523359	-0.03145425	0.82276887	0.7692115	14.129444	0.0
55	55999	5361.971013307571	3200.9116	0.0	3200.9116	3200.9116	1000.0	3010.606	1.4433442	3012.7158	3008.2173	1000.0	265.94363	66.764854	317.90213	-30.573286	1.2086844	0.994095	2.6854994	35.24668	-9.8780155	-267.73157	0.08490422	0.0005441849	0.0861281	0.08408478	-0.014467993	0.82229704	0.76860094	16.087475	1.9669533e-06
56	56999	5468.795364618301	3236.6895	0.0	3236.6895	3236.6895	1000.0	3178.3792	1.0997483	3180.1653	3176.7769	1000.0	267.81943	67.387695	319.21024	-23.506847	1.4069394	1.0128672	2.719562	35.804016	-9.996586	-269.64642	0.085845746	0.00061108003	0.08708586	0.08474881	0.03170767	0.82486564	0.77439326	20.455757	7.2717667e-06
57	57999	5570.5789959430695	3229.7986	0.0	3229.7986	3229.7986	1000.0	10.734918	0.35774812	10.9301405	9.670229	11.9	269.62396	66.540054	319.47797	-17.748232	1.1646838	0.9748076	2.6447132	35.81563	-13.223443	-271.40997	0.08522165	0.0009858595	0.086966015	0.08294399	-0.062122833	0.8205983	0.7655389	24.41129	1.4901161e-07
58	58999	5676.574725627899	2154.2837	0.0	2154.2837	2154.2837	643.0	3202.7336	1.7346283	3205.4043	3199.435	1000.0	271.00238	67.11344	320.3772	-19.323515	1.2831162	0.9549275	2.6804183	34.371796	-10.138779	-272.74323	0.08047106	0.0019553227	0.08370139	0.07732294	-0.1136439	0.8091747	0.7627613	24.42323	1.4901161e-07
59	59999	5784.137358188629	2363.933	0.0	2363.933	2363.933	705.0	3146.437	1.4329515	3149.175	3144.6401	1000.0	270.99127	66.301704	319.8387	-25.06908	1.1712269	1.012666	2.7055302	35.7907	-14.04344	-272.68582	0.07841055	0.000596343	0.07927031	0.07733758	0.032354422	0.8114091	0.7680474	16.325085	5.9604645e-08
60	60999	5890.253829956055	3228.7607	0.0	3228.7607	3228.7607	1000.0	3212.7847	2.038268	3215.357	3209.4797	1000.0	271.30215	66.109116	320.98874	-41.516987	1.2359204	1.0079249	2.716067	35.660084	-12.94569	-273.01526	0.080647916	0.0007055407	0.08150674	0.07887331	0.02014411	0.82306135	0.7744646	21.147537	9.909272e-07
61	61999	5997.131266832352	3281.4915	0.0	3281.4915	3281.4915	1000.0	3244.7764	1.9060643	3247.5576	3241.9146	1000.0	272.01965	66.299416	321.77783	-22.593073	1.1132112	0.97976094	2.6892922	35.616673	-10.434397	-273.70105	0.078824	0.0010151857	0.08015036	0.07731695	-0.05138352	0.8108071	0.7580382	14.498027	1.1324883e-06
62	62999	6103.725198984146	3258.7864	0.0	3258.7864	3258.7864	1000.0	3239.3606	3.3945293	3246.5322	3236.1853	1000.0	274.62582	65.85009	322.30292	-43.230568	1.0758826	0.9943031	2.6891804	34.20692	-12.211336	-276.26416	0.07762436	0.00048237763	0.07845217	0.07663339	-0.014530943	0.8171507	0.76108307	15.576558	1.1920929e-07
63	63999	6207.054064273834	3250.2236	0.0	3250.2236	3250.2236	1000.0	866.4465	23.624823	935.9907	852.0115	270.7	275.278	65.767494	322.35953	-25.393684	1.2379234	0.9916645	2.698931	36.05327	-13.021128	-276.9164	0.07611856	0.0009791079	0.07773092	0.07498106	-0.0213818	0.8227114	0.76392514	19.661171	2.503395e-06
64	64999	6312.301367759705	1991.0013	916.2389	3247.956	1089.9631	606.6667	2013.2738	995.2648	3239.9026	1135.7185	620.2	275.3634	65.96974	322.74295	-22.559786	1.2885929	1.0209924	2.697464	34.59928	-11.405108	-277.00058	0.076505385	0.00090827496	0.07833543	0.07529006	0.053951513	0.8247932	0.7696124	23.902847	2.3841858e-07
65	65999	6420.036218166351	891.1849	0.0	891.1849	891.1849	272.0	3216.4807	1.3100158	3218.1194	3213.426	1000.0	274.49915	65.62936	322.5003	-22.319849	1.3607515	1.029194	2.668812	34.15688	-13.005372	-276.03537	0.07966225	0.0010125921	0.081847	0.07818806	0.073817156	0.8206368	0.76875186	16.60481	2.3841858e-06
66	66999	6525.474940061569	3220.264	0.0	3220.264	3220.264	1000.0	1126.6785	6.7143955	1134.8394	1116.2764	336.7	273.86172	65.3403	321.92346	-40.3344	1.2578344	0.9766048	2.6351862	36.52456	-11.37543	-275.39465	0.081603914	0.0011482028	0.082852304	0.07883942	-0.05891835	0.81478345	0.75440586	17.03098	8.940697e-07
67	67999	6633.786765575409	3241.1199	0.0	3241.1199	3241.1199	1000.0	3189.2263	0.73432726	3190.9922	3188.3794	1000.0	274.79813	65.284325	322.48767	-23.459646	1.3473816	1.0182447	2.6490152	35.04689	-12.047239	-276.3211	0.07987804	0.00071192964	0.08109557	0.07850048	0.046160176	0.8154734	0.7600567	13.062388	5.9604645e-07
68	68999	6737.485169410706	3198.4502	0.0	3198.4502	3198.4502	1000.0	1426.4541	42.890503	1518.6014	1368.6674	427.7	276.4171	64.89834	322.781	-25.725374	1.2509663	0.9760018	2.6488237	37.027653	-10.712598	-277.9621	0.07939983	0.0012865462	0.08126175	0.077602535	-0.060664464	0.80927026	0.75366026	16.59579	1.0728836e-06
69	69999	6842.859523534775	3181.814	0.0	3181.814	3181.814	1000.0	1141.0228	19.246721	1160.3523	1097.0217	344.5	277.8944	63.969162	323.40814	-28.721405	1.2584178	0.9566311	2.6575077	35.461155	-15.162159	-279.38245	0.07596313	0.00180523	0.078354426	0.07281865	-0.112016566	0.8089003	0.75162417	16.13562	2.3543835e-06
70	70999	6950.034736394882	3195.159	0.0	3195.159	3195.159	1000.0	3161.4272	2.0906835	3164.4543	3157.7896	1000.0	279.73923	63.57275	324.3895	-26.234447	1.1711808	1.0028417	2.6303906	36.050987	-11.852878	-281.23557	0.07312737	0.00028475278	0.07365794	0.07256155	0.007489362	0.81290966	0.75194055	15.906628	2.2947788e-06
71	71999	7056.170785903931	3194.4968	0.0	3194.4968	3194.4968	1000.0	3156.4507	2.0817811	3159.7627	3152.6738	1000.0	278.9066	63.49159	323.4235	-24.669056	1.1813015	1.0063232	2.5838766	34.531334	-12.4756365	-280.3724	0.07309132	0.00035338444	0.07389463	0.07251622	0.016561447	0.81357974	0.74471396	15.002357	2.1457672e-06
72	72999	7163.0256514549255	1945.8265	911.9043	3231.0627	1211.1212	594.6667	3266.687	3.096458	3271.1992	3261.8743	1000.0	279.37943	63.24676	323.33127	-24.320454	1.1076136	0.98358065	2.6368887	34.882618	-11.382615	-280.84906	0.072907485	0.0009127392	0.074565865	0.07188619	-0.042905606	0.8129417	0.7528707	24.187014	2.2500753e-06
73	73999	7270.349107027054	3209.7288	0.0	3209.7288	3209.7288	1000.0	3210.29	0.8229964	3211.1643	3208.4592	1000.0	280.51093	62.96927	323.8235	-30.94952	1.2302133	0.99027014	2.658546	36.119907	-9.737679	-281.895	0.070186585	0.0010685688	0.07231158	0.068735756	-0.02559449	0.81232566	0.7598016	21.92419	2.7529895e-06
74	74999	7376.943506240845	3222.7395	0.0	3222.7395	3222.7395	1000.0	3144.0476	2.098485	3145.6326	3138.013	1000.0	280.63702	62.578247	323.84644	-28.744152	1.1282588	0.9872756	2.6613045	36.253387	-11.0356045	-282.03275	0.070540786	0.00041730297	0.07147117	0.06958661	-0.03375195	0.81789094	0.76178247	24.795237	4.7385693e-06
75	75999	7483.83638215065	3209.216	0.0	3209.216	3209.216	1000.0	3179.1255	1.2967696	3181.1968	3176.8337	1000.0	281.14963	62.499004	323.6931	-32.151394	1.0313481	0.950009	2.6984851	35.968292	-10.449202	-282.55124	0.06643144	0.0016729492	0.069571055	0.064079374	-0.13525045	0.80842024	0.76352316	26.45256	3.4868717e-06
76	76999	7586.987994194031	3238.1157	0.0	3238.1157	3238.1157	1000.0	20.20481	0.8661275	21.047226	18.942785	18.6	281.53	62.64391	324.25192	-27.629704	1.3500026	1.0153837	2.7102184	36.314598	-10.732659	-282.93835	0.06514647	0.0002769458	0.065675125	0.06408544	0.042160403	0.8212753	0.7607948	18.73385	5.4202974e-07
77	77999	7693.019930362701	3213.0051	0.0	3213.0051	3213.0051	1000.0	3198.7654	0.90513223	3200.2556	3196.7744	1000.0	282.70554	62.171192	324.18948	-24.32511	1.128687	1.0142225	2.7583416	36.1869	-11.516688	-284.0808	0.066408694	0.00039040414	0.06723598	0.06559641	0.03868772	0.8191466	0.77726686	21.273672	1.8626451e-06
78	78999	7797.196276664734	3213.2158	0.0	3213.2158	3213.2158	1000.0	1945.5768	92.49643	2136.9255	1833.4487	574.2	283.95615	61.766804	325.56012	-23.776178	1.1002513	0.9670861	2.6824872	37.21219	-12.750201	-285.2875	0.06631208	0.0013002708	0.06826438	0.06368449	-0.089687586	0.81129897	0.75549763	17.79723	1.013279e-06
79	79999	7903.610227108002	3235.9888	0.0	3235.9888	3235.9888	1000.0	3266.9956	1.4896415	3269.2139	3264.1702	1000.0	284.35675	62.177277	325.11826	-42.65902	1.1270931	0.9918832	2.710802	36.235584	-11.600076	-285.70398	0.063986816	0.0006729298	0.064840905	0.06274903	-0.022349983	0.8126757	0.7574669	20.125032	5.364418e-07
80	80999	8010.428284168243	3249.9211	0.0	3249.9211	3249.9211	1000.0	3264.8818	4.8786817	3273.3647	3255.4653	1000.0	285.54916	61.83473	325.87485	-24.979008	1.4262451	1.0036726	2.7219384	36.044044	-11.866538	-286.8992	0.063674174	0.00044734555	0.064565726	0.06275666	0.01025251	0.8214722	0.75978804	27.50343	5.9604645e-07
81	81999	8117.294389724731	2839.4702	0.0	2839.4702	2839.4702	854.0	2722.6482	903.4685	3029.411	12.264834	901.3	286.11465	61.59917	326.40793	-24.524183	1.2165687	1.0334922	2.7131367	35.30696	-10.031297	-287.47266	0.06512335	0.00071836734	0.06679923	0.06308435	0.09173058	0.8270992	0.7790311	41.80743	5.364418e-06
82	82999	8220.996190786362	3224.1396	0.0	3224.1396	3224.1396	1000.0	47.947266	0.9622913	49.171055	45.826103	29.2	285.7474	61.334038	326.06973	-26.142319	1.0976695	0.9759248	2.666013	36.756935	-10.851415	-287.02014	0.0654444	0.0010135985	0.067412525	0.06410598	-0.06552792	0.81318694	0.75904256	25.347244	2.734363e-06
83	83999	8327.818111419678	3234.9192	0.0	3234.9192	3234.9192	1000.0	2995.8213	709.4434	3251.4067	867.87256	925.8	286.6153	61.089886	326.95	-26.519077	1.0495203	0.99076974	2.6434762	35.276253	-10.21038	-287.8645	0.06417838	0.0012376969	0.065774545	0.06232312	-0.02529394	0.8161978	0.7554795	19.148384	8.08388e-06
84	84999	8434.199038028717	3228.3206	0.0	3228.3206	3228.3206	1000.0	3198.2751	0.8916485	3199.795	3196.8335	1000.0	287.18094	60.815052	326.92737	-27.089907	1.0819944	0.9989774	2.6391559	34.23736	-10.3450775	-288.41995	0.06418426	0.00043027438	0.06485168	0.06322087	-0.0027442665	0.8084343	0.7553869	20.876648	4.8577785e-06
85	85999	8537.842212438583	3262.188	0.0	3262.188	3262.188	1000.0	27.674694	10.840757	36.018097	11.078006	23.7	287.20154	60.656204	326.78766	-43.64904	1.0874673	0.99202085	2.6926425	36.275623	-9.50584	-288.46448	0.06415769	0.0007794299	0.0656049	0.06238303	-0.021976754	0.8158358	0.76700944	35.665657	5.6922436e-06
86	86999	8645.161039352417	3264.3352	0.0	3264.3352	3264.3352	1000.0	3208.4539	1.56176	3211.3108	3206.3418	1000.0	288.32468	60.034924	327.4937	-31.79133	0.9496566	0.9655604	2.6689613	37.28881	-10.756357	-289.48788	0.060995962	0.0010472785	0.06277145	0.059134137	-0.0963822	0.8031061	0.75415236	17.679455	4.976988e-06
87	87999	8752.730736255646	3259.5112	0.0	3259.5112	3259.5112	1000.0	3089.635	195.7288	3374.8271	2865.4246	916.8	289.4282	60.139618	328.0314	-30.396524	1.2021687	1.027739	2.683602	37.57297	-9.466913	-290.6427	0.06063457	0.0008003679	0.061767686	0.059139088	0.07791323	0.80401725	0.75416815	29.189352	1.2144446e-06
88	88999	8860.489787101746	3257.8274	0.0	3257.8274	3257.8274	1000.0	3317.5122	4.2380757	3324.1846	3312.8967	1000.0	288.63794	60.95896	327.82394	-20.413958	1.1056477	1.0084375	2.620093	34.903656	-11.084183	-289.9063	0.062144443	0.0006704486	0.063383415	0.061065	0.023552433	0.7957095	0.74419254	35.57183	1.758337e-06
89	89999	8968.264820098877	3252.9492	0.0	3252.9492	3252.9492	1000.0	3216.8635	2.7495687	3220.234	3211.1575	1000.0	289.7082	60.357815	328.47113	-29.01331	1.1024213	0.9941968	2.6813097	36.892982	-11.925754	-290.91568	0.062444072	0.00055246433	0.06328371	0.061513778	-0.016046768	0.8037338	0.7599686	22.729557	2.6728958e-07
90	90999	9075.992062091827	2910.561	0.0	2910.561	2910.561	862.0	3096.9414	12.2334795	3124.2961	3084.9062	1000.0	290.86575	59.573257	328.52167	-27.48993	1.169036	0.9786865	2.66117	36.398373	-10.772299	-292.08368	0.060814317	0.00081284315	0.062327415	0.059493996	-0.05950711	0.79888463	0.7496884	20.523117	3.33786e-06
91	91999	9183.696927309036	2274.5078	1.935669	2276.4434	2272.572	673.0	3210.4197	0.6206275	3211.6255	3209.2395	1000.0	290.48013	60.516598	329.29398	-26.366518	1.0650908	1.0166991	2.641603	39.180428	-11.791331	-291.61588	0.060010955	0.0009201962	0.061649557	0.058672037	0.0468561	0.78976524	0.74004185	18.946394	1.9669533e-06
92	92999	9289.873191595078	3245.4827	0.0	3245.4827	3245.4827	1000.0	3248.4385	0.9472672	3250.1094	3247.2336	1000.0	289.51572	60.380516	329.38403	-21.556683	1.1979265	1.05305	2.6594088	36.294373	-13.926146	-290.71387	0.06386881	0.0015040555	0.06668799	0.061575655	0.14588165	0.80615747	0.7692856	28.672989	2.4363399e-06
93	93999	9394.483848810196	3245.5571	0.0	3245.5571	3245.5571	1000.0	645.37103	1249.3696	3144.4292	20.259449	215.3	290.3859	59.864105	329.8017	-23.455265	1.0334908	0.9840496	2.64744	36.29282	-10.541575	-291.52814	0.066793606	0.0009198053	0.067915305	0.06508286	-0.043307617	0.8070328	0.7620695	20.403065	8.940697e-08
94	94999	9501.494416713715	3249.1128	0.0	3249.1128	3249.1128	1000.0	3163.045	1.4766172	3164.9568	3159.9434	1000.0	290.18488	59.62786	328.45572	-25.15692	0.989459	0.9635937	2.6721206	37.617138	-11.886696	-291.29114	0.06355648	0.0012348058	0.06559106	0.061497528	-0.10043028	0.8115444	0.765802	24.521854	2.7064234e-06
95	95999	9607.378549575806	3242.5532	0.0	3242.5532	3242.5532	1000.0	3334.562	5.253526	3343.4766	3328.802	1000.0	290.90793	59.007904	328.71777	-22.626734	0.9700986	0.9697753	2.6501377	36.972294	-10.757705	-292.02405	0.060867783	0.001303941	0.06258406	0.058633536	-0.08494184	0.8038931	0.75562733	24.620682	0.0
96	96999	9712.500928401947	3271.4446	0.0	3271.4446	3271.4446	1000.0	2196.4746	735.3946	3286.769	1188.4647	662.3	291.92447	59.300293	329.37537	-32.34209	0.9440658	0.97321093	2.6543114	35.24692	-12.434507	-293.0452	0.05746288	0.0009253642	0.05881	0.05574369	-0.076535404	0.8073142	0.75064856	21.851818	1.385808e-06
97	97999	9819.061732769012	3253.6301	0.0	3253.6301	3253.6301	1000.0	3073.956	401.67987	3268.145	1926.0945	933.3	293.31772	58.669487	329.9641	-25.099249	1.03613	1.0116162	2.645283	36.28319	-11.059458	-294.43225	0.057572015	0.00046190195	0.05847765	0.05601852	0.033463392	0.8162059	0.7535966	25.391459	4.917383e-07
98	98999	9925.726982831955	3259.923	0.0	3259.923	3259.923	1000.0	2274.6577	1480.4075	3249.2024	13.226151	704.2	293.88715	58.731525	330.76578	-34.3972	1.2334533	0.993645	2.6712513	35.57128	-11.445235	-294.98282	0.056870706	0.0005867313	0.058027722	0.056100905	-0.01813242	0.8133654	0.7627903	28.595913	1.1324883e-06
99	99999	10033.118595123291	1576.103	0.0	1576.103	1576.103	468.0	3154.1294	0.9416834	3155.6707	3152.4072	1000.0	294.08783	58.57685	330.56644	-23.685438	1.0329387	0.9607965	2.6997576	34.89352	-11.153526	-295.18192	0.05484718	0.0013768624	0.05726291	0.053195745	-0.113668576	0.80551034	0.76591516	33.932564	6.603077e-07
