Epoch	TotalEnvInteracts	Time	AverageEpRet	StdEpRet	MaxEpRet	MinEpRet	EpLen	AverageTestEpRet	StdTestEpRet	MaxTestEpRet	MinTestEpRet	TestEpLen	AverageQ1Vals	StdQ1Vals	MaxQ1Vals	MinQ1Vals	LossQ1	AverageLogPi	StdLogPi	MaxLogPi	MinLogPi	LossPi	AverageAlpha	StdAlpha	MaxAlpha	MinAlpha	LossAlpha	AveragePreTanh	StdPreTanh	MaxPreTanh	MinPreTanh	AverageMCDisRet	StdMCDisRet	MaxMCDisRet	MinMCDisRet	AverageMCDisRetEnt	StdMCDisRetEnt	MaxMCDisRetEnt	MinMCDisRetEnt	AverageQPred	StdQPred	MaxQPred	MinQPred	AverageQBias	StdQBias	MaxQBias	MinQBias	AverageQBiasAbs	StdQBiasAbs	MaxQBiasAbs	MinQBiasAbs	AverageNormQBias	StdNormQBias	MaxNormQBias	MinNormQBias	AverageQBiasSqr	StdQBiasSqr	MaxQBiasSqr	MinQBiasSqr	AverageNormQBiasSqr	StdNormQBiasSqr	MaxNormQBiasSqr	MinNormQBiasSqr
0	999	1.9405748844146729	18.531794	9.892109	51.2227	6.696097	22.83721	82.33429	0.0	82.33429	82.33429	83.0	0.0	0.0	0.0	0.0	0.0	0.0	0.0	0.0	0.0	0.0	0.0	0.0	0.0	0.0	0.0	0.0	0.0	0.0	0.0	13.089068	16.168936	73.82158	-4.715303	18.965939	19.664352	91.08922	-3.0096931	1.290176	0.3860283	2.1873763	0.3612755	-17.675762	19.649206	3.8235824	-89.92277	17.958971	19.390701	89.92277	0.013992491	-0.6539515	0.39477897	0.38235825	-0.99255496	698.5239	1383.7527	8086.1035	0.0001957898	16.592325	19.456676	88.77125	1.957898e-05
1	1999	2.772101640701294	20.151817	12.101919	65.203514	6.7891846	24.195122	66.35926	0.0	66.35926	66.35926	59.0	0.0	0.0	0.0	0.0	0.0	0.0	0.0	0.0	0.0	0.0	0.0	0.0	0.0	0.0	0.0	0.0	0.0	0.0	0.0	24.612183	27.132755	97.44372	-5.0658526	32.082146	31.696533	117.42865	-1.8411542	1.8586152	0.2990939	2.7557807	0.9679577	-30.223534	31.616896	3.2414298	-115.071236	30.430555	31.41769	115.071236	0.0060663284	-0.7255312	0.35723525	0.32414296	-0.98919636	1913.0897	3118.0732	13241.39	3.680034e-05	28.715694	31.273031	113.17324	3.6800338e-06
2	2999	3.6006104946136475	17.428719	10.798082	63.36147	5.468231	21.723404	30.191065	0.0	30.191065	30.191065	25.0	0.0	0.0	0.0	0.0	0.0	0.0	0.0	0.0	0.0	0.0	0.0	0.0	0.0	0.0	0.0	0.0	0.0	0.0	0.0	17.65276	19.365404	101.99753	0.11489791	22.535221	22.826958	119.29648	0.11489791	1.4536595	0.284881	2.4977446	0.5762425	-21.08156	22.785334	1.2049197	-117.840355	21.12707	22.743141	117.840355	0.05936501	-0.7490327	0.31218737	0.12049197	-0.98879164	963.6036	2307.0835	13886.35	0.0035242047	19.664051	22.749016	116.42112	0.00035242047
3	3999	4.458711624145508	18.014074	11.071851	50.493156	5.792627	20.6875	11.037652	0.0	11.037652	11.037652	12.0	0.0	0.0	0.0	0.0	0.0	0.0	0.0	0.0	0.0	0.0	0.0	0.0	0.0	0.0	0.0	0.0	0.0	0.0	0.0	6.0653152	4.410964	29.090076	0.16215892	8.248917	6.01561	39.810844	0.16215892	2.0053616	0.24498141	2.6428528	0.914571	-6.243555	6.0395656	1.6484065	-38.115505	6.4741945	5.7916436	38.115505	0.002975875	-0.4778697	0.35119438	0.16484064	-0.9574151	75.45833	142.59564	1452.7916	8.855832e-06	4.8262553	5.6327767	36.49236	8.855832e-07
4	4999	5.321163177490234	20.566559	16.361631	99.95171	5.1732616	23.32558	9.884019	0.0	9.884019	9.884019	11.0	0.0	0.0	0.0	0.0	0.0	0.0	0.0	0.0	0.0	0.0	0.0	0.0	0.0	0.0	0.0	0.0	0.0	0.0	0.0	6.7255545	4.915868	25.880985	0.108852446	8.960535	6.3716426	31.911411	0.108852446	2.0385787	0.20989391	2.7254155	0.91924053	-6.921956	6.355701	1.4615867	-29.882437	7.1275043	6.124303	29.882437	0.0014810016	-0.50582856	0.34914318	0.14615867	-0.9513894	88.3084	139.14146	892.9601	2.1933658e-06	5.437375	5.944938	27.98247	2.1933657e-07
5	5999	101.91985869407654	140.34796	72.21868	277.3602	10.370274	77.75	164.51555	0.0	164.51555	164.51555	81.0	93.25436	52.849903	182.25615	-18.695545	7.338946	-0.8416197	1.8246467	12.311498	-9.631794	-99.465546	0.8808898	0.06431527	0.99970007	0.7726788	-0.2180753	0.8207712	0.605259	4.357694	9.23872e-07	75.49482	34.74922	127.90527	2.0925984	85.182274	40.032715	146.66965	2.0925984	173.58977	8.083713	182.3776	79.29099	88.40749	37.028286	168.25008	26.083017	88.40749	37.028286	168.25008	26.083017	2.2951908	3.53875	16.825006	0.17866148	9186.979	7102.0977	28308.086	680.32385	302.76144	570.74493	2830.8086	4.660031
6	6999	198.59659600257874	207.46826	39.716755	282.86676	141.09846	96.27273	213.65964	0.0	213.65964	213.65964	97.0	186.97978	47.356194	231.4026	-26.332968	12.226725	-0.42841724	2.2377386	17.826998	-10.909643	-196.392	0.6798158	0.050058607	0.7724693	0.597218	-0.5469407	0.8525395	0.64513403	4.7801695	1.013279e-06	92.46943	39.80655	141.84343	2.5003557	99.69837	44.712955	158.79417	2.5003557	193.49445	54.349422	228.98502	-2.9119534	93.79607	29.969257	142.9454	-17.341856	94.05557	29.144588	142.9454	0.053391308	1.2607677	1.0123378	5.3943176	-0.8643115	9695.857	4759.837	20433.389	0.0028506317	130.39561	115.88595	578.7245	9.589315e-05
7	7999	294.4410791397095	248.25192	24.162998	292.28745	224.54695	109.125	168.94994	0.0	168.94994	168.94994	129.0	196.11487	59.448982	236.74731	-23.944456	9.4524555	-0.22122714	2.3845294	18.386412	-10.873637	-205.06676	0.526868	0.039025668	0.59705615	0.46116063	-0.78347975	0.8819362	0.6629294	5.3531337	2.5629997e-06	61.876907	30.480106	114.09924	1.1557747	75.53712	37.3916	140.61809	1.1557747	217.43288	8.647001	230.22177	178.77054	141.89577	32.025455	212.41272	80.44854	141.89577	32.025455	212.41272	80.44854	3.672182	4.7882137	21.241272	0.573001	21160.04	9422.099	45119.164	6471.968	641.0694	987.0038	4511.9165	46.097095
8	8999	390.97527599334717	392.22476	237.05273	714.0717	150.0492	273.0	1054.8027	0.0	1054.8027	1054.8027	1000.0	174.85567	60.44826	229.82935	-26.495495	6.754215	0.020806411	2.3715298	17.923359	-10.483147	-182.315	0.4106913	0.028417177	0.4610583	0.3620988	-0.8727148	0.8789552	0.66983134	5.4395294	1.4156103e-06	108.79717	23.33491	138.93808	2.449086	129.21802	30.470268	169.45311	2.449086	134.22899	40.894623	206.99414	13.618525	5.010957	17.800735	41.679108	-16.971922	13.534534	12.601278	41.679108	0.039256845	0.042305145	0.16140078	1.4676684	-0.17485705	341.97586	548.7232	1737.1482	0.0015410997	2.3908553	3.525781	21.540506	1.1746526e-05
9	9999	487.1077220439911	712.52795	352.18713	1064.7151	360.34082	593.5	247.87933	0.0	247.87933	247.87933	106.0	151.408	46.652447	207.12943	-32.45663	3.3224967	-0.303102	2.3063552	18.16079	-10.897845	-157.05948	0.30981725	0.029905217	0.361998	0.26029098	-1.5433979	0.835167	0.6474002	5.475007	5.9604645e-07	105.271225	44.837765	153.58533	2.479374	111.337555	49.471138	167.56735	2.479374	123.775604	49.390263	170.89629	-1.6887265	12.438044	9.562413	35.275505	-8.577412	12.808402	9.060326	35.275505	0.02251717	0.13339908	0.16285944	0.9664237	-0.67045516	246.14467	293.77075	1244.3613	0.00050702295	2.8853517	3.7950125	19.105717	2.0676558e-05
10	10999	582.3039898872375	284.9926	33.30034	320.23346	213.92204	124.625	274.8352	0.0	274.8352	274.8352	118.0	137.90356	40.692375	174.39691	-20.598026	2.2612514	-0.19758423	2.3454175	17.922668	-10.939357	-142.59816	0.22483559	0.01813293	0.26020107	0.19632538	-1.7790967	0.85003334	0.6624974	5.95119	1.9520521e-06	108.15828	46.79183	161.26704	2.3784287	113.84329	51.317738	175.24916	2.3784287	116.71576	51.026794	168.70554	-1.326816	2.872476	6.904831	22.037268	-12.085089	5.9510155	4.529154	22.037268	0.014872675	0.028993445	0.09864706	0.6456002	-0.5427211	55.92781	82.981674	485.64114	0.00022119646	0.59901667	0.9423066	5.6817555	1.4697387e-06
11	11999	678.5453798770905	326.23285	9.105435	336.83298	311.25818	146.28572	325.36346	0.0	325.36346	325.36346	134.0	134.69046	40.37755	170.00629	-31.664913	1.8074467	-0.035895336	2.4466112	18.506678	-11.2008	-138.83069	0.172429	0.01364294	0.19627406	0.14997193	-1.8241524	0.8501426	0.67339814	6.9703355	5.066395e-07	121.55389	51.561222	172.32542	2.3594942	127.93635	55.551216	186.06909	2.3594942	110.968254	49.642303	162.79889	6.628058	-16.968088	7.245447	9.589207	-26.630808	17.443665	6.0109134	26.630808	0.006063667	-0.11395474	0.14260486	0.95892066	-0.2776208	340.4125	166.41637	709.1999	3.676806e-05	2.6034343	1.128734	9.195289	1.7500303e-06
12	12999	776.305018901825	326.23743	5.1771636	332.8645	317.72977	137.875	318.7486	0.0	318.7486	318.7486	130.0	132.88107	40.182068	166.09987	-24.061556	1.6243321	0.19215776	2.5319347	22.453817	-12.088545	-136.68475	0.13299575	0.009184534	0.14993146	0.11848424	-1.6249539	0.8626495	0.6896129	6.875491	1.7881393e-06	122.02109	49.42626	171.61331	3.3552628	122.99829	53.175953	179.21364	3.3552628	120.641235	43.867912	164.6825	0.87201184	-2.3570635	10.0562935	33.85272	-16.541714	9.328305	4.434805	33.85272	0.015515103	0.08041796	0.32045633	3.385272	-0.26217154	106.684784	87.59251	1146.0066	0.00024071842	2.0191777	6.073925	114.60066	2.2429113e-06
13	13999	873.6241264343262	315.96802	31.289997	330.44962	239.39006	133.71428	337.86786	0.0	337.86786	337.86786	146.0	135.36864	41.040497	171.39928	-17.26434	1.464978	0.45414355	2.6374564	22.229383	-12.664761	-139.05597	0.107817166	0.0064964243	0.11846771	0.096859425	-1.2169722	0.88668853	0.7133694	8.168324	1.7881393e-07	120.80464	49.706837	171.4459	2.7247455	123.51418	52.887157	181.2749	2.7247455	115.60279	50.082306	168.12567	-1.1684506	-7.9113793	4.256837	3.3162677	-15.41714	8.009554	4.0691066	15.41714	0.014682529	-0.08202347	0.07814857	0.030898226	-0.55780077	80.71058	63.042267	237.6882	0.00021557664	0.68285006	0.54032755	4.208815	2.0172695e-06
14	14999	970.4207274913788	329.53394	5.8450212	336.71085	321.26163	140.57143	335.43298	0.0	335.43298	335.43298	146.0	133.98228	42.122467	171.14758	-18.7704	1.292319	0.5465344	2.7159748	24.1706	-9.906027	-137.36526	0.08716948	0.005198811	0.096846215	0.07885867	-1.103117	0.8825472	0.7200784	9.418762	3.0696392e-06	120.10307	49.243828	169.74759	2.606446	122.78935	52.56048	179.34099	2.606446	118.31847	48.135044	168.07742	2.189155	-4.4708943	5.3514905	6.4624887	-14.802222	5.4837785	4.3076105	14.802222	0.0014835049	-0.02118627	0.051288348	0.32644165	-0.12976235	48.62734	57.69724	219.10579	2.2007869e-06	0.3106423	0.321243	1.2538995	1.9995658e-08
15	15999	1067.7280123233795	331.3254	5.831992	336.06458	319.7697	140.71428	329.1029	0.0	329.1029	329.1029	137.0	132.76128	42.794674	172.74521	-27.822874	0.96203476	0.6526432	2.7469475	25.197805	-10.572969	-135.95937	0.07120687	0.0041185794	0.0788499	0.064922936	-0.91466737	0.87392676	0.72490567	10.037478	4.723668e-06	122.38472	51.592148	172.61801	2.3269153	123.88447	54.18402	180.60979	2.3269153	118.61769	48.657524	167.48778	6.588129	-5.266778	5.916472	10.359846	-15.4906435	6.5137033	4.5072455	15.4906435	0.0120423455	-0.0036122594	0.13287853	1.0359846	-0.08890407	62.7436	64.88541	239.96002	0.00014501809	0.544809	0.9079966	10.732642	1.7649467e-06
16	16999	1165.3417208194733	331.94366	4.26891	337.02563	323.74118	136.875	334.3296	0.0	334.3296	334.3296	136.0	132.686	43.43639	171.67783	-17.179401	0.9192239	0.8103658	2.7955778	26.53541	-14.189941	-135.63852	0.060156334	0.0024234927	0.06491443	0.056630358	-0.530798	0.86544526	0.7393177	8.642733	7.1525574e-07	125.12819	50.82634	176.20926	2.7883272	125.27128	53.587025	181.94453	2.7883272	120.14004	48.129517	168.09108	6.271388	-5.131231	6.134669	6.1246977	-16.86386	6.5037756	4.654523	16.86386	0.013161482	-0.010640708	0.08922417	0.6124698	-0.09530454	63.96368	74.52683	284.38977	0.00017322462	0.45233122	0.46537292	3.751192	1.38381e-06
17	17999	1262.7676799297333	338.82538	5.2082796	344.98175	330.55438	136.42857	336.80588	0.0	336.80588	336.80588	129.0	132.23569	44.07721	171.26294	-18.35321	0.9610336	0.8743585	2.8189776	27.986263	-11.292719	-135.11787	0.053897288	0.0017712058	0.056634933	0.050204273	-0.36793017	0.8567099	0.7293902	9.552751	4.7683716e-06	132.41359	51.192524	180.24553	3.140621	124.0787	53.858143	179.63371	3.140621	122.31623	47.24428	167.95227	3.9284298	-1.762465	7.274171	16.033033	-15.162579	6.3850007	3.9053311	16.033033	0.0063612196	0.05352666	0.19617787	1.3737317	-0.08642462	56.019844	53.770382	257.05817	4.046512e-05	0.910832	1.9743026	19.041714	3.0229998e-07
18	18999	1359.9982588291168	340.99316	3.075141	346.36554	337.54388	133.28572	340.40823	0.0	340.40823	340.40823	132.0	132.2762	44.43934	173.41505	-12.290137	0.84145135	0.94321984	2.807129	27.553507	-11.960529	-134.96016	0.04942832	0.0010214561	0.050435554	0.046885986	-0.17165034	0.8562406	0.73775226	9.692157	9.536743e-07	131.74524	52.050335	179.76134	3.0145326	125.58345	52.97353	178.94998	3.0145326	123.35179	49.017876	169.27777	4.6259394	-2.231667	4.9143643	8.796775	-11.45872	4.4425983	3.0650668	11.45872	0.00050577836	0.00607726	0.06647115	0.41651076	-0.06474469	29.131315	33.27523	131.30226	2.5581173e-07	0.24210864	0.27647194	2.2398758	1.8100934e-09
19	19999	1456.7990229129791	343.14865	3.600907	349.34082	337.2709	131.875	368.3313	0.0	368.3313	368.3313	139.0	133.93813	45.28024	176.38092	-14.888395	0.93341565	1.0334413	2.8094227	29.573597	-11.459976	-136.51166	0.048388947	0.0011053397	0.04971634	0.04668191	0.1017476	0.86269236	0.75044334	8.608512	1.4901161e-06	139.54224	54.557907	190.12859	3.2326202	134.01407	55.31466	189.83374	3.2326202	122.33452	50.98237	171.56743	4.1565485	-11.679568	5.089781	4.790541	-20.72729	11.809014	4.781772	20.72729	0.02824168	-0.08202433	0.05432274	0.47905415	-0.23618	162.31816	101.25326	429.6205	0.0007975924	1.10968	0.57966316	4.580385	7.975924e-05
20	20999	1553.835098028183	362.75903	12.031692	384.7584	347.67337	138.57143	284.85706	0.0	284.85706	284.85706	120.0	136.2465	45.708736	179.82481	-17.9313	0.8258668	1.0200199	2.948578	31.608263	-10.3357315	-138.83466	0.04922375	0.00087274227	0.05057831	0.048014924	0.060298886	0.890278	0.7710097	8.772535	2.0079315e-06	112.58825	44.959	159.5928	3.4984639	112.87827	48.637863	166.64847	3.4984639	146.56895	28.528944	175.42635	67.33833	33.690666	22.34316	121.91285	0.6903336	33.690666	22.34316	121.91285	0.6903336	0.8270974	1.8711159	12.191285	0.004195885	1634.2778	2153.9421	14862.743	0.47656044	60.85335	195.12447	1486.2743	0.0028965601
21	21999	1651.2099318504333	343.9578	35.049225	375.70618	286.87268	137.28572	360.84796	0.0	360.84796	360.84796	151.0	138.95163	46.31427	181.86745	-17.689903	1.0129753	1.0737461	2.938585	30.649235	-10.643867	-141.51309	0.05228799	0.0010002591	0.054688364	0.050133083	0.21763209	0.9016479	0.7858666	9.490321	5.289912e-06	128.94041	49.419163	179.75182	3.6135116	125.21515	50.438595	181.04303	3.6135116	133.00916	50.099304	179.00076	1.9394624	7.7940035	11.421787	38.917454	-9.444308	9.424175	10.118727	38.917454	0.0128123015	0.07265709	0.09820713	0.34162095	-0.18370473	191.2037	331.7454	1514.5681	0.00016415508	1.6211394	2.8131468	13.223602	3.6167623e-06
22	22999	1748.7566652297974	376.69458	27.713825	425.69482	353.36163	150.71428	257.8155	0.0	257.8155	257.8155	111.0	142.31851	49.29682	196.21916	-16.899775	1.2707025	1.1269529	2.806492	31.767422	-13.796234	-144.89702	0.060212236	0.0021854616	0.06287327	0.05471545	0.36015785	0.89663965	0.7704388	9.979215	1.0728836e-06	118.95842	51.74006	204.2808	2.9749541	109.80207	50.70907	190.03949	2.9749541	150.32927	38.55765	187.79333	0.5897145	40.52721	33.121483	113.73954	-22.098688	42.955696	29.904768	113.73954	0.009833648	0.88559765	1.6857653	9.693866	-0.53032845	2739.4868	2920.588	12936.683	9.670063e-05	72.21963	155.04735	939.71027	7.4327284e-07
23	23999	1846.2087123394012	334.82477	104.719765	509.91083	226.05821	131.14285	611.3716	0.0	611.3716	611.3716	225.0	143.67502	48.719215	192.73811	-18.332767	1.4974843	1.2076297	2.7252376	29.288597	-10.76366	-146.21378	0.068957046	0.004765842	0.07832898	0.06288476	0.5510452	0.9054748	0.7710064	8.890405	2.9802322e-07	180.24608	59.127483	233.65506	3.7406077	158.32812	51.358982	209.45207	3.7406077	150.63062	44.199455	192.47253	2.6534872	-7.6975126	17.101397	68.06924	-47.605724	14.9018955	11.386089	68.06924	0.04104862	-0.0021082985	0.46186382	6.8069234	-0.4124891	351.7095	564.2248	4633.4204	0.0016849893	4.845017	29.293959	463.34204	1.7073615e-05
24	24999	1943.5733890533447	544.8717	89.59423	719.0848	455.8146	192.83333	535.1697	0.0	535.1697	535.1697	187.0	156.02138	53.643436	210.73299	-20.55856	1.4866997	1.1552771	2.741138	30.405643	-12.21722	-158.8459	0.08519091	0.0035191162	0.09193921	0.078353845	0.3832934	0.8956265	0.768593	8.909472	1.013279e-06	176.67082	61.64989	233.61252	4.0010715	165.48463	56.62375	220.50717	4.0010715	160.28516	57.082973	208.82455	4.258998	-5.19948	8.624092	16.41339	-26.46958	8.596411	5.2451215	26.46958	0.016580563	-0.037870497	0.059467424	0.3433752	-0.1818227	101.40956	103.13624	700.6387	0.00027491507	0.62159705	0.5888629	4.49317	1.8690738e-06
25	25999	2041.2475216388702	633.776	86.95464	760.2143	514.9312	210.75	765.56836	0.0	765.56836	765.56836	237.0	168.05519	59.62527	221.75859	-19.03282	1.5660762	1.0054328	2.801477	27.113605	-14.573309	-171.02669	0.09362512	0.00073566777	0.094753675	0.091958895	0.013025182	0.9025714	0.7861213	9.38613	4.6677887e-06	207.86746	72.46775	277.22223	3.9414744	183.35616	62.728264	243.94218	3.9414744	178.77235	49.546383	216.26562	5.6053767	-4.5837917	35.99704	162.8625	-33.612476	25.464018	25.853079	162.8625	0.008015764	0.13028269	1.184241	16.28625	-0.3183327	1316.798	3510.8406	26524.193	6.425247e-05	27.53619	183.5495	2652.4192	5.4331747e-07
26	26999	2139.0577890872955	805.2932	92.31888	871.05664	647.1217	249.0	591.7554	0.0	591.7554	591.7554	197.0	176.13205	62.145634	234.6795	-18.71056	1.6677442	0.97506505	2.8751764	31.114195	-12.09026	-179.17296	0.09050499	0.0010250524	0.09264936	0.08900666	-0.059704002	0.8754226	0.7784787	11.481829	3.1515956e-06	204.18355	71.068954	293.46222	3.8445852	178.01016	63.572453	256.16455	3.8445852	197.09837	43.317886	229.2044	1.6781971	19.08822	37.780956	116.49797	-33.007366	29.16051	30.682661	116.49797	0.03559572	0.3417075	1.0994	10.458616	-0.33842638	1791.7609	3164.0544	13571.777	0.001267055	32.796738	112.83316	1093.8265	5.8190235e-06
27	27999	2236.333533525467	641.00696	112.81319	813.17017	457.20935	204.4	438.5848	0.0	438.5848	438.5848	160.0	184.63611	64.55003	246.37798	-21.000113	2.0208564	1.0506792	2.9525592	30.030117	-12.090694	-187.75232	0.09163803	0.0021357639	0.095790684	0.089033045	0.1206458	0.8783162	0.7891493	9.734723	2.3134053e-06	173.87166	70.02241	292.1659	3.9088213	152.89972	62.281593	248.56863	3.9088213	223.4947	31.098846	242.7652	15.056511	70.594986	63.201885	219.88826	-18.612091	73.26897	60.08153	219.88826	0.04170376	1.3040988	3.2207456	21.988827	-0.08249989	8978.131	12038.039	48350.85	0.0017392038	227.03232	686.31616	4835.085	1.2789848e-05
28	28999	2333.7024705410004	748.79333	53.906918	829.1336	678.0322	231.5	600.63696	0.0	600.63696	600.63696	202.0	189.9282	67.71021	253.94049	-21.755821	1.8580843	1.1099086	2.9512782	29.581348	-12.001475	-193.12747	0.103026964	0.00408475	0.11113548	0.09582293	0.2495404	0.8910407	0.79943824	10.943931	1.4901161e-07	209.05496	69.02457	281.89725	4.0680976	187.05698	61.25287	247.03644	4.0680976	205.30113	57.925087	248.20712	2.0682814	18.244158	26.248646	95.61052	-18.933636	21.650143	23.518337	95.61052	0.038122553	0.1975695	0.6966049	9.561051	-0.2797368	1021.8408	1829.7002	9141.371	0.0014533292	13.342379	59.6208	914.1371	5.956503e-06
29	29999	2431.568563938141	769.4124	73.69652	859.2792	680.23474	236.8	764.471	0.0	764.471	764.471	240.0	192.85869	68.83879	255.79079	-26.668768	1.736046	1.0490204	2.8650858	28.739382	-10.643582	-195.96922	0.11661288	0.0024338416	0.11972908	0.1111627	0.10610799	0.8893682	0.7923092	13.59296	3.5502017e-06	227.39812	70.10577	293.30768	4.74068	199.66225	61.697533	254.84554	4.74068	209.7897	53.054897	248.69965	-0.3945119	10.127451	19.078556	64.77517	-17.60129	15.513487	15.029581	64.77517	0.08163203	0.13070904	0.46586758	5.134322	-0.82716674	466.55655	839.4069	4195.8223	0.0066637886	6.612741	23.663078	263.61264	2.6919097e-05
30	30999	2529.616176843643	715.9301	81.690384	829.51874	599.7742	222.0	931.13855	0.0	931.13855	931.13855	276.0	194.90692	69.20748	258.60703	-27.619522	1.8585207	1.0126647	2.8486123	27.28756	-13.99054	-197.92647	0.11810485	0.0008487272	0.121026285	0.11641421	0.026927818	0.87302434	0.782184	12.845444	3.2782555e-07	248.26305	78.69812	312.7322	4.23916	223.83186	70.30384	285.90872	4.23916	209.67549	64.70245	255.94757	-0.06377727	-14.15637	14.355289	38.025154	-38.04458	18.326723	8.402877	38.04458	0.038851734	-0.06785835	0.086088225	0.25906363	-0.78365266	406.4771	289.04663	1447.3899	0.0015094574	1.785082	1.1082722	8.002695	6.3522325e-06
31	31999	2627.7748551368713	971.37256	102.18523	1112.3889	873.5052	289.33334	880.4207	0.0	880.4207	880.4207	266.0	198.45993	69.964645	259.13913	-23.019361	2.036349	0.99657834	2.8366885	30.044598	-11.184732	-201.507	0.12275965	0.0010024959	0.12425093	0.12067583	-0.0071477527	0.86884147	0.77379787	9.081091	1.1920929e-06	230.69029	74.391495	298.19006	4.196408	212.41873	69.231804	272.82095	4.196408	210.47258	62.49182	252.72513	1.7121217	-1.9461184	16.533022	49.41528	-22.282179	14.2527075	8.601659	49.41528	0.0021887696	0.0038769764	0.09989747	0.5886442	-0.32437095	277.1282	320.77017	2441.8696	4.7907124e-06	1.464871	2.4558396	20.955824	6.68283e-08
32	32999	2725.2132942676544	903.28125	135.94559	1092.2993	716.23267	271.75	909.4161	0.0	909.4161	909.4161	268.0	202.23906	70.01603	270.25137	-34.80285	1.7985774	0.98025674	2.865383	30.194382	-11.00914	-205.25903	0.11691029	0.0016712516	0.12066467	0.11503364	-0.041985746	0.8567324	0.77124137	9.233437	4.462898e-06	244.3223	76.94675	306.86932	4.3555984	219.471	66.0272	271.43896	4.3555984	215.5131	65.218445	264.8396	2.1474776	-3.9578767	7.0256805	20.543043	-20.338549	6.3414507	4.981062	20.543043	0.0020914553	-0.016736096	0.07062204	0.8941505	-0.29784057	65.02497	86.34701	422.01663	4.3741848e-06	0.35993755	0.5790512	7.995051	2.5219851e-08
33	33999	2823.23126411438	892.2133	55.91177	960.1332	805.9887	265.0	1233.6289	0.0	1233.6289	1233.6289	365.0	205.24454	72.08881	272.76193	-33.284943	1.7766126	1.0368233	2.8465357	26.935514	-9.932339	-208.23769	0.12103389	0.0020713345	0.1240216	0.11698461	0.07806591	0.87073874	0.7773017	10.268162	2.7567148e-06	259.0156	78.43412	337.306	4.5010543	231.51028	70.96522	302.35956	4.5010543	223.2066	61.921543	272.47968	4.49958	-8.30366	17.294827	38.90955	-37.52719	17.005968	8.880251	38.90955	0.0014744997	-0.008146254	0.15272117	2.1748288	-0.18398091	368.06183	315.19672	1513.9531	2.1741494e-06	1.975359	3.2722273	47.2988	2.1741494e-07
34	34999	2921.229920387268	933.8213	52.9546	977.7555	846.9132	277.5	1376.9843	0.0	1376.9843	1376.9843	409.0	206.79077	72.90887	279.1228	-36.853035	1.7621355	0.9964818	2.8397424	28.41302	-12.387791	-209.72736	0.122823104	0.00073148427	0.12381567	0.1213317	-0.007324477	0.86779755	0.7755839	10.890469	2.3208559e-06	287.15366	65.54266	343.75125	5.185348	261.501	57.285088	311.36795	5.185348	240.16376	52.059006	282.49097	11.118455	-21.337244	8.403506	5.933107	-40.561993	21.389948	8.268437	40.561993	0.2502936	-0.080057114	0.044609666	0.5933107	-0.30526277	525.897	348.2862	1645.2753	0.062646896	1.9289932	1.1325991	5.458031	0.0011871327
35	35999	3019.2543053627014	1189.1863	29.66742	1218.8536	1159.5188	341.0	884.28076	0.0	884.28076	884.28076	273.0	209.26642	73.32434	286.16943	-21.259443	1.7666118	0.9855056	2.8227832	27.8208	-11.668288	-212.18076	0.12031476	0.0013440301	0.123313196	0.11864109	-0.030481381	0.8704187	0.7758433	11.964883	1.758337e-06	251.12201	79.61612	342.0086	4.781679	234.96198	73.27341	313.89658	4.781679	232.21123	60.02288	285.29865	3.5362613	-2.750771	31.979828	149.85251	-46.46433	21.080297	24.205313	149.85251	0.0010358328	0.08969879	0.8650965	14.98525	-0.35755664	1030.2761	2952.1873	22455.773	1.0729497e-06	16.95312	123.14008	2245.5774	3.91947e-09
36	36999	3117.4402861595154	3276.7815	0.0	3276.7815	3276.7815	1000.0	1086.8577	0.0	1086.8577	1086.8577	357.0	213.25462	73.60794	292.42624	-22.65111	1.7132736	1.0208143	2.7777143	28.751993	-12.520047	-216.11847	0.12138363	0.0016953719	0.12423571	0.119391516	0.043826796	0.86690944	0.76936764	9.48455	2.0489097e-07	310.86478	47.274067	354.88452	65.04781	289.15018	42.51207	324.48965	61.920647	262.30704	34.656784	292.32397	53.76983	-26.843185	11.9367895	5.0676355	-46.234913	26.921926	11.758113	46.234913	0.16675094	-0.08947379	0.03601873	0.025742933	-0.14260523	863.04346	547.4702	2137.667	0.027805874	2.8230143	1.698036	6.5933404	0.00013772666
37	37999	3214.5022690296173	2359.3892	0.0	2359.3892	2359.3892	757.0	490.65244	0.0	490.65244	490.65244	192.0	217.78595	74.58872	301.19897	-37.076466	2.3997827	1.0251261	2.7543817	29.133991	-10.28994	-220.66937	0.12523039	0.0013778239	0.12901108	0.12376523	0.05199079	0.8657353	0.7700228	12.885851	2.2761524e-06	184.67596	73.44314	276.07477	2.210864	172.45702	70.4957	257.44138	2.210864	279.60577	14.534487	295.14413	230.72656	107.148766	77.01678	282.92938	-1.3535275	107.15783	77.00414	282.92938	0.03101653	1.852281	4.4257627	28.292938	-0.005816729	17412.441	20577.684	80049.04	0.00096202514	421.82855	1220.8494	8004.904	4.0105842e-06
38	38999	3313.6044375896454	2209.1084	0.0	2209.1084	2209.1084	689.0	594.722	0.0	594.722	594.722	222.0	219.89455	75.41036	302.61102	-29.769222	1.9928154	1.0268145	2.7327843	29.957151	-12.82952	-222.70305	0.13321269	0.0014937079	0.1350915	0.1290267	0.05438249	0.87038153	0.77049655	14.168141	1.8179417e-06	251.67514	73.98195	320.8784	2.587661	235.7534	69.79998	302.15747	2.587661	282.46005	13.664214	301.97687	232.10808	46.70663	71.88455	284.20673	-15.661155	49.977493	69.65019	284.20673	0.0070401123	0.7493233	2.9116106	28.420673	-0.06202994	7348.899	15861.818	80773.46	4.956318e-05	169.36649	796.62396	8077.346	1.7995669e-07
39	39999	3413.7221422195435	1726.8776	909.7373	2975.0684	832.6937	565.0	1696.7725	0.0	1696.7725	1696.7725	528.0	222.90765	75.60453	305.21066	-22.74164	2.290862	1.0145208	2.7176046	29.717337	-8.724879	-225.6937	0.1358121	0.000882185	0.13778867	0.13469097	0.029006675	0.86349225	0.7631952	11.666886	8.903444e-07	325.73892	21.15574	351.57208	248.3039	308.7271	17.061678	332.91693	250.71167	286.8284	13.286398	302.7885	234.51706	-21.898726	7.030358	-7.687468	-36.19384	21.898726	7.030358	36.19384	7.687468	-0.0702872	0.02024625	-0.026541745	-0.11032113	528.9801	310.82217	1309.994	59.097168	1.6800711	0.9354634	3.9929452	0.20403883
40	40999	3512.0029678344727	3325.9087	0.0	3325.9087	3325.9087	1000.0	3015.758	0.0	3015.758	3015.758	858.0	224.76624	75.656334	308.44678	-28.615654	1.868685	0.9738744	2.7248979	29.774658	-10.318376	-227.57243	0.13395339	0.0015983202	0.13785583	0.13170576	-0.05228356	0.8636303	0.76235175	9.234886	1.0058284e-07	313.76358	46.29778	360.77072	75.84753	296.56458	44.13939	342.59802	66.42568	278.8457	32.83814	305.33734	85.7838	-17.71884	14.981572	24.840097	-41.945465	21.344315	9.1008215	41.945465	0.072724536	-0.05127809	0.062896565	0.32453835	-0.124116406	538.4048	393.07568	1759.4221	0.005288858	1.7917145	1.2451373	8.061564	1.9468063e-05
41	41999	3610.3842375278473	1243.2124	0.0	1243.2124	1243.2124	356.0	3396.525	0.0	3396.525	3396.525	1000.0	228.69969	75.25547	310.8764	-33.61789	1.7011929	0.98412913	2.7008033	27.650501	-11.274691	-231.4235	0.12899888	0.0010551849	0.13203704	0.12784173	-0.03226259	0.85848844	0.7551045	8.941718	1.7881393e-07	308.0652	60.632908	364.13327	4.7358294	291.17145	56.497093	348.38947	4.7358294	273.7736	48.201057	309.83765	3.7905498	-17.397911	17.029179	42.14012	-38.9148	22.019808	10.383079	42.14012	0.0310079	-0.05516316	0.063540615	0.23286499	-0.49842495	592.6803	449.94058	1775.7897	0.00096148986	1.9684244	1.546603	9.812959	3.319086e-06
42	42999	3709.649164915085	3317.016	0.0	3317.016	3317.016	1000.0	3361.8916	0.0	3361.8916	3361.8916	1000.0	232.04381	76.10041	315.34344	-22.698172	1.6580676	1.003491	2.7227411	31.510492	-11.332239	-234.77725	0.12935138	0.0007543749	0.13065417	0.12802862	0.0071950657	0.85981715	0.75928336	10.96482	1.5050173e-06	334.12402	23.232584	355.9768	252.29625	315.73175	17.490961	335.61563	256.14017	295.6212	15.822157	312.74445	236.08344	-20.110542	3.476265	-10.622601	-28.12728	20.110542	3.476265	28.12728	10.622601	-0.06356086	0.009638344	-0.03558704	-0.08491504	416.51834	137.03827	791.1438	112.839645	1.309837	0.3982349	2.3884292	0.3780269
43	43999	3806.5082104206085	3430.4854	0.0	3430.4854	3430.4854	1000.0	3415.9424	0.0	3415.9424	3415.9424	1000.0	236.33037	76.81454	321.55948	-29.201881	1.5593998	1.0103433	2.7286348	29.296854	-11.232603	-239.02037	0.12894079	0.0009391495	0.13168688	0.12765266	0.02110834	0.85979706	0.7615776	10.777516	9.0152025e-07	338.20425	23.196363	360.4946	254.45885	318.44464	17.161583	338.6888	258.0141	298.95987	16.22874	318.69196	238.50363	-19.484737	5.285802	-4.2694407	-33.447163	19.484737	5.285802	33.447163	4.2694407	-0.06109705	0.015920684	-0.01388103	-0.101294704	407.59467	196.5808	1118.7126	18.228123	1.2723937	0.5893205	3.3880205	0.059264228
44	44999	3900.7818434238434	2520.8916	890.0721	3410.9636	1630.8195	734.5	1475.3859	0.0	1475.3859	1475.3859	422.0	239.60918	78.08942	325.54324	-23.760813	1.61979	1.007307	2.7098558	30.982756	-10.849672	-242.21547	0.13289481	0.0008293126	0.13405569	0.13131483	0.014819393	0.8574464	0.75703555	11.863611	7.003546e-07	290.5481	57.471004	346.79233	49.49909	269.4923	54.87248	320.96173	36.774487	274.94644	52.370922	322.64374	30.278778	5.4541154	14.818444	47.637974	-16.859133	12.47576	9.679312	47.637974	0.026623977	0.026871601	0.06544715	0.26432607	-0.17663626	249.33368	372.0129	2269.3767	0.0007088362	1.0545703	1.6696507	10.808175	2.2428153e-06
45	45999	4000.5056891441345	3417.955	0.0	3417.955	3417.955	1000.0	3325.5286	0.0	3325.5286	3325.5286	1000.0	242.58484	78.86787	327.7238	-24.830343	1.5292649	0.99193186	2.6725702	30.64458	-12.135305	-245.18063	0.1320596	0.00063750515	0.1336821	0.1311349	-0.016264062	0.8503146	0.74900484	9.750095	9.23872e-07	334.2244	20.23963	356.92444	255.36623	319.95035	16.76039	341.58896	257.15714	307.08585	17.925749	325.38	241.19937	-12.864538	3.3397243	-2.6774368	-21.931553	12.864538	3.3397243	21.931553	2.6774368	-0.040498983	0.011615211	-0.008338428	-0.08134311	176.65009	88.98377	480.993	7.168668	0.5586742	0.29903772	1.7568419	0.022325613
46	46999	4100.885810136795	3368.4424	0.0	3368.4424	3368.4424	1000.0	3281.1748	0.0	3281.1748	3281.1748	1000.0	245.62166	79.09913	328.70026	-23.616838	1.4835014	0.9945711	2.692037	32.76342	-12.535261	-248.17639	0.13131385	0.0006538069	0.13271925	0.13009334	-0.010987608	0.8548033	0.7556538	10.363295	6.7055225e-08	331.178	21.277319	351.251	250.41599	320.36572	18.36925	341.04742	255.65666	309.49582	18.894344	327.72598	243.18811	-10.869898	2.6447875	-2.4320514	-17.96461	10.869898	2.6447875	17.96461	2.4320514	-0.034131914	0.009164793	-0.007480528	-0.068188235	125.14961	56.20138	322.72717	5.914874	0.3943361	0.19087324	1.2249749	0.018193029
47	47999	4201.150881767273	3405.622	0.0	3405.622	3405.622	1000.0	3390.409	0.0	3390.409	3390.409	1000.0	248.41357	79.7143	331.4914	-28.68449	1.5292761	0.991327	2.6976902	30.30745	-10.851797	-250.96141	0.13019906	0.00043107578	0.13089766	0.128587	-0.017687878	0.85416144	0.7544075	10.403109	1.925975e-06	341.42957	23.374569	361.51566	256.44028	330.42776	19.425297	350.29688	261.06122	310.45737	18.18647	327.96295	244.32466	-19.970417	2.5569932	-13.481319	-26.264137	19.970417	2.5569932	26.264137	13.481319	-0.06041339	0.0066159954	-0.042973872	-0.07602522	405.35583	101.01275	689.8049	181.74596	1.2212944	0.27324438	1.9967368	0.5793445
48	48999	4300.139888763428	3390.0264	0.0	3390.0264	3390.0264	1000.0	3378.048	0.0	3378.048	3378.048	947.0	251.18039	79.8115	331.88718	-38.601334	1.5075532	0.9980333	2.7009742	31.568596	-11.731017	-253.67346	0.12747191	0.0006320709	0.12858795	0.12620258	-0.0039845943	0.85107934	0.75956786	12.520746	2.3404136e-06	325.27338	34.0479	359.42657	162.09415	310.75607	31.559101	341.1535	153.7064	304.3569	30.004456	329.70197	160.86205	-6.399153	10.770445	28.172512	-17.816162	11.432668	5.123062	28.172512	0.017699337	-0.01960672	0.03647747	0.11333749	-0.06428963	156.95163	119.683105	793.6904	0.0003132665	0.51622546	0.43591148	3.1930017	9.800082e-07
49	49999	4400.4999396800995	3368.1375	0.0	3368.1375	3368.1375	1000.0	3354.2273	0.0	3354.2273	3354.2273	1000.0	253.16188	80.3073	333.3564	-24.033226	1.5091666	0.9758175	2.6998568	31.879341	-11.778645	-255.60078	0.12664272	0.0014937065	0.12827721	0.12333619	-0.050106056	0.8508405	0.7576129	10.121366	1.6242266e-06	336.60602	22.392212	359.56915	253.44058	323.86273	18.273743	348.47812	260.6706	313.03232	18.754112	331.29858	245.23892	-10.830422	6.212044	12.684343	-20.146017	11.985866	3.4966464	20.146017	0.06945536	-0.033487637	0.019781806	0.041823275	-0.06327795	155.88753	72.43892	405.862	0.0048240474	0.48440742	0.23037647	1.1898648	1.4721776e-05
50	50999	4500.000919818878	3373.6567	0.0	3373.6567	3373.6567	1000.0	3351.437	0.0	3351.437	3351.437	1000.0	255.51886	80.11602	334.16934	-29.00448	1.6241367	0.99133337	2.6761682	31.602898	-11.318075	-257.9483	0.12230817	0.00056507235	0.12332746	0.12088008	-0.01815329	0.8444891	0.7548067	8.653814	8.6426735e-07	330.922	20.408445	353.71402	254.59616	320.9247	16.86886	343.34445	258.22397	312.95322	18.436663	331.69443	245.17966	-7.9714694	6.132578	13.861457	-18.314142	9.259295	3.9266136	18.314142	0.14843054	-0.025040146	0.019835254	0.045281343	-0.068394564	101.15283	69.89746	335.40778	0.022031628	0.32045454	0.23238432	1.23114	6.678788e-05
51	51999	4598.439771652222	3371.4644	0.0	3371.4644	3371.4644	1000.0	3328.074	0.0	3328.074	3328.074	1000.0	257.24374	80.28633	335.29565	-42.294765	1.3586966	0.97947556	2.667031	30.26103	-10.053695	-259.6496	0.11853571	0.00097523496	0.12145349	0.117097236	-0.043545496	0.8409502	0.75118434	11.222332	5.9604645e-08	336.81644	21.95963	355.98865	255.21086	326.35474	18.035843	344.99133	261.2084	314.23358	19.347265	332.39084	245.04245	-12.121158	2.4437528	-4.9529395	-18.918306	12.121158	2.4437528	18.918306	4.9529395	-0.0374967	0.009287124	-0.0150080025	-0.07122679	152.89441	62.220074	357.9023	24.53161	0.4764085	0.22050034	1.3474902	0.07433373
52	52999	4699.260357141495	1725.5774	0.0	1725.5774	1725.5774	497.0	3254.2305	0.0	3254.2305	3254.2305	1000.0	257.9992	80.46588	336.20566	-35.625423	1.4416015	1.0069764	2.6495664	31.39909	-13.409539	-260.28784	0.117808565	0.0004600087	0.11870249	0.1169893	0.014964216	0.83672357	0.75401765	10.0493145	4.172325e-07	323.28796	18.813643	347.191	250.16261	311.85162	15.338425	333.39127	252.78069	312.75867	17.837227	334.0575	245.71866	0.9070038	4.820419	10.52731	-12.193479	4.1645584	2.5914373	12.193479	0.0052025435	0.0025617997	0.015991691	0.033726454	-0.047239654	24.059092	26.789757	148.68092	2.7066459e-05	0.07925854	0.092185766	0.5755299	9.0290136e-08
53	53999	4798.80255484581	2549.5466	868.1274	3417.674	1681.4193	738.0	3465.613	0.0	3465.613	3465.613	974.0	258.80576	80.43425	337.53564	-27.054613	1.4704802	1.0042944	2.6275578	30.059372	-11.431845	-261.0497	0.11963063	0.00046877473	0.12053307	0.118521586	0.009179348	0.8328966	0.7507218	9.419694	3.0249357e-06	277.71054	71.92258	350.769	4.665188	261.14316	70.55875	330.38733	4.665188	271.25598	64.94571	330.08167	-6.461695	10.112796	20.30025	74.542145	-28.281668	17.142296	14.849592	74.542145	0.031794727	0.06629528	0.20171198	2.2219384	-1.449426	514.3687	774.38525	5556.5317	0.0010109048	3.4751422	8.845616	91.788826	3.2561966e-06
54	54999	4897.462371349335	3353.1548	0.0	3353.1548	3353.1548	1000.0	3340.6375	0.0	3340.6375	3340.6375	1000.0	260.41223	80.12485	337.37662	-43.040627	1.3931407	0.98007923	2.6075184	28.87561	-12.421745	-262.65662	0.118233964	0.0015004827	0.120271415	0.11558149	-0.04257566	0.82964134	0.74588543	8.545052	3.758818e-06	335.50638	21.917534	356.49234	253.18636	326.16666	18.354067	346.06876	260.15897	317.18787	19.924183	335.56064	245.69351	-8.978774	2.9711015	-2.363577	-17.762133	8.978774	2.9711015	17.762133	2.363577	-0.027899874	0.010511209	-0.0072418824	-0.06741982	89.44583	58.047523	315.49335	5.5864954	0.2811021	0.19965498	1.1975198	0.017116746
55	55999	4999.431381225586	2372.6733	0.0	2372.6733	2372.6733	679.0	3359.5232	0.0	3359.5232	3359.5232	1000.0	261.07492	80.427444	338.32483	-21.589405	1.5349836	1.0000799	2.5866802	29.347515	-12.586629	-263.225	0.11511821	0.0005066453	0.11616141	0.1142267	0.0002107916	0.8219584	0.7416686	10.684839	4.8428774e-08	340.77606	22.118105	361.13315	257.5333	328.1763	19.003242	349.75977	259.58945	317.3854	19.645939	335.53943	245.67505	-10.7908535	4.070359	-1.1073239	-18.603132	10.7908535	4.070359	18.603132	1.1073239	-0.033068493	0.012771858	-0.0033372047	-0.065379106	133.01036	87.81983	346.0765	1.2261662	0.40769055	0.2697548	1.1303099	0.0036953667
56	56999	5099.965494394302	3369.931	0.0	3369.931	3369.931	1000.0	3330.9626	0.0	3330.9626	3330.9626	1000.0	261.95718	80.51295	338.73474	-26.624979	1.4810022	1.0033662	2.5895975	28.335684	-11.683475	-264.20483	0.11659928	0.00040358587	0.117353305	0.11571226	0.0072921673	0.823698	0.74298793	12.247289	5.852431e-06	333.3712	23.164011	354.55527	252.08061	324.19547	19.080822	343.26434	258.30508	316.5543	19.750988	334.97653	246.50876	-7.6411915	2.3373706	-0.92921185	-15.724231	7.6411915	2.3373706	15.724231	0.92921185	-0.02378224	0.008097277	-0.0027990232	-0.052972984	63.85111	37.886898	247.25143	0.8634347	0.20010217	0.12803593	0.7648886	0.0026008855
57	57999	5199.62708902359	3370.635	0.0	3370.635	3370.635	1000.0	3326.3298	0.0	3326.3298	3326.3298	1000.0	263.70465	80.172676	338.87042	-26.77925	1.4946266	0.9819874	2.5951693	32.93901	-14.595305	-265.86606	0.11455945	0.0012734262	0.116698824	0.11283847	-0.038963746	0.8199497	0.74074477	11.307719	1.1920929e-07	335.722	21.572895	357.49606	255.06499	328.33362	18.583323	350.68405	264.0711	317.13388	19.910814	336.3553	246.00993	-11.199745	3.459181	-2.1440132	-18.431057	11.199745	3.459181	18.431057	2.1440132	-0.03445223	0.011787788	-0.006512666	-0.069698185	137.40022	77.37682	339.70386	4.596792	0.4254972	0.25699103	1.2846112	0.013963241
58	58999	5298.95548582077	3367.16	0.0	3367.16	3367.16	1000.0	3397.4355	0.0	3397.4355	3397.4355	1000.0	265.27313	80.06746	339.51855	-37.87422	1.4517093	0.96706635	2.5761786	29.989502	-11.027277	-267.40637	0.11030225	0.001864581	0.11320599	0.10683056	-0.07269215	0.81764597	0.73651326	13.648961	0.0	321.3383	57.9529	364.238	5.4139056	305.35248	55.06751	347.85574	5.4139056	299.25818	52.701977	335.69998	9.852465	-6.0943255	10.496447	26.181791	-17.698462	11.060156	4.998917	26.181791	0.075441495	-0.01724698	0.039531764	0.44385588	-0.06636652	147.3162	117.67359	685.4862	0.005691419	0.47711372	0.40536737	2.299606	2.9018143e-05
59	59999	5398.948962926865	2847.5278	533.7677	3381.2957	2313.7603	830.0	1973.0818	0.0	1973.0818	1973.0818	552.0	266.71692	79.89685	340.0676	-32.50725	1.3688351	0.97766656	2.5905364	29.561466	-11.570738	-268.79807	0.10457187	0.0014037319	0.10731772	0.102827735	-0.050328754	0.8086428	0.73524356	9.513742	1.3709068e-06	301.09918	57.6465	353.98453	5.388429	282.39014	54.92476	332.51096	5.388429	283.87744	55.633373	335.13455	-1.127881	1.4873247	8.762107	22.532486	-16.553186	7.434037	4.8704967	22.532486	0.006542508	0.0033248283	0.046746384	0.13285896	-0.651631	78.98665	85.636375	507.71295	4.280441e-05	0.31386763	0.42117682	4.2462296	1.68363e-07
60	60999	5499.421263694763	3414.285	0.0	3414.285	3414.285	1000.0	1503.4348	0.0	1503.4348	1503.4348	430.0	268.1442	79.49519	340.35403	-27.86071	1.3104768	1.0016398	2.585984	30.477938	-11.8654785	-270.1817	0.10371953	0.0005445867	0.10449563	0.10280837	0.0037806167	0.81134856	0.7384694	14.2814045	3.0100346e-06	290.53613	73.42338	360.98203	5.3005424	273.64886	69.54506	341.638	5.3005424	278.54575	67.995155	332.89606	1.830924	4.896861	16.39104	61.16693	-25.213345	12.377205	11.8089075	61.16693	0.0021712577	0.026400883	0.1141192	1.4530236	-0.5688349	292.6455	573.3434	3741.3936	4.7143603e-06	1.5145792	4.0066385	34.48221	1.4919252e-08
61	61999	5600.856284856796	1171.6866	0.0	1171.6866	1171.6866	327.0	3309.62	0.0	3309.62	3309.62	1000.0	268.48233	79.53835	340.7521	-27.236092	1.3047767	1.0117266	2.62073	30.949064	-11.090702	-270.4993	0.10328424	0.0007368628	0.10513462	0.10243239	0.026573595	0.8128294	0.7438877	13.037203	1.7881393e-06	334.01407	20.55719	354.08392	254.84967	326.7972	18.125359	344.793	260.19672	319.10593	19.886293	337.10706	246.51096	-7.691273	2.677407	0.0787029	-14.676043	7.6914873	2.6767921	14.676043	0.03366651	-0.023932582	0.009683234	0.00023874834	-0.05618979	66.324196	42.951626	215.38623	0.0011334338	0.20957845	0.15252036	0.82464373	3.4372197e-06
62	62999	5701.442508220673	3372.967	0.0	3372.967	3372.967	1000.0	3359.9995	0.0	3359.9995	3359.9995	1000.0	269.37405	79.22329	340.96606	-22.843857	1.301006	1.013909	2.591435	29.497608	-9.966398	-271.3528	0.10757436	0.0009593441	0.10867397	0.10514237	0.03121605	0.82240105	0.7481981	12.940064	5.364418e-07	338.13037	22.39528	357.70786	256.23236	331.07745	18.813536	350.43445	263.7991	320.37476	21.515427	339.10272	247.117	-10.702669	3.4791384	-0.282752	-18.352957	10.702669	3.4791384	18.352957	0.282752	-0.03293309	0.012730286	-0.00085418223	-0.06712462	126.65155	77.04251	336.83102	0.07994869	0.39613718	0.27116728	1.2319351	0.00024152173
63	63999	5803.199445962906	3404.963	0.0	3404.963	3404.963	1000.0	3260.362	0.0	3260.362	3260.362	1000.0	269.90448	79.53406	341.0845	-27.215685	1.323521	0.97610605	2.5859249	28.500216	-10.514883	-271.84476	0.106028445	0.0012292702	0.10840889	0.10336249	-0.053668614	0.815251	0.7432558	11.511499	2.2351742e-07	336.97244	22.45649	359.79276	254.95554	332.01898	19.249788	353.12018	262.6135	321.32492	21.645088	340.87186	246.86188	-10.694105	3.7999158	1.1045328	-22.573696	10.698806	3.786662	22.573696	0.058963835	-0.03275471	0.013397731	0.0033260002	-0.08378143	128.80324	88.557045	509.5718	0.0034767338	0.400344	0.3049541	1.8912566	1.04027995e-05
64	64999	5904.174805164337	3414.0688	0.0	3414.0688	3414.0688	987.0	3404.356	0.0	3404.356	3404.356	1000.0	270.69116	79.58838	342.08084	-34.508163	1.417552	0.995337	2.607967	29.25703	-11.7151985	-272.66074	0.10273887	0.0006046471	0.10378548	0.10158773	-0.010540391	0.81665325	0.74631983	8.601321	5.364418e-07	342.51382	23.710865	362.33234	257.35825	335.79376	20.83173	356.9023	263.67108	321.18283	21.389036	339.56354	246.93536	-14.610906	2.1616457	-8.407413	-20.648691	14.610906	2.1616457	20.648691	8.407413	-0.04380751	0.008051314	-0.024565903	-0.07093985	218.15128	64.07829	426.36844	70.68459	0.65588707	0.21534856	1.396403	0.2065357
65	65999	6005.121323347092	3405.3796	0.0	3405.3796	3405.3796	1000.0	3387.6614	0.0	3387.6614	3387.6614	1000.0	272.0159	79.01552	341.37805	-27.81858	1.3003832	0.9890341	2.5721185	28.976574	-11.7261505	-273.8755	0.101920076	0.00047631992	0.10271652	0.10080349	-0.025004387	0.8132859	0.74118614	9.010755	1.4528632e-07	340.61072	22.285439	362.76733	258.59802	334.14188	19.581722	355.72626	263.574	321.9297	20.760798	341.5385	247.65121	-12.212221	2.8568642	-4.952608	-21.703796	12.212221	2.8568642	21.703796	4.952608	-0.036889583	0.009977536	-0.014622134	-0.06924461	157.30003	73.7845	471.05478	24.528326	0.47796473	0.24262005	1.3931865	0.0724177
66	66999	6106.310521841049	3371.6099	0.0	3371.6099	3371.6099	1000.0	3205.3352	0.0	3205.3352	3205.3352	1000.0	272.87723	78.865105	342.62286	-38.975872	1.5527045	0.9898449	2.5723968	28.98491	-14.399244	-274.76135	0.099865824	0.000542641	0.10085334	0.098803535	-0.023352493	0.8158188	0.7402796	10.294599	8.34465e-07	332.29196	20.396929	351.28864	254.7663	328.9213	17.5422	348.24268	261.80157	320.96487	20.426172	339.56113	247.60004	-7.9564157	4.132205	1.9304668	-20.223497	7.9771457	4.0920424	20.223497	0.014900613	-0.024737656	0.014165382	0.005778726	-0.0696514	80.37966	79.24271	408.9898	0.00022202826	0.25485405	0.2686736	1.408595	6.565105e-07
67	67999	6207.621930599213	3373.315	0.0	3373.315	3373.315	1000.0	3413.31	0.0	3413.31	3413.31	1000.0	274.0882	78.89401	342.0822	-19.374817	1.312103	0.9937235	2.5571976	32.067772	-10.695401	-276.00687	0.09884226	0.0005245765	0.099605955	0.097695164	-0.01448018	0.81622493	0.7389718	12.122448	8.046627e-07	341.29306	22.974808	362.07965	256.62405	335.47806	19.944542	357.16122	265.66293	322.33752	21.753366	340.9035	247.49387	-13.140533	3.3010669	-5.8941545	-20.63398	13.140533	3.3010669	20.63398	5.8941545	-0.03965304	0.011813963	-0.01719332	-0.07572116	183.57065	86.324905	425.7611	34.74106	0.5588099	0.29313317	1.562214	0.10134008
68	68999	6308.560439825058	3394.8633	0.0	3394.8633	3394.8633	1000.0	3324.793	0.0	3324.793	3324.793	1000.0	275.61526	78.27237	343.18103	-27.888092	1.358127	0.9703978	2.5687437	29.381477	-10.043278	-277.44324	0.09581399	0.001662153	0.098613165	0.093471445	-0.069399565	0.80490965	0.7357483	9.063942	1.3262033e-06	333.6136	20.27759	350.76312	254.67169	327.31833	17.81578	345.41498	259.4325	320.9523	20.106071	338.78815	247.1703	-6.366033	3.5392787	0.69681716	-17.337284	6.3694944	3.5330462	17.337284	0.027761105	-0.01990262	0.012238699	0.0020994763	-0.062649086	53.052876	57.768448	300.58142	0.0007706789	0.16962682	0.19872838	1.0463364	2.3147488e-06
69	69999	6410.108670711517	3405.1348	0.0	3405.1348	3405.1348	1000.0	3374.459	0.0	3374.459	3374.459	1000.0	277.14157	77.41773	342.81177	-25.775194	1.3149538	0.9875167	2.576579	33.314186	-12.184861	-278.98676	0.09259127	0.00075202336	0.09404968	0.09142224	-0.029667538	0.8118261	0.74009943	10.680301	6.556511e-07	339.48242	21.439936	360.6584	258.28766	332.04034	18.519726	353.01297	261.5943	323.26166	20.263002	341.33243	248.36786	-8.778742	3.2605917	-1.8252894	-17.393179	8.778742	3.2605917	17.393179	1.8252894	-0.026823489	0.011057609	-0.00540832	-0.059653006	87.69777	59.99912	302.5227	3.3316813	0.2708876	0.19841415	1.0375555	0.009871749
70	70999	6512.486559152603	3433.6382	0.0	3433.6382	3433.6382	1000.0	3390.5115	0.0	3390.5115	3390.5115	1000.0	278.7003	76.95857	343.69702	-25.419647	1.2381276	1.0123324	2.5815012	31.27938	-10.679296	-280.4687	0.09282256	0.0009376763	0.09441719	0.09135067	0.029428687	0.81960547	0.74209386	9.047646	5.2154064e-07	339.96436	21.541237	360.1607	259.34448	334.38232	20.02498	354.06348	260.14368	323.94434	21.230442	342.55365	248.5248	-10.43795	2.7487614	-3.5663896	-19.347818	10.43795	2.7487614	19.347818	3.5663896	-0.03154865	0.00934642	-0.010502925	-0.058246814	116.5065	59.744045	374.3381	12.719134	0.35420638	0.1910685	1.0978478	0.037457522
71	71999	6614.340025186539	3472.1548	0.0	3472.1548	3472.1548	1000.0	3315.8665	0.0	3315.8665	3315.8665	1000.0	279.15555	76.99913	344.1881	-27.97216	1.3201413	1.0088856	2.568168	28.619026	-13.166927	-280.92706	0.09386737	0.000560909	0.094802104	0.09282437	0.021046469	0.8187096	0.7394893	11.212681	6.7055225e-07	334.28644	21.147175	351.8776	254.584	329.80276	19.13312	346.1185	257.60477	322.0422	20.989548	341.15393	247.58376	-7.7605934	3.0609143	-0.6066505	-16.12769	7.7605934	3.0609143	16.12769	0.6066505	-0.02395405	0.010596841	-0.0018039702	-0.056402475	69.59601	49.713043	260.10236	0.3680248	0.21781681	0.16856022	0.90915525	0.0010943793
72	72999	6716.414180278778	3419.2766	0.0	3419.2766	3419.2766	1000.0	3405.611	0.0	3405.611	3405.611	1000.0	279.86148	76.78542	344.645	-21.491825	1.1696528	1.0074995	2.561399	29.662947	-11.0566635	-281.60477	0.096553974	0.0008638869	0.0979375	0.094807394	0.017700203	0.8255839	0.742183	8.875424	9.909272e-07	341.34152	22.721996	361.33884	258.03485	338.09393	20.627653	358.22708	262.53442	323.87613	21.726954	342.82175	248.46057	-14.217811	2.5474162	-7.9773808	-21.852438	14.217811	2.5474162	21.852438	7.9773808	-0.042422935	0.009310617	-0.023174746	-0.073361404	208.63551	76.4521	477.52905	63.638607	0.62564737	0.25520802	1.5339671	0.18487379
73	73999	6817.798704385757	3384.2085	0.0	3384.2085	3384.2085	1000.0	3446.1401	0.0	3446.1401	3446.1401	1000.0	281.08374	76.00821	344.9328	-27.03971	1.2651817	0.9896023	2.5384302	28.365446	-11.90914	-282.79663	0.094975635	0.00045095375	0.09613307	0.09403795	-0.024402866	0.82207245	0.73681456	9.184227	3.233552e-06	343.79593	22.982502	364.6368	259.026	337.14102	20.448614	357.04044	261.5759	324.03244	20.720013	343.01575	249.75089	-13.108536	2.314602	-1.8196617	-19.004599	13.108536	2.314602	19.004599	1.8196617	-0.03907642	0.007614759	-0.0063608815	-0.06314682	177.19107	62.08038	361.17477	3.311169	0.5285975	0.19058886	1.1307764	0.011574653
74	74999	6921.007974863052	3142.4973	0.0	3142.4973	3142.4973	897.0	3404.4614	0.0	3404.4614	3404.4614	1000.0	281.46118	75.85357	345.5342	-27.731552	1.1726047	1.0165226	2.5505915	32.61474	-13.68293	-283.1257	0.09660587	0.0011924817	0.09804331	0.09432656	0.03887172	0.8293526	0.743816	10.833963	8.247793e-06	341.59576	21.696634	361.35568	258.8133	337.376	19.662064	357.0034	264.8353	324.3019	20.823648	344.1211	249.3024	-13.074091	3.0952406	-3.8082108	-19.365623	13.074091	3.0952406	19.365623	3.8082108	-0.03908597	0.01040989	-0.01136881	-0.066499144	180.51237	77.15065	375.0274	14.502469	0.5420252	0.24659973	1.1818194	0.043294825
75	75999	7023.42840218544	3390.2976	0.0	3390.2976	3390.2976	1000.0	3402.784	0.0	3402.784	3402.784	1000.0	281.4591	76.391655	344.74826	-34.59718	1.2134963	0.98153406	2.5551572	30.046913	-11.614166	-283.17368	0.09551347	0.0008105359	0.097038165	0.09427029	-0.043294374	0.8226971	0.740617	10.820866	1.4156103e-07	340.88702	23.274145	362.36502	257.27042	333.6569	19.81499	352.91592	259.81018	322.73764	21.10455	342.86804	248.64548	-10.919286	2.8426952	-3.2977993	-18.50168	10.919286	2.8426952	18.50168	3.2977993	-0.033076804	0.009897323	-0.0118369395	-0.06457139	127.311714	64.57813	342.31213	10.875482	0.38848796	0.21406208	1.1088309	0.039035853
76	76999	7125.361614704132	3410.9282	0.0	3410.9282	3410.9282	1000.0	3449.2576	0.0	3449.2576	3449.2576	1000.0	282.7286	75.29307	344.67984	-20.488876	1.1849033	0.97302896	2.5377371	27.750923	-11.431433	-284.3615	0.09233477	0.0012342059	0.09453556	0.090066284	-0.06426503	0.8170668	0.7356433	12.053336	2.3841858e-07	345.69473	22.47934	367.2155	262.50894	338.21487	20.378273	356.99954	256.2189	323.5645	20.757795	342.43933	248.3404	-14.650387	2.302755	-7.2007723	-38.37079	14.650387	2.302755	38.37079	7.2007723	-0.043533195	0.007918389	-0.027426079	-0.13143674	219.93652	75.19698	1472.3175	51.85112	0.65477735	0.246647	5.043331	0.19748895
77	77999	7227.296679019928	3397.9731	0.0	3397.9731	3397.9731	1000.0	3411.7495	0.0	3411.7495	3411.7495	1000.0	283.6783	75.46721	345.37888	-18.679539	1.1827654	0.9804641	2.5792067	27.029264	-10.925562	-285.36722	0.08830141	0.0008726293	0.09004977	0.08709406	-0.047328904	0.8150944	0.73204505	8.919483	2.682209e-07	341.75513	21.991255	363.23026	259.70288	338.0232	20.613104	359.10895	262.34445	324.50458	21.842207	343.46393	248.0405	-13.518553	2.8163674	-5.4658475	-20.513193	13.518553	2.8163674	20.513193	5.4658475	-0.04038586	0.010065464	-0.015995387	-0.07312932	190.68317	77.48852	420.79108	29.87549	0.5729541	0.2565901	1.4311545	0.08742835
78	78999	7329.62569642067	3446.1462	0.0	3446.1462	3446.1462	1000.0	3445.475	0.0	3445.475	3445.475	1000.0	284.747	74.72547	345.81427	-43.063282	1.2423738	0.9982079	2.581101	30.06408	-10.315509	-286.3991	0.087058134	0.00035981386	0.087874494	0.08639514	-0.0043328595	0.8114812	0.73579115	11.643124	1.475215e-06	345.60703	23.983494	365.92426	259.93195	336.28363	21.109272	356.46848	262.28052	325.53186	22.502293	345.44153	247.86533	-10.751801	2.222722	-4.295316	-17.641071	10.751801	2.222722	17.641071	4.295316	-0.032399014	0.008732192	-0.01279066	-0.061542097	120.54169	50.88309	311.20737	18.449741	0.3670691	0.18326877	1.0618792	0.054939933
79	79999	7431.724356412888	3465.9944	0.0	3465.9944	3465.9944	1000.0	3467.0925	0.0	3467.0925	3467.0925	1000.0	285.61758	74.42952	346.37177	-21.487131	1.1501929	0.9826988	2.5776305	32.58455	-11.167651	-287.22726	0.08701336	0.0011954072	0.08837815	0.08427906	-0.04245191	0.8140564	0.7368314	9.513158	1.9669533e-06	345.45862	24.712702	369.95752	257.55692	336.50323	20.965488	356.4939	262.83432	324.61935	22.15631	345.1409	247.7744	-11.883901	2.2874775	-6.2166767	-19.985607	11.883901	2.2874775	19.985607	6.2166767	-0.03570884	0.008788094	-0.01802201	-0.06513691	146.45964	57.14868	399.42447	38.64707	0.44350713	0.20041445	1.1829252	0.11203702
80	80999	7533.849678516388	3451.6797	0.0	3451.6797	3451.6797	1000.0	3456.689	0.0	3456.689	3456.689	1000.0	286.80634	74.30168	346.58737	-28.708395	1.065135	0.9789263	2.5656643	30.031723	-11.195554	-288.37195	0.08298894	0.00090196263	0.084462576	0.08138221	-0.052417047	0.80653363	0.7320101	11.142959	1.4901161e-08	340.59204	25.387114	367.63754	259.83527	328.15112	25.377882	355.65204	240.26706	320.31857	24.546091	344.97217	243.48723	-7.832549	9.3801775	21.820261	-21.462261	11.272316	4.7192645	21.820261	0.104955524	-0.023405239	0.029624991	0.07563571	-0.06737431	149.33656	101.01901	476.12378	0.011015662	0.45971838	0.32563493	1.6154368	3.272909e-05
81	81999	7636.044719457626	3449.3318	0.0	3449.3318	3449.3318	1000.0	3447.953	0.0	3447.953	3447.953	1000.0	287.69717	74.643814	347.27887	-24.231419	1.2620628	1.0203938	2.5806346	29.396559	-9.885669	-289.31506	0.08233615	0.0009906604	0.084323056	0.08118667	0.05084958	0.8156473	0.7371877	9.642631	2.2426248e-06	341.7976	22.07535	365.88028	260.46008	335.6725	20.000057	360.06607	263.2373	324.18625	21.504309	345.80542	247.56458	-11.48624	4.299999	1.9185362	-20.511461	11.498287	4.2676816	20.511461	0.09598071	-0.034594502	0.014062098	0.005824106	-0.0743299	150.42372	89.61036	420.72003	0.009212296	0.4564618	0.29174507	1.4776084	2.7865713e-05
82	82999	7737.649426698685	3442.8044	0.0	3442.8044	3442.8044	1000.0	3416.341	0.0	3416.341	3416.341	1000.0	288.5408	74.632484	347.55716	-19.56827	1.0530643	0.9815862	2.5629473	28.929794	-11.413795	-290.11432	0.0835527	0.0010625249	0.08491095	0.08153449	-0.045756865	0.8104424	0.7327854	9.593981	8.34465e-07	339.80197	22.69131	360.24313	254.2543	333.70786	20.404427	353.5846	256.89337	326.10693	22.341011	345.33405	249.32132	-7.600931	3.5153768	-1.0738226	-17.139606	7.600931	3.5153768	17.139606	1.0738226	-0.023228643	0.011954523	-0.0031855665	-0.06111879	70.13203	60.481262	293.76614	1.1530949	0.21798892	0.2045274	1.0468814	0.0034207331
83	83999	7840.767392873764	2952.0605	481.94043	3434.001	2470.12	848.0	3455.7104	0.0	3455.7104	3455.7104	1000.0	290.43225	73.6407	348.24347	-29.755947	1.1260922	1.0021713	2.5794635	30.40583	-10.189432	-291.97513	0.08289611	0.0006139341	0.083894044	0.08172162	0.0054984	0.8174717	0.7384282	10.107994	3.427267e-07	345.2972	23.744692	365.40353	259.93274	339.3299	21.36582	359.11322	264.05008	327.63403	23.07835	347.24847	249.08517	-11.695844	2.645158	-5.1386166	-18.263836	11.695844	2.645158	18.263836	5.1386166	-0.0349646	0.010055324	-0.0147716515	-0.0649343	143.78961	64.34087	333.5677	26.405382	0.43467626	0.2263503	1.1673555	0.07590586
84	84999	7943.270683765411	3460.4614	0.0	3460.4614	3460.4614	1000.0	3487.2908	0.0	3487.2908	3487.2908	1000.0	290.30072	74.141365	347.83463	-28.738178	1.0449796	1.0076715	2.5662308	30.052029	-11.241925	-291.78864	0.08234307	0.00070351205	0.083637774	0.0812118	0.019205553	0.80695564	0.73537606	11.954279	5.736947e-07	348.3501	22.6849	368.37814	263.25537	338.92297	20.218838	358.6127	263.939	327.44308	21.599174	347.008	249.97826	-11.479844	2.7150466	-5.267891	-19.94094	11.479844	2.7150466	19.94094	5.267891	-0.03426474	0.009864529	-0.015517509	-0.07261874	139.15831	65.452515	397.64108	27.750677	0.41919792	0.2251819	1.448086	0.081744544
85	85999	8046.26419878006	3421.896	0.0	3421.896	3421.896	1000.0	3420.8723	0.0	3420.8723	3420.8723	1000.0	290.43497	73.74025	348.2692	-22.515387	1.1350706	0.9836885	2.5638618	31.57767	-10.268729	-291.94174	0.08254887	0.0012103491	0.08429687	0.08049142	-0.040732965	0.80302954	0.7312154	12.784964	1.9669533e-06	341.33484	21.364157	364.50302	260.8951	332.33942	19.559586	355.39597	263.67703	325.90564	20.54102	345.37955	249.48029	-6.4337826	10.097455	28.881638	-19.006956	10.893093	4.9691725	28.881638	0.032571267	-0.019187305	0.03195693	0.09759627	-0.06455011	143.35214	123.51899	834.149	0.0010608875	0.44507742	0.409476	2.8136837	3.1392485e-06
86	86999	8148.447489023209	3425.3467	0.0	3425.3467	3425.3467	1000.0	3382.8013	0.0	3382.8013	3382.8013	1000.0	291.30716	73.27941	348.15955	-23.584259	0.9896755	0.9923695	2.5939474	30.59892	-10.603424	-292.847	0.08022746	0.00046702696	0.08101725	0.07928111	-0.019197857	0.80430037	0.7352599	11.762434	5.364418e-07	338.73233	20.31732	356.18533	260.00363	335.24707	19.874548	354.13654	260.4147	328.2318	21.62057	345.50232	249.41621	-7.0152774	2.690373	-0.47267118	-15.103126	7.0152774	2.690373	15.103126	0.47267118	-0.021340724	0.009528165	-0.0013862714	-0.053746473	56.452225	41.277634	228.10439	0.22341806	0.17492221	0.14403935	0.81173974	0.00065525057
87	87999	8250.540551900864	3463.6028	0.0	3463.6028	3463.6028	1000.0	3441.7178	0.0	3441.7178	3441.7178	1000.0	292.08652	72.884796	348.3385	-28.230997	1.0900627	0.9998891	2.58038	32.327065	-10.6788645	-293.53586	0.080205865	0.00020246081	0.08062631	0.07972315	-0.00023533725	0.8048993	0.73053366	10.678469	1.0430813e-07	344.91727	22.432587	364.16486	260.9968	339.18506	20.226105	359.01376	264.48563	328.2386	21.941538	347.3628	249.73709	-10.946497	2.7859251	-3.5992165	-20.882391	10.946497	2.7859251	20.882391	3.5992165	-0.03272799	0.010392416	-0.0103869755	-0.073917724	127.58717	67.58148	436.07422	12.95436	0.38645715	0.239193	1.5434772	0.037384972
88	88999	8353.005143165588	3431.41	0.0	3431.41	3431.41	1000.0	3453.544	0.0	3453.544	3453.544	1000.0	292.8695	72.853806	349.29797	-33.62431	1.0333343	0.98963386	2.569	30.367683	-9.1949415	-294.38718	0.078835815	0.00046426943	0.0799274	0.07789599	-0.026252026	0.8085988	0.73225856	8.103899	6.854534e-07	345.80698	23.579245	369.04922	257.69498	337.74643	21.354042	361.4327	254.51997	327.39017	21.614874	349.34467	249.08807	-10.356232	3.3660169	-2.3532808	-18.048819	10.356232	3.3660169	18.048819	2.3532808	-0.030803367	0.010574649	-0.0077967495	-0.06279113	118.58159	72.63506	325.7599	5.5379305	0.3536582	0.22461449	1.1240435	0.018347941
89	89999	8456.334359645844	2962.2593	0.0	2962.2593	2962.2593	814.0	3471.5437	0.0	3471.5437	3471.5437	1000.0	293.65292	72.8277	349.6625	-62.660496	1.0964415	0.9914387	2.5926623	30.991144	-12.182457	-295.08472	0.076919556	0.00053100864	0.078444816	0.07629761	-0.021809744	0.8042106	0.7330411	21.935118	7.748604e-07	344.7448	21.384054	363.1296	261.08026	339.90686	20.045748	358.1807	259.11624	328.84363	21.091703	347.64075	244.12637	-11.063186	2.9467256	-4.259995	-29.837587	11.063186	2.9467256	29.837587	4.259995	-0.032840163	0.009998293	-0.0155949285	-0.10891063	131.07726	73.26918	890.2817	18.147556	0.39195448	0.24298663	3.2496305	0.06643432
90	90999	8556.765533447266	2331.818	0.0	2331.818	2331.818	652.0	3481.5579	0.0	3481.5579	3481.5579	1000.0	293.62918	72.50507	349.61517	-27.179354	1.1038232	1.0219873	2.5685198	33.872437	-10.744902	-295.0516	0.07890115	0.0010305127	0.08052186	0.077167444	0.05596978	0.8081362	0.7328061	13.655707	6.854534e-07	348.9707	23.485497	373.99872	262.52228	338.14438	20.500887	359.51047	262.69766	326.88577	21.378914	348.92865	249.60063	-11.258625	3.623247	1.8840905	-22.504993	11.263953	3.6066515	22.504993	0.116604276	-0.03356751	0.011826562	0.005821188	-0.07077403	139.88457	81.20555	506.47473	0.013596558	0.41955194	0.26148346	1.4390476	4.2125364e-05
91	91999	8660.157417535782	2536.8242	906.64496	3443.4692	1630.1793	734.5	3486.2512	0.0	3486.2512	3486.2512	1000.0	293.86792	72.472664	349.66022	-26.768633	1.2658318	1.0072397	2.567382	29.122662	-13.946139	-295.3154	0.08057382	0.00031950098	0.08119122	0.07986792	0.018291581	0.8087533	0.7321287	12.804953	7.748604e-07	349.13095	23.171413	369.42834	262.6232	341.42242	20.535181	361.74887	266.7877	329.66147	22.126228	348.935	249.74345	-11.760972	2.7792747	-3.9659448	-18.473455	11.760972	2.7792747	18.473455	3.9659448	-0.034884162	0.01005678	-0.011585012	-0.06752296	146.04482	65.90854	341.26855	15.728717	0.43727195	0.22433259	1.2225578	0.045945518
92	92999	8763.249325037003	3455.5447	0.0	3455.5447	3455.5447	1000.0	3433.8132	0.0	3433.8132	3433.8132	1000.0	294.1445	72.1973	350.4863	-43.01294	1.2207541	0.9990448	2.498013	28.00429	-12.802727	-295.57217	0.08177102	0.0006651409	0.08274115	0.08042842	-0.0023296948	0.7979552	0.72011715	10.325823	1.0579824e-06	342.33835	21.102419	360.791	261.59045	337.00967	19.021622	358.50113	263.2129	327.16977	20.886602	346.40796	249.75818	-9.83991	3.1809237	-0.5037323	-18.200134	9.83991	3.1809237	18.200134	0.5037323	-0.029627115	0.011063333	-0.0014929884	-0.06313761	106.94211	65.1014	331.2449	0.25374627	0.32598078	0.21933368	1.1474586	0.00075206655
93	93999	8866.055401086807	3431.7104	0.0	3431.7104	3431.7104	1000.0	3477.4062	0.0	3477.4062	3477.4062	1000.0	294.6701	72.292656	350.31903	-58.968376	1.331231	0.9842791	2.480329	29.54805	-12.2385645	-296.05917	0.08085402	0.0006059385	0.0814883	0.078888856	-0.03966414	0.7937597	0.7124312	12.511073	8.34465e-07	345.89127	21.96027	368.0902	262.86118	334.2909	19.670223	357.05417	266.95578	324.4736	20.506285	346.34302	250.05606	-9.817299	6.885535	11.151424	-21.777802	11.086241	4.570034	21.777802	0.009478814	-0.029454634	0.021798108	0.03740154	-0.07833159	143.78996	100.435486	474.27267	8.984791e-05	0.43798378	0.3291424	1.7007593	2.6987595e-07
94	94999	8969.017495393753	3455.3325	0.0	3455.3325	3455.3325	1000.0	3470.5864	0.0	3470.5864	3470.5864	1000.0	295.64365	72.186226	350.67456	-64.86549	1.0416157	0.96789986	2.4865866	32.127434	-11.185228	-297.05847	0.07701112	0.00091412314	0.0788834	0.07470283	-0.082335465	0.7900595	0.7122838	11.78158	1.937151e-07	346.68903	21.516708	367.9111	264.23947	341.00317	20.68069	361.4658	266.8652	328.6333	21.48024	348.3922	250.24634	-12.369873	2.570436	-6.312678	-19.962103	12.369873	2.570436	19.962103	6.312678	-0.03657165	0.008984694	-0.01833139	-0.071341865	159.6209	65.12812	398.48557	39.849903	0.47424418	0.21495862	1.4241338	0.11572015
95	95999	9072.003865242004	2445.4785	0.0	2445.4785	2445.4785	682.0	3463.402	0.0	3463.402	3463.402	1000.0	296.9389	71.42801	351.20688	-73.82093	1.1499786	0.9987443	2.5149417	29.640038	-11.415722	-298.3732	0.07500737	0.00043289503	0.07591315	0.07421788	-0.0031993417	0.7909147	0.71694994	10.459459	1.1324883e-06	348.61884	22.773638	370.96683	263.7134	336.19547	20.123335	357.7541	264.14566	328.45007	21.549171	349.304	250.32779	-7.7454185	3.0502543	-0.040715966	-16.39724	7.7454185	3.0502543	16.39724	0.040715966	-0.023396876	0.010437179	-0.00011825122	-0.060738303	69.29555	49.584698	268.86948	0.0016577899	0.21238938	0.17043278	0.99051815	4.814713e-06
96	96999	9175.692195653915	3466.2205	0.0	3466.2205	3466.2205	1000.0	3478.9321	0.0	3478.9321	3478.9321	1000.0	297.4636	71.42723	351.21036	-64.78005	1.1303157	0.99267334	2.5571675	30.27327	-11.510123	-298.86118	0.07418183	0.0003390841	0.07476047	0.07343806	-0.01902458	0.7994151	0.72666126	14.464165	5.364418e-07	346.62833	21.960579	366.32394	263.59222	341.70303	19.92645	360.783	267.61588	329.15958	21.135054	347.63297	251.29541	-12.543461	2.049859	-7.5463862	-18.536205	12.543461	2.049859	18.536205	7.5463862	-0.0370743	0.008087187	-0.021662356	-0.06513851	161.54036	52.58135	343.59088	56.94795	0.48084596	0.18773083	1.2074208	0.1634725
97	97999	9279.148544549942	3442.8828	0.0	3442.8828	3442.8828	1000.0	3521.736	0.0	3521.736	3521.736	1000.0	298.5915	71.17359	352.11694	-80.08628	1.083657	0.98755556	2.534136	31.045038	-14.121489	-299.9861	0.073041	0.00047680645	0.07389616	0.07200704	-0.032551378	0.80049276	0.7177001	9.567371	8.493662e-07	352.48178	23.843832	374.86423	265.10352	345.61893	21.934422	367.40067	267.6576	332.2046	22.775276	352.92413	250.97412	-13.41436	2.777355	-4.9888	-21.295187	13.41436	2.777355	21.295187	4.9888	-0.039144	0.0095090205	-0.014424302	-0.06703	187.65875	74.65457	453.48502	24.888124	0.54997206	0.2387685	1.3067844	0.07195996
98	98999	9382.933993339539	2203.4536	657.3199	2860.7734	1546.1337	609.5	3467.1633	0.0	3467.1633	3467.1633	1000.0	299.3424	70.98099	353.2063	-67.34583	1.1178092	0.9976813	2.5758202	28.43843	-10.192175	-300.72543	0.07115655	0.0005844775	0.07211101	0.07007031	-0.00604126	0.7991558	0.72209716	10.20244	1.1920929e-06	348.5115	22.026625	368.96564	264.06552	339.88654	21.015314	361.44202	258.0674	330.51547	20.896774	351.38977	251.34537	-9.371043	2.5531878	-2.4760928	-16.610537	9.371043	2.5531878	16.610537	2.4760928	-0.02764109	0.007674991	-0.008704278	-0.055711266	94.33523	51.835552	275.90994	6.1310353	0.27793282	0.15354195	0.90820575	0.0215526
99	99999	9486.120341062546	3463.8733	0.0	3463.8733	3463.8733	1000.0	3443.75	0.0	3443.75	3443.75	1000.0	299.08005	71.44176	352.38043	-56.63984	1.0938916	1.01997	2.562972	29.12185	-10.09573	-300.43512	0.073727645	0.0009234177	0.074636534	0.071659096	0.052376196	0.80205166	0.7307428	11.754265	3.874302e-07	346.76395	21.470247	367.29913	264.74106	337.35062	19.227076	355.63028	259.76306	329.1562	20.221552	348.40466	251.93982	-8.194432	3.4147635	0.5771354	-17.444847	8.196782	3.409122	17.444847	1.341997e-06	-0.024523595	0.01086256	0.001720745	-0.06073592	78.80934	56.986244	304.32272	1.8009557e-12	0.23742294	0.18153772	1.0595288	5.354648e-15
