Epoch	TotalEnvInteracts	Time	AverageEpRet	StdEpRet	MaxEpRet	MinEpRet	EpLen	AverageTestEpRet	StdTestEpRet	MaxTestEpRet	MinTestEpRet	TestEpLen	AverageQ1Vals	StdQ1Vals	MaxQ1Vals	MinQ1Vals	LossQ1	AverageLogPi	StdLogPi	MaxLogPi	MinLogPi	LossPi	AverageAlpha	StdAlpha	MaxAlpha	MinAlpha	LossAlpha	AveragePreTanh	StdPreTanh	MaxPreTanh	MinPreTanh
0	999	1.3624787330627441	20.943867	23.54933	115.327065	4.116121	23.209303	10.916295	0.04289338	10.998798	10.857935	13.0	0.0	0.0	0.0	0.0	0.0	0.0	0.0	0.0	0.0	0.0	0.0	0.0	0.0	0.0	0.0	0.0	0.0	0.0	0.0
1	1999	1.5980925559997559	22.335522	23.96433	124.374176	3.452838	23.714285	10.916295	0.04289338	10.998798	10.857935	13.0	0.0	0.0	0.0	0.0	0.0	0.0	0.0	0.0	0.0	0.0	0.0	0.0	0.0	0.0	0.0	0.0	0.0	0.0	0.0
2	2999	1.8614811897277832	15.133925	9.13861	52.619244	6.126275	19.96	10.970255	0.06488296	11.108696	10.902742	13.0	0.0	0.0	0.0	0.0	0.0	0.0	0.0	0.0	0.0	0.0	0.0	0.0	0.0	0.0	0.0	0.0	0.0	0.0	0.0
3	3999	2.160062789916992	18.134651	18.61323	116.574425	6.395498	22.044445	10.9312	0.030251013	10.998956	10.901944	13.0	0.0	0.0	0.0	0.0	0.0	0.0	0.0	0.0	0.0	0.0	0.0	0.0	0.0	0.0	0.0	0.0	0.0	0.0	0.0
4	4999	2.502753734588623	18.294903	20.980427	151.20201	6.8408637	20.645834	10.933294	0.069096416	11.0111685	10.803399	13.0	0.0	0.0	0.0	0.0	0.0	0.0	0.0	0.0	0.0	0.0	0.0	0.0	0.0	0.0	0.0	0.0	0.0	0.0	0.0
5	5999	97.15827941894531	157.615	81.93002	246.08693	24.469702	82.454544	269.76407	1.2949706	272.41144	268.1265	127.7	92.43219	54.198685	189.47723	-24.082493	8.2353945	-0.7061048	1.877831	18.300991	-10.495441	-98.884796	0.88454074	0.061473396	0.99970007	0.7824342	-0.18881275	0.84655666	0.6233752	5.139397	4.172325e-07
6	6999	192.5557894706726	241.86374	53.33469	326.52933	152.12712	115.111115	292.70572	1.29881	294.63037	290.65985	128.2	177.562	57.480618	227.82584	-23.857912	12.643957	-0.3299957	2.3601985	25.53601	-9.659641	-187.13466	0.68978554	0.052236177	0.7822388	0.601593	-0.4967946	0.88476354	0.67475504	6.791732	7.4505806e-07
7	7999	290.558705329895	220.57985	61.01581	307.95615	129.64268	140.33333	1025.6663	0.58455145	1026.7847	1024.636	1000.0	177.84259	54.32646	224.48705	-31.615421	8.892109	-0.26275504	2.5220344	30.525753	-10.268268	-186.24034	0.5251701	0.04170729	0.6014388	0.45748246	-0.8120896	0.8751751	0.6805898	6.4147854	1.4901161e-06
8	8999	386.05634808540344	731.46985	259.72424	991.1941	471.74557	563.0	292.84497	1.2778802	295.119	291.85254	124.3	169.40237	42.198524	205.7365	-49.92565	4.512699	-0.21431011	2.478309	26.121973	-9.566097	-176.26413	0.3987379	0.03337107	0.45737144	0.34482825	-1.1202354	0.8727591	0.67803335	6.450903	3.5762787e-07
9	9999	481.328711271286	297.4345	17.2137	324.14767	266.03186	128.25	405.1109	1.7534237	406.86667	401.3766	148.3	172.5491	43.835827	206.50304	-28.331781	3.443085	0.059502926	2.5725121	29.107414	-10.717698	-178.89084	0.3053049	0.021382954	0.3447342	0.27087587	-1.1116207	0.90368724	0.7002801	8.205578	2.682209e-07
10	10999	577.3195519447327	304.77182	77.5974	401.62143	178.65552	138.42857	280.184	184.60524	437.23077	53.140465	177.2	161.63992	43.559525	205.3484	-24.587585	2.9704502	0.20618205	2.7432346	30.968067	-10.165581	-167.17284	0.24189621	0.01772418	0.2708161	0.21208109	-1.1320496	0.9403016	0.72462046	8.229811	2.9802322e-06
11	11999	674.0476620197296	306.79382	70.24168	399.36658	198.61028	131.375	741.10754	213.0793	910.53674	414.45798	287.4	158.72983	41.930607	191.1322	-26.9602	2.776616	0.3825858	2.714819	30.172878	-11.327361	-163.72385	0.19007728	0.012059796	0.21202695	0.16997135	-1.0233482	0.939266	0.7248216	7.932289	7.1525574e-07
12	12999	769.9321246147156	334.62946	91.09918	427.81705	160.11606	127.5	252.70341	1.5593537	255.91643	250.2289	106.3	155.78128	42.040325	188.75528	-32.66316	2.787646	0.50703233	2.868444	29.223602	-10.987185	-160.30382	0.15215707	0.009563142	0.1699405	0.13741547	-0.92418957	0.94628704	0.74675095	8.691401	4.053116e-06
13	13999	865.5869545936584	399.1356	70.83114	433.73813	225.87517	146.0	398.75494	4.350434	404.84772	392.0463	159.5	157.94948	42.625362	195.89885	-30.961275	2.0853536	0.7964683	2.9534955	30.104614	-12.138933	-162.26607	0.12883593	0.0046020043	0.1373873	0.12223125	-0.41515568	0.959179	0.7726463	8.375028	6.0349703e-06
14	14999	961.1011261940002	414.00888	11.9480505	424.4905	388.1281	152.16667	462.55777	1.8587068	465.29102	458.97397	160.8	161.22693	45.054436	197.75172	-39.85862	1.8699659	0.83236265	2.9679394	32.194176	-10.884213	-165.43224	0.11447115	0.0053105964	0.12224641	0.10742309	-0.36260608	0.9616985	0.77653164	9.514076	3.8146973e-06
15	15999	1056.8571586608887	406.0927	61.146584	469.16394	264.54355	148.57143	434.44867	1.3031577	436.18576	432.46396	155.5	163.54366	46.555523	205.71095	-39.831768	2.117021	1.0862995	3.098748	33.281227	-10.379871	-167.5605	0.11209425	0.0026565702	0.11657572	0.10742806	0.18914294	0.9895719	0.8079588	10.486156	1.1920929e-07
16	16999	1153.3227729797363	456.55923	45.295715	536.9154	408.9742	162.16667	719.20996	11.263641	728.881	690.1473	266.9	164.68565	48.726803	206.34416	-28.912132	1.8311937	1.0691745	3.13025	33.96569	-15.648186	-168.61058	0.12223571	0.0028590958	0.12650552	0.116610296	0.14596957	1.0083609	0.8270878	17.884497	2.2053719e-06
17	17999	1248.807098865509	599.5374	131.26599	822.30615	465.8114	199.2	999.00714	25.408066	1061.354	971.94293	306.7	166.47076	48.97513	210.36768	-24.038168	1.6661899	0.992136	3.0533495	35.11725	-10.632446	-170.2183	0.12636614	0.0006479831	0.1273089	0.124795154	-0.01625428	0.98929995	0.80696297	12.2930565	1.9520521e-06
18	18999	1344.1728613376617	802.9526	213.04733	1098.4044	566.4068	254.5	698.99304	14.585712	724.3803	683.4854	228.7	178.55418	52.461143	248.17181	-31.30271	2.430172	1.1621364	3.1468983	35.601986	-10.641195	-182.53625	0.13681076	0.008944403	0.15239403	0.12491229	0.32092565	0.9941208	0.82206774	13.470502	4.7683716e-07
19	19999	1438.2838168144226	808.3613	61.24928	856.0837	704.3529	256.25	692.44617	2.2467868	694.96265	688.4005	226.3	194.96436	60.02448	269.13525	-43.918686	2.5617177	1.1171005	3.0312414	32.742302	-10.834112	-199.13658	0.16435233	0.0065686335	0.17513925	0.15242027	0.21235368	0.98413867	0.81350267	13.13796	1.4901161e-06
20	20999	1534.378387928009	724.7879	37.381283	789.26807	700.3068	235.0	692.12976	2.819371	696.8043	686.41174	230.9	200.4288	63.544685	271.70822	-45.24764	2.495465	1.0240953	2.937594	33.145187	-11.228803	-204.5403	0.17869239	0.001824186	0.18145482	0.17516312	0.041634645	0.97148293	0.8085231	13.721605	1.7881393e-07
21	21999	1630.2199420928955	859.57764	188.90997	1185.8511	733.65936	274.0	1004.45996	73.55936	1114.7917	935.6254	319.5	201.45311	63.984177	267.93494	-21.385523	2.3488157	0.9757237	2.876625	32.989952	-14.161127	-205.38734	0.17833917	0.0015106101	0.18102314	0.17485519	-0.041868884	0.96681863	0.8072441	16.509735	4.3408945e-06
22	22999	1726.5979113578796	952.0988	120.15499	1120.0261	845.63727	293.66666	940.20764	3.4655867	946.287	934.04517	294.6	200.50476	61.805645	263.46152	-21.382664	2.3223042	0.98259103	2.8918738	33.70102	-19.660465	-204.22435	0.17232372	0.0013620608	0.17500374	0.17015652	-0.030531384	0.96068996	0.8078279	15.252624	4.7683716e-07
23	23999	1823.5011122226715	1089.2316	111.71635	1205.8274	938.60345	338.0	820.35046	58.64996	902.91144	684.3723	247.5	203.72925	62.1338	272.21356	-27.321054	2.114701	0.9808062	2.8549807	34.830383	-9.653173	-207.40749	0.16766809	0.0017315242	0.17056681	0.16506548	-0.034175895	0.9412608	0.7972097	14.689879	3.9041042e-06
24	24999	1918.2999925613403	1082.8705	149.34819	1196.2867	871.85785	334.33334	172.02122	3.5810294	175.991	163.17935	118.3	208.84529	64.00424	277.29578	-29.27658	1.9631733	1.0003676	2.8451054	36.13465	-10.489765	-212.42677	0.16470712	0.0010765173	0.16647598	0.16298516	0.000710598	0.9369428	0.7962816	14.4109	1.0356307e-06
25	25999	2014.8056576251984	1151.1188	46.260216	1213.5552	1102.9807	357.0	1511.0006	28.981339	1554.955	1481.4814	464.1	211.69337	65.04951	280.78552	-27.77741	1.8458333	0.98928356	2.8342865	35.02527	-10.907721	-215.25037	0.1652855	0.0010174982	0.16693832	0.16328152	-0.019297855	0.9318905	0.7988178	13.783459	4.261732e-06
26	26999	2109.6278371810913	1021.5728	140.12872	1214.9926	887.50397	318.0	1017.3257	12.49224	1031.9257	999.01886	312.7	213.85808	66.026054	282.8838	-23.969254	1.8590919	0.9898868	2.8233263	34.926144	-10.120045	-217.28052	0.16259216	0.0008875425	0.16347973	0.16004121	-0.018363109	0.92186767	0.7940602	14.938141	1.1920929e-07
27	27999	2206.924128293991	1716.8645	187.3443	1904.2089	1529.5203	530.5	2477.332	129.91147	2665.7156	2310.5583	753.0	215.78653	65.46516	284.4879	-22.267944	1.7646058	0.9737585	2.8384519	34.713852	-11.360523	-219.05759	0.15755638	0.0020691238	0.16090867	0.15429845	-0.048458695	0.91535294	0.79876757	13.845449	2.5331974e-07
28	28999	2302.478926181793	1177.9634	29.788147	1207.7516	1148.1753	356.0	740.2298	4.2522454	746.6633	733.7134	236.5	218.28496	65.99872	287.60648	-23.281136	1.6700095	0.9793541	2.7865076	36.626255	-14.488361	-221.56068	0.15278217	0.0013857323	0.15506832	0.14949054	-0.038855016	0.90751666	0.79094356	13.104344	1.6093254e-06
29	29999	2398.610786676407	1772.0553	75.92273	1847.978	1696.1326	538.0	2165.526	215.97421	2712.5984	1996.9352	641.9	220.81926	66.43835	290.39844	-29.792608	1.6984434	1.0101516	2.7845192	36.036133	-11.827145	-224.06178	0.15136862	0.0003946186	0.15207906	0.14949426	0.019262219	0.90785533	0.79657966	14.479744	2.026558e-06
30	30999	2494.8499326705933	1613.4817	90.39319	1703.8749	1523.0885	524.0	872.2479	17.203081	901.4201	841.3872	270.8	222.07169	66.29894	293.76917	-28.412823	1.7797956	1.011153	2.7250783	35.09068	-10.9442	-225.13416	0.1542074	0.0011770616	0.15584843	0.15157536	0.020973748	0.89939296	0.787832	13.027426	4.4703484e-08
31	31999	2588.4482271671295	1327.4297	323.53372	1766.4115	996.2144	400.66666	977.3498	2.2912085	980.7028	973.61	300.4	223.48842	66.73486	295.86987	-20.59826	1.6983773	0.9726512	2.7224724	34.39552	-12.508922	-226.53333	0.15138999	0.0023504687	0.15503241	0.14772509	-0.051599648	0.88876134	0.7875272	11.310667	1.553446e-06
32	32999	2682.3019001483917	1182.9308	831.442	2014.3728	351.48874	374.0	232.18762	1.6612954	234.99187	229.4774	100.7	226.91626	67.27978	300.0356	-44.32273	2.250944	1.0047517	2.7280128	34.06403	-10.179968	-229.85052	0.1494079	0.00074435154	0.15084934	0.1478459	0.009120192	0.8927957	0.7915665	10.75992	1.3113022e-06
33	33999	2779.2355868816376	1336.4364	106.19926	1486.2208	1252.0095	401.66666	1324.0795	92.499	1489.9915	1238.2898	399.6	227.18527	67.729004	313.31995	-44.026573	2.3287275	1.0172299	2.6815653	34.119793	-11.050934	-230.07962	0.15116821	0.0015105855	0.15356101	0.14862609	0.03261692	0.8892851	0.7887586	10.607957	2.5331974e-07
34	34999	2873.623866081238	1433.7561	0.0	1433.7561	1433.7561	424.0	349.33597	1.567761	352.41214	346.4703	146.1	228.67426	68.109024	306.62283	-30.826315	2.0255237	0.9754067	2.6873946	34.447483	-11.059678	-231.45909	0.14963229	0.0019017014	0.15335354	0.14705154	-0.04656981	0.8913745	0.7884948	10.305224	9.313226e-07
35	35999	2967.6845738887787	2393.4302	586.20825	2979.6384	1807.2219	717.5	337.78253	3.456808	341.7965	332.0106	142.8	231.2695	68.83805	312.32758	-31.819494	1.797487	0.97635853	2.692679	34.88551	-10.291906	-234.0255	0.14526984	0.0020028646	0.14789711	0.14159632	-0.045694675	0.88586044	0.785413	9.020305	7.4505806e-07
36	36999	3061.9645948410034	1820.4197	281.01947	2101.4392	1539.4003	546.5	331.94272	1.6479961	334.23798	328.89856	139.2	233.64937	69.288445	309.30463	-28.398636	1.7042842	0.9811371	2.711279	35.900837	-12.607966	-236.41475	0.13844147	0.0018719923	0.14175668	0.13609913	-0.037113596	0.87919647	0.78838027	11.107048	2.2649765e-06
37	37999	3156.6210010051727	745.2303	554.7256	1529.7302	352.1808	264.0	344.75613	1.6161802	348.5961	343.25653	144.4	235.27425	69.59132	317.42258	-53.183937	3.4852924	1.0154941	2.7233636	32.579727	-11.526089	-237.96242	0.13843341	0.0010342721	0.14071234	0.13692518	0.030637922	0.8847943	0.79572827	11.197355	1.4901161e-07
38	38999	3253.0320961475372	1170.9537	133.08195	1311.0289	992.0565	356.66666	1177.6654	34.948612	1220.742	1120.5197	345.4	234.25851	69.049904	314.4208	-31.1653	2.8361547	0.97718376	2.6989152	35.885803	-11.465332	-236.80905	0.13915893	0.0016091266	0.14110103	0.13580859	-0.045085765	0.88265383	0.78924686	11.227374	4.7683716e-07
39	39999	3348.839318752289	1162.8273	129.19322	1262.5784	980.3863	353.33334	999.91895	16.605349	1038.3528	984.39545	311.0	234.49742	68.855316	311.74966	-40.109898	2.3202388	0.9661252	2.6836972	33.706093	-11.312623	-237.01303	0.13172731	0.002453056	0.13583733	0.12817201	-0.06850065	0.8802051	0.7882726	11.842442	4.61936e-07
40	40999	3444.3416266441345	1668.8129	729.40027	2398.2131	939.41254	507.5	353.5157	1.3696399	355.6619	351.74374	146.6	235.59422	68.80534	314.72903	-23.995922	2.6773083	1.0018613	2.7065122	34.04233	-12.066572	-238.06206	0.12855126	0.0006139682	0.12942863	0.12735583	0.003864736	0.88943887	0.797428	11.697334	8.814037e-06
41	41999	3538.6112587451935	1067.5001	129.40195	1248.5216	953.7362	325.66666	9.720121	0.66662896	10.469946	8.945897	11.5	235.65363	69.10462	313.30463	-37.244713	2.351233	0.99867857	2.7138667	34.851475	-10.893	-238.08269	0.12868983	0.0007263587	0.13014434	0.12763938	-0.0026484164	0.8921154	0.80160445	12.017027	7.1525574e-07
42	42999	3634.5513882637024	1187.0211	48.51494	1244.2455	1125.6282	353.33334	1215.5142	35.52194	1246.2621	1150.582	361.1	236.21085	69.118805	313.8478	-36.142765	2.6410255	0.98237807	2.6837947	32.81553	-13.07957	-238.59908	0.12805617	0.0013920804	0.13032223	0.12528138	-0.036297422	0.8774775	0.79304	11.387055	9.23872e-07
43	43999	3731.963394880295	1247.5477	14.269071	1265.2399	1230.2963	370.33334	3126.7617	6.043789	3134.9248	3116.8423	1000.0	236.81183	68.81331	311.97076	-44.453304	1.831427	0.9969098	2.7175288	36.120773	-10.320245	-239.09613	0.1263847	0.00079472107	0.12813978	0.12456918	-0.0063508074	0.8791696	0.79708695	11.567964	8.828938e-07
44	44999	3830.2664654254913	2104.0217	0.0	2104.0217	2104.0217	627.0	3239.862	4.408537	3245.6445	3233.091	1000.0	238.20798	68.938705	312.7354	-29.566298	2.0176272	0.9873427	2.7031083	35.477165	-10.097125	-240.48714	0.12309117	0.0015850109	0.12538098	0.12055362	-0.026401889	0.8746635	0.7932277	13.320969	2.194196e-06
45	45999	3924.6420822143555	1814.1438	601.8462	2415.99	1212.2976	544.0	1022.6886	15.36634	1044.2811	995.9625	311.2	239.46658	69.89116	320.67322	-59.58858	2.0246341	0.99249417	2.6719456	34.872566	-14.942464	-241.7291	0.1210152	0.0015299752	0.123561054	0.118807875	-0.015737955	0.86608434	0.78547645	13.377331	2.3245811e-06
46	46999	4019.3584113121033	1189.2333	57.47583	1246.7091	1131.7574	350.5	1363.0354	98.06659	1507.4854	1247.2228	406.5	240.18472	69.497215	313.92978	-56.65915	2.2141216	1.0140529	2.6862633	34.157253	-10.911901	-242.42865	0.12345299	0.000800085	0.12470685	0.12072835	0.029614635	0.868827	0.7924911	13.533037	1.9595027e-06
47	47999	4115.306470155716	1855.7095	853.0151	2708.7246	1002.6944	552.0	339.7068	1.3111222	342.223	337.72253	143.0	240.89665	69.78695	318.53638	-32.748905	1.8506763	0.9908014	2.6751473	33.040077	-13.132944	-243.114	0.12296394	0.00060753216	0.123704486	0.121576644	-0.019256486	0.86283404	0.7878356	13.469117	4.4703484e-08
48	48999	4212.787831068039	2401.2754	876.6657	3277.9412	1524.6097	704.5	3299.7292	4.088487	3305.9866	3294.093	1000.0	242.56696	69.531364	317.49826	-31.518894	1.8192725	1.0022545	2.6798003	33.983925	-11.552371	-244.7116	0.121837616	0.00039276827	0.12253559	0.12117339	0.004793071	0.8599781	0.78950006	12.674459	2.9802322e-07
49	49999	4311.387999534607	1489.468	275.63367	1765.1017	1213.8344	439.5	2866.6433	650.62396	3091.98	914.82446	932.3	244.39737	69.651115	318.58426	-29.04377	1.6632745	1.0042374	2.6796231	34.36232	-10.942669	-246.48853	0.122908495	0.00034111057	0.123621285	0.122142725	0.008943831	0.8599386	0.79229784	14.322044	8.940697e-08
50	50999	4405.826133966446	1077.1666	410.4929	1619.7773	627.1525	338.66666	961.2145	3.8454273	969.77423	956.9237	293.2	245.04726	69.55656	321.97675	-28.87626	2.0682285	1.0106491	2.6847434	35.882473	-12.681649	-247.1728	0.12418335	0.0003200658	0.124936566	0.12286557	0.02228583	0.86231744	0.7931978	15.052514	3.8295984e-06
51	51999	4503.32061123848	1330.9379	181.933	1587.3438	1184.2561	395.33334	2184.066	802.71	3357.2097	1283.0197	651.1	243.77856	69.94247	323.15588	-54.475433	2.4966567	1.003693	2.6296277	35.082523	-11.122222	-245.77657	0.12513225	0.0005259509	0.12621546	0.124248594	0.007721887	0.8510116	0.779314	11.383258	5.066395e-07
52	52999	4599.884283781052	949.5018	416.34482	1244.4331	360.70157	296.33334	1099.732	55.7963	1174.3062	1000.11743	325.7	243.51236	69.25089	322.489	-57.790207	3.8243723	1.004365	2.6150408	35.59979	-10.506789	-245.55772	0.12668097	0.0006258892	0.12814571	0.12565501	0.009095626	0.84482706	0.7781457	14.805215	1.9967556e-06
53	53999	4694.823048830032	1130.0787	145.39488	1233.9314	924.4628	334.33334	1282.1633	32.874603	1326.9934	1237.186	382.2	243.94041	68.88202	327.80826	-48.76738	3.3445866	0.98417926	2.624563	32.385487	-11.372259	-245.93323	0.12485926	0.0011908411	0.12697333	0.12345046	-0.032816138	0.8493784	0.7765415	13.496516	1.0728836e-06
54	54999	4791.168094873428	1035.9344	82.36162	1145.6475	947.204	320.0	1522.0127	83.63853	1706.2482	1363.9719	455.6	244.12062	69.0987	320.84366	-45.183548	2.651451	0.99760824	2.6194637	32.93545	-11.823179	-246.04707	0.122101836	0.0012368833	0.12395357	0.120356664	-0.004931431	0.8510067	0.77683353	10.662144	4.7534704e-06
55	55999	4886.718483448029	1114.4016	137.33112	1251.7328	977.07056	333.0	1740.8522	343.23743	2502.698	1409.7324	510.5	243.91928	68.90397	323.73553	-47.67718	3.803729	0.98656476	2.6479013	32.45721	-12.983114	-245.82315	0.12254907	0.001001588	0.12396726	0.12069022	-0.028217925	0.8529228	0.77748173	11.39861	8.121133e-07
56	56999	4985.614370584488	1425.432	369.64993	1918.02	1027.5486	423.33334	3370.2102	2.8382857	3375.397	3367.3005	1000.0	244.11436	69.436584	332.73227	-39.255325	2.8645852	0.99409443	2.6391764	33.364468	-12.035154	-246.03925	0.120290585	0.0005278343	0.12124047	0.119017504	-0.012480604	0.8480757	0.7779762	12.025886	1.3709068e-06
57	57999	5081.95143032074	2539.6287	0.0	2539.6287	2539.6287	733.0	1800.804	87.11145	1900.5232	1596.9408	524.3	244.96318	69.24261	327.8706	-23.956287	2.868055	0.99706954	2.6218114	32.70258	-13.352137	-246.8538	0.119270995	0.0003095647	0.120081306	0.11848023	-0.006183863	0.8505447	0.7794278	17.066866	6.4224005e-06
58	58999	5178.590348958969	1869.8962	692.8902	2562.7864	1177.006	543.5	636.9718	1.9134275	640.101	634.0358	230.9	245.95108	69.212555	338.60867	-27.235031	3.0113764	1.0032005	2.6181858	33.910816	-12.497642	-247.81653	0.1193998	0.0004739054	0.12030626	0.118336335	0.006876159	0.8566202	0.7808889	11.127886	1.3113022e-06
59	59999	5274.399786710739	1398.1241	586.64655	2071.5898	641.79126	418.0	966.57336	8.987459	980.22675	956.32086	293.3	246.95595	68.59706	330.2114	-33.362713	3.1156428	1.014291	2.639997	35.023376	-11.9102	-248.78891	0.12187949	0.0007843863	0.12333363	0.1193799	0.030287433	0.876249	0.7905639	10.503576	8.2701445e-07
60	60999	5369.038818836212	1050.4779	292.54758	1264.1696	636.82916	318.0	345.49878	2.471091	349.46494	343.1029	142.7	246.94409	68.925285	335.80783	-43.87473	3.2808585	1.0143303	2.6400633	34.484814	-11.31468	-248.79353	0.12438946	0.0009921724	0.12593736	0.12204937	0.030025726	0.8736726	0.78891075	10.482725	1.7881393e-07
61	61999	5465.347335577011	2706.8623	0.0	2706.8623	2706.8623	780.0	979.6204	5.388539	989.79376	972.919	295.8	247.46867	69.75693	331.0146	-46.02899	3.1836143	0.9892582	2.5896678	31.649776	-10.758042	-249.28238	0.12458716	0.00081488705	0.12566064	0.1225807	-0.022369651	0.8658275	0.7817707	10.284289	3.837049e-07
62	62999	5563.391308546066	2237.2021	192.09277	2429.295	2045.1094	646.5	3321.0806	3.5355844	3329.1995	3317.2444	1000.0	248.35292	69.736465	338.74756	-31.050472	3.9638326	0.9896552	2.5887806	32.863663	-11.514116	-250.11305	0.12235002	0.0010234908	0.12399291	0.12039699	-0.021735203	0.86255574	0.7839516	9.502483	5.066395e-07
63	63999	5659.480028152466	862.34937	359.37973	1165.4763	357.49246	266.33334	1048.241	14.984927	1080.9553	1037.631	310.6	248.58316	70.27086	337.68665	-50.772526	3.441394	0.9828419	2.6126587	34.086105	-10.722809	-250.32327	0.11857139	0.0012543116	0.121308096	0.117221594	-0.036476016	0.857135	0.78015435	11.237909	5.9697777e-07
64	64999	5759.368387937546	1530.0808	288.1494	1818.2302	1241.9314	447.5	3377.5835	59.38236	3414.567	3200.3606	989.3	249.09842	70.00401	337.01636	-34.803257	3.6794908	0.9933287	2.5800483	34.87838	-11.82196	-250.81726	0.115149595	0.0008744898	0.11721553	0.113537244	-0.014280226	0.85552424	0.78231025	11.984478	1.2516975e-06
65	65999	5855.2859308719635	1799.2675	99.40503	1898.6725	1699.8624	523.0	1604.4496	92.328285	1878.7725	1552.871	466.1	248.85303	70.51275	338.7092	-38.78447	3.7703452	1.0099226	2.5744348	32.907375	-11.708427	-250.51926	0.116461605	0.0004265067	0.11768718	0.11580908	0.021358056	0.8516286	0.77733165	10.854859	2.339948e-08
66	66999	5951.950610637665	1470.4845	210.9793	1761.4299	1267.7278	429.33334	3339.144	24.522842	3410.372	3324.1802	1000.0	248.94958	70.41638	333.24445	-30.53744	3.2804399	1.0112602	2.5945282	34.365692	-13.31979	-250.63857	0.11940534	0.0005541217	0.120389126	0.11770345	0.024044564	0.85968816	0.7816826	9.922907	6.854534e-07
67	67999	6049.762750148773	1707.8784	135.59363	1843.472	1572.2848	505.0	2791.1987	752.9388	3370.4873	1583.13	826.8	249.49454	70.178825	333.09332	-70.807205	3.3686776	0.9927669	2.573323	33.05915	-12.139592	-251.14108	0.11964165	0.0009863105	0.12127917	0.11805921	-0.015314342	0.86305475	0.78184325	9.247538	2.682209e-07
68	68999	6146.723400115967	1064.541	408.59888	1473.1399	655.9422	331.0	3228.6812	5.6758003	3239.4788	3220.7578	1000.0	250.28008	70.20598	329.87863	-47.36737	3.8095784	0.97728574	2.5855231	31.684896	-10.839493	-251.94997	0.1169681	0.0016502995	0.11904761	0.11393806	-0.048818175	0.86308056	0.7796093	9.824281	4.082918e-06
69	69999	6246.2806940078735	1166.7084	393.63736	1574.7251	634.7254	360.0	3382.9536	2.4632967	3388.7212	3379.9941	1000.0	251.10153	69.49267	334.0968	-35.542423	3.6559038	1.0200495	2.599243	34.61174	-12.689348	-252.69003	0.116039254	0.0006954871	0.11788319	0.113975905	0.043248866	0.8614348	0.78472763	11.521947	2.5629997e-06
70	70999	6342.600670337677	1457.9503	177.21127	1658.2815	1227.3765	419.66666	1353.3446	83.50677	1531.6653	1288.904	402.6	250.36592	69.54395	333.76276	-33.106804	3.7444582	1.0149735	2.5864527	33.047165	-9.43787	-251.97981	0.12003531	0.0007340653	0.12108112	0.11787704	0.03189129	0.8644973	0.7778751	9.308398	9.834766e-07
71	71999	6438.060222864151	2099.5474	0.0	2099.5474	2099.5474	604.0	3366.566	3.2355697	3371.7117	3360.5488	1000.0	250.78065	69.4006	328.172	-48.8163	3.4864972	0.9793517	2.5651538	30.98429	-11.286523	-252.36047	0.11951559	0.0014000911	0.12164188	0.117001936	-0.0439165	0.85910416	0.7759072	9.574867	1.7881393e-07
72	72999	6534.005763530731	3302.407	0.0	3302.407	3302.407	951.0	1311.3154	22.151194	1377.288	1299.4984	395.8	251.61415	69.659775	327.93286	-31.542194	3.5740113	1.0032516	2.5858366	33.29	-12.884687	-253.23486	0.117481716	0.0004956091	0.11846842	0.116384596	0.007012405	0.8625941	0.7790824	11.29728	9.536743e-07
73	73999	6630.681418180466	3370.9019	0.0	3370.9019	3370.9019	1000.0	3236.488	8.957652	3249.8796	3216.3787	1000.0	253.1629	69.80638	333.07907	-74.42593	3.296647	0.9986659	2.5417924	31.382679	-11.64872	-254.69725	0.117447495	0.00054337346	0.11878448	0.1166148	-0.0028007412	0.86349183	0.77510804	9.420722	2.1299347e-06
74	74999	6729.693658351898	2752.0112	0.0	2752.0112	2752.0112	806.0	3241.273	449.01147	3404.0266	1894.3649	955.4	253.9959	69.98968	331.8968	-57.77196	3.7371085	0.9959706	2.55945	31.20393	-11.123734	-255.55626	0.11717688	0.0006544117	0.11860032	0.11563968	-0.008575392	0.86195815	0.77763194	10.796464	2.4288893e-06
75	75999	6828.1352796554565	2670.5525	0.0	2670.5525	2670.5525	771.0	3110.623	3.8193362	3116.7278	3106.9177	1000.0	254.81908	70.33791	339.30258	-60.700172	3.2237046	0.99959844	2.5657885	34.22904	-10.743034	-256.37796	0.11606273	0.00045480483	0.116856076	0.114985354	-0.0008078604	0.86763567	0.78110504	11.340722	1.1324883e-06
76	76999	6923.778172016144	3160.0923	212.06946	3372.1619	2948.023	930.5	653.1823	2.364883	657.66956	650.44073	233.1	255.74524	70.17727	332.79227	-61.011585	3.0111504	0.99741435	2.5557444	33.785755	-11.444676	-257.28845	0.11680039	0.0005835416	0.11777043	0.11572242	-0.0054998645	0.8641322	0.78022194	9.233105	1.7657876e-06
77	77999	7018.989692687988	3322.8882	0.0	3322.8882	3322.8882	1000.0	835.3586	158.99858	1200.624	650.3462	253.7	256.8107	70.06311	334.5927	-40.358414	2.735584	0.9859995	2.5505934	31.872719	-13.8982	-258.33548	0.1141627	0.00093802455	0.11578512	0.11276596	-0.030277932	0.855546	0.77926385	9.108084	1.1324883e-06
78	78999	7117.4568083286285	3424.133	0.0	3424.133	3424.133	1000.0	3224.7332	3.939465	3230.811	3217.8308	1000.0	258.08826	69.91258	339.07214	-34.75589	2.7650845	1.000561	2.5504866	32.017365	-13.0888605	-259.57977	0.112892196	0.00041335775	0.11372748	0.11215051	0.0012869434	0.8554657	0.7791722	9.162866	2.682209e-07
79	79999	7213.861831188202	1309.988	78.717834	1388.7058	1231.2701	382.0	1005.15344	2.5676625	1008.5294	999.2152	298.5	258.85138	70.211365	331.90866	-37.208893	2.9049435	0.9892496	2.5695806	30.605276	-11.604761	-260.31964	0.111446515	0.0012252344	0.11340985	0.109635435	-0.023465525	0.85696524	0.77873456	8.292446	2.2053719e-06
80	80999	7312.141672372818	2018.3541	89.605835	2107.96	1928.7483	610.0	3061.919	602.5385	3295.4243	1266.297	934.5	259.46286	70.129585	335.8426	-26.220055	3.275173	0.99406457	2.5820107	32.78976	-12.842774	-260.92715	0.11031486	0.0006114932	0.112038374	0.10943946	-0.013006101	0.8585758	0.7802654	9.332972	1.1920929e-07
81	81999	7410.53719496727	1511.7274	0.0	1511.7274	1511.7274	437.0	3294.4731	6.3695965	3304.4846	3283.7039	1000.0	259.928	70.075935	333.52713	-37.43704	3.9379127	0.99956435	2.5954597	35.833412	-10.625929	-261.41412	0.11140956	0.0008697562	0.112765096	0.10987191	-0.00089429284	0.85299355	0.7793067	15.233782	8.940697e-08
82	82999	7509.389030218124	1837.3652	637.4532	2721.996	1244.7467	548.0	3239.5715	8.900868	3254.2986	3219.2039	1000.0	260.08426	69.72385	339.12482	-46.66736	2.8119755	0.9796927	2.5644832	31.89417	-10.797882	-261.4963	0.108814575	0.0013171138	0.11040334	0.106484674	-0.045090653	0.8484167	0.7765607	11.841672	7.1525574e-07
83	83999	7603.835364341736	3361.303	0.0	3361.303	3361.303	1000.0	137.57123	255.29024	649.5293	9.671115	55.8	260.37952	69.867874	341.5069	-29.424006	3.1501746	0.9989717	2.5778644	30.752323	-11.4093685	-261.797	0.107108995	0.0008037834	0.108534865	0.106148414	-0.002225092	0.8490144	0.7755785	11.71185	4.7683716e-07
84	84999	7702.123422861099	2977.1892	0.0	2977.1892	2977.1892	904.0	3165.0896	1.2993703	3166.945	3162.7283	1000.0	261.27567	70.03093	337.22385	-54.32971	3.1344123	1.0095373	2.565194	34.799187	-11.737583	-262.66437	0.106848106	0.00070594274	0.10804883	0.10571346	0.021373015	0.8569635	0.7802228	12.154266	1.9669533e-06
85	85999	7798.142476797104	2470.7742	0.0	2470.7742	2470.7742	716.0	1212.3826	36.98876	1260.141	1141.2008	345.3	261.4185	69.52226	346.15396	-100.98795	3.2199225	1.0028199	2.5860164	34.120964	-9.649134	-262.82785	0.10862853	0.00044315684	0.109565064	0.10787174	0.006325019	0.85888654	0.77958834	15.282404	2.4586916e-07
86	86999	7897.149865865707	2282.1738	1058.6241	3340.7979	1223.5496	681.0	3407.7532	3.0341458	3413.4783	3403.801	1000.0	261.88968	69.26091	334.67758	-60.687447	3.986221	0.986039	2.5611382	33.69309	-11.797207	-263.2155	0.106614515	0.00058688817	0.10844764	0.10579452	-0.03111974	0.84513175	0.7732959	14.784405	2.6971102e-06
87	87999	7995.07272028923	3452.0083	0.0	3452.0083	3452.0083	1000.0	3331.3425	2.8433847	3335.1348	3325.6152	1000.0	262.52264	69.8129	333.98355	-51.648914	3.96024	0.99691194	2.5664842	34.09249	-9.306744	-263.91318	0.106458604	0.00055431365	0.107500695	0.10551878	-0.0068732738	0.8431403	0.7703605	11.73612	2.2947788e-06
88	88999	8090.437451124191	2312.0452	0.0	2312.0452	2312.0452	662.0	885.88684	582.9117	2563.518	636.40656	311.3	263.15372	69.76444	355.33206	-45.896595	3.392007	0.9931166	2.589321	32.779922	-11.804797	-264.5774	0.10570681	0.00055942644	0.10674387	0.104303695	-0.015452252	0.84371495	0.7761367	12.147738	8.6426735e-07
89	89999	8187.223276853561	2241.4033	0.0	2241.4033	2241.4033	640.0	2807.8052	790.33594	3511.9854	1676.4451	799.8	263.95752	69.57123	348.6466	-37.624187	2.7966206	1.0074728	2.6152198	34.82262	-9.483667	-265.3203	0.10454929	0.00070208265	0.105630115	0.10313587	0.016950691	0.8490621	0.78061223	12.562424	6.7055225e-07
90	90999	8282.23927640915	3147.4705	0.0	3147.4705	3147.4705	895.0	363.67856	2.2325325	366.2778	358.2786	145.1	264.9836	69.47565	338.69775	-74.0905	3.1405277	0.98855877	2.582483	33.56958	-10.548357	-266.34488	0.10452658	0.0006999291	0.105925	0.103138015	-0.025780132	0.84753025	0.7782111	12.273588	3.3974648e-06
91	91999	8377.909615278244	2929.731	466.89587	3396.627	2462.8352	858.5	365.97684	1.264525	367.79202	364.32358	145.4	266.83295	69.20065	338.50488	-40.35342	2.6529224	1.0064461	2.6065223	33.086536	-10.601564	-268.15686	0.104153305	0.0005563687	0.105228886	0.10322416	0.01464896	0.8486443	0.7783635	11.520832	1.6391277e-06
92	92999	8473.43858242035	3047.7156	0.0	3047.7156	3047.7156	870.0	967.46466	404.97763	1874.3032	659.84076	317.6	267.67355	69.21673	343.56363	-44.273514	2.6457064	0.9821544	2.604203	33.921993	-10.988113	-269.01666	0.10316987	0.0012646687	0.105658144	0.10158317	-0.040481683	0.8452622	0.7804547	13.688437	1.4901161e-07
93	93999	8569.064330339432	3500.3542	0.0	3500.3542	3500.3542	995.0	659.0697	3.872444	666.5028	653.3299	229.7	267.86395	69.83039	337.99127	-83.533	2.788766	0.99707955	2.5917847	33.814613	-11.001546	-269.15976	0.10177224	0.0005550217	0.10253428	0.10074058	-0.006627717	0.8479216	0.7799787	17.039371	7.4505806e-07
94	94999	8665.41664147377	3303.572	0.0	3303.572	3303.572	944.0	479.82724	139.2257	652.2193	364.80386	178.7	268.20273	69.56271	342.57214	-35.438725	2.1924775	0.9958246	2.6079981	33.02372	-10.392653	-269.48035	0.101036064	0.00026456214	0.1016221	0.10037722	-0.009528097	0.8444882	0.78344834	14.723507	5.543232e-06
95	95999	8764.399680137634	1824.4414	0.0	1824.4414	1824.4414	517.0	3414.3677	8.436377	3430.0667	3404.124	1000.0	268.28156	69.5008	339.47168	-26.872303	2.566521	1.00996	2.5832555	32.8366	-11.408413	-269.55115	0.101484925	0.00038581176	0.10222869	0.10038318	0.022881214	0.84282154	0.7782741	13.472738	3.695488e-06
96	96999	8861.251498937607	3447.6538	0.0	3447.6538	3447.6538	1000.0	445.73184	124.678474	637.6041	361.69717	169.3	269.09323	69.19317	338.8165	-40.067944	2.5001905	0.9968132	2.6015294	33.9141	-12.182001	-270.36737	0.10232209	0.00070056116	0.103588544	0.10103721	-0.0072225877	0.8496519	0.7777704	12.137786	2.4735928e-06
97	97999	8960.574555397034	3031.1482	0.0	3031.1482	3031.1482	911.0	3431.795	5.1810074	3441.4773	3423.3708	1000.0	269.4982	68.945816	343.63702	-59.65533	2.7425234	1.0003368	2.5943863	33.87199	-10.824865	-270.76282	0.10179637	0.0007334755	0.10330755	0.10061639	0.0008470192	0.84573627	0.7804519	15.246039	6.556511e-07
98	98999	9059.962439537048	3087.165	47.30078	3134.4658	3039.8643	902.0	3081.9155	3.0987623	3086.451	3076.5437	1000.0	269.9345	68.53396	341.08533	-55.789288	3.771955	1.0027571	2.573617	33.91912	-11.20628	-271.19403	0.101034686	0.00047238395	0.101897225	0.10005039	0.006368862	0.84406984	0.7781215	13.990989	2.630055e-06
99	99999	9157.048976898193	3016.4424	0.0	3016.4424	3016.4424	859.0	1716.7893	744.1415	3028.508	1233.6617	530.6	269.65768	68.96953	343.76703	-53.294685	3.1150308	0.9879717	2.5579853	32.133812	-11.377907	-270.92075	0.10154592	0.0010555111	0.103186145	0.09988048	-0.027507728	0.83961636	0.77392364	12.850407	6.2584877e-06
