Epoch	TotalEnvInteracts	Time	AverageEpRet	StdEpRet	MaxEpRet	MinEpRet	EpLen	AverageTestEpRet	StdTestEpRet	MaxTestEpRet	MinTestEpRet	TestEpLen	AverageQ1Vals	StdQ1Vals	MaxQ1Vals	MinQ1Vals	LossQ1	AverageLogPi	StdLogPi	MaxLogPi	MinLogPi	LossPi	AverageAlpha	StdAlpha	MaxAlpha	MinAlpha	LossAlpha	AveragePreTanh	StdPreTanh	MaxPreTanh	MinPreTanh	AverageMCDisRet	StdMCDisRet	MaxMCDisRet	MinMCDisRet	AverageMCDisRetEnt	StdMCDisRetEnt	MaxMCDisRetEnt	MinMCDisRetEnt	AverageQPred	StdQPred	MaxQPred	MinQPred	AverageQBias	StdQBias	MaxQBias	MinQBias	AverageQBiasAbs	StdQBiasAbs	MaxQBiasAbs	MinQBiasAbs	AverageNormQBias	StdNormQBias	MaxNormQBias	MinNormQBias	AverageQBiasSqr	StdQBiasSqr	MaxQBiasSqr	MinQBiasSqr	AverageNormQBiasSqr	StdNormQBiasSqr	MaxNormQBiasSqr	MinNormQBiasSqr
0	999	1.9779553413391113	18.500225	16.669497	111.7164	6.185877	21.911112	82.58951	0.0	82.58951	82.58951	66.0	0.0	0.0	0.0	0.0	0.0	0.0	0.0	0.0	0.0	0.0	0.0	0.0	0.0	0.0	0.0	0.0	0.0	0.0	0.0	12.872801	15.669312	72.35617	-2.5795596	17.95481	19.587248	93.81246	-0.5976579	0.6324399	0.28724688	1.5375056	-0.3121652	-17.322369	19.564379	1.060446	-92.65723	17.353874	19.536436	92.65723	0.0028865887	-0.7178778	0.3450365	0.1060446	-1.0050578	682.8294	1526.567	8585.362	8.332394e-06	16.310322	19.797983	92.264626	8.3323937e-07
1	1999	2.8340375423431396	17.70907	14.165849	67.205025	3.9594252	21.891304	111.191124	0.0	111.191124	111.191124	73.0	0.0	0.0	0.0	0.0	0.0	0.0	0.0	0.0	0.0	0.0	0.0	0.0	0.0	0.0	0.0	0.0	0.0	0.0	0.0	12.32318	10.567393	47.389797	-1.5831695	17.968246	14.051355	59.417072	-0.37533376	0.94668293	0.33309013	2.0591128	-0.102941036	-17.021563	13.983749	1.0360488	-58.12516	17.04973	13.94939	58.12516	0.0005507958	-0.7465991	0.32556733	0.10360488	-0.990388	485.27884	683.7585	3378.5342	3.0337605e-07	15.870266	14.126487	56.86134	3.0337606e-08
2	2999	3.7306439876556396	17.825142	22.95943	140.58832	5.134584	20.375	100.996605	0.0	100.996605	100.996605	70.0	0.0	0.0	0.0	0.0	0.0	0.0	0.0	0.0	0.0	0.0	0.0	0.0	0.0	0.0	0.0	0.0	0.0	0.0	0.0	13.060483	16.974663	76.09669	-5.5166774	18.945515	21.25998	94.62586	-3.8234591	0.6335796	0.4347344	2.034505	-0.6852207	-18.311934	21.169641	4.5414195	-93.769424	18.599854	20.917124	93.769424	0.009983011	-0.6805765	0.40179262	0.45414194	-1.0154911	783.4806	1658.6921	8792.705	9.96605e-05	17.534887	21.148964	93.36093	9.96605e-06
3	3999	4.605845212936401	15.418226	9.422609	55.177822	5.3764033	20.67347	31.543985	0.0	31.543985	31.543985	35.0	0.0	0.0	0.0	0.0	0.0	0.0	0.0	0.0	0.0	0.0	0.0	0.0	0.0	0.0	0.0	0.0	0.0	0.0	0.0	7.085244	7.793107	37.83064	-5.323507	11.238413	9.930964	48.297306	-3.1039956	0.7805784	0.43378058	1.9087607	-0.8272056	-10.457835	9.799322	3.6001372	-47.11572	10.610646	9.63365	47.11572	0.004352361	-0.61412793	0.38145816	0.36001372	-1.0133272	205.39302	335.4784	2219.8909	1.8943045e-05	9.374928	9.8524275	45.96304	1.8943044e-06
4	4999	5.508503675460815	19.112518	15.365239	93.06457	6.7504177	22.533333	30.290165	0.0	30.290165	30.290165	27.0	0.0	0.0	0.0	0.0	0.0	0.0	0.0	0.0	0.0	0.0	0.0	0.0	0.0	0.0	0.0	0.0	0.0	0.0	0.0	10.809231	12.252885	59.73245	-5.9270983	15.610658	14.890214	74.6057	-4.9750476	0.9985903	0.5483813	2.6145806	-0.76161087	-14.612068	14.7024975	5.6991787	-73.452896	14.983313	14.3239765	73.452896	0.0008978948	-0.6626739	0.39987436	0.56991786	-1.0096898	429.67596	811.0768	5395.328	8.0621504e-07	13.661636	14.438743	72.58303	8.0621504e-08
5	5999	101.15655446052551	137.23947	113.01341	359.45105	10.507895	78.63636	387.2419	0.0	387.2419	387.2419	207.0	90.99937	52.696938	182.51952	-22.7777	6.684669	-0.79006886	1.8537872	12.023895	-10.347077	-97.41831	0.8817086	0.063885	0.99970007	0.7762932	-0.20720068	0.8413023	0.6131137	6.004149	1.5497208e-06	116.77703	42.684868	164.72166	1.9184235	127.149025	49.585003	181.67432	1.9184235	167.82263	26.311853	182.31136	13.735677	40.673603	36.8525	175.43607	-5.346323	41.028023	36.457504	175.43607	0.007308604	0.7596482	1.6190057	17.543608	-0.03027057	3012.4485	4636.6953	30777.814	5.3415693e-05	71.24771	240.70644	3077.7815	2.9705842e-07
6	6999	196.32614707946777	316.0875	79.519066	392.24872	151.62154	172.33333	298.58435	0.0	298.58435	298.58435	152.0	186.4539	53.923336	238.46202	-28.031725	9.563361	-0.2749722	2.448506	17.599804	-10.629363	-196.42044	0.6891399	0.049053002	0.77610743	0.6064915	-0.47479424	0.8960598	0.6763975	9.172704	2.9802322e-07	100.18374	39.369713	154.46208	2.5039213	113.048744	45.515186	174.70036	2.5039213	194.83066	56.97646	236.81604	7.5627346	81.78189	28.322855	143.16927	-25.959738	82.09946	27.388714	143.16927	1.2270883	0.9145277	0.74059373	8.313904	-0.61068916	7490.4624	4206.571	20497.44	1.5057456	81.39993	75.88436	691.20996	0.13879776
7	7999	292.5854434967041	350.2872	6.5301595	360.3018	340.45065	158.66667	350.45425	0.0	350.45425	350.45425	161.0	198.39029	61.2537	240.83617	-26.225498	6.2659235	-0.1998063	2.5027874	17.503408	-9.469887	-207.69208	0.53244716	0.041072913	0.6063361	0.46391675	-0.757907	0.8972371	0.6826984	6.0712023	5.1259995e-06	119.77584	45.661465	167.00926	2.6081574	132.01105	52.236683	186.63321	2.6081574	146.5908	67.111206	231.51984	4.1075916	14.579735	18.458351	47.632275	-13.489432	16.760351	16.503635	47.632275	0.008648498	0.08606232	0.11569036	0.5978874	-0.33342722	553.2794	762.7913	2268.8335	7.479651e-05	3.145002	4.1130037	12.584736	5.607358e-07
8	8999	389.0829002857208	415.03583	61.081753	502.6994	341.24316	223.6	1033.7524	0.0	1033.7524	1033.7524	1000.0	177.27715	57.747154	233.09494	-26.347807	3.1638007	-0.35731396	2.4653978	19.510963	-10.370638	-184.66579	0.39956832	0.036042716	0.46378237	0.33968738	-1.2556762	0.8702353	0.6708059	5.3983426	3.993511e-06	106.87494	32.527943	152.0601	0.87110937	130.97003	38.82205	182.14798	0.87110937	158.00322	35.541	200.64874	6.41553	27.033178	36.26101	173.89758	-12.494106	29.269228	34.481384	173.89758	0.038765937	0.5201591	1.9245771	17.38976	-0.0834171	2045.6536	4699.204	30240.37	0.0015027978	63.5462	312.28528	3024.0369	1.1999639e-05
9	9999	485.47209882736206	379.43588	72.644714	510.62827	320.11105	190.2	336.56848	0.0	336.56848	336.56848	144.0	155.92949	47.88648	201.00137	-23.988205	1.9462227	-0.4500642	2.4392588	20.692886	-10.450337	-161.7379	0.2904511	0.026335204	0.33958295	0.24922438	-1.7916213	0.8415554	0.65923643	5.404957	2.9191142e-06	118.76851	46.465237	169.94362	2.693898	129.20654	52.972034	190.58092	2.693898	130.9304	51.240105	185.01044	2.8873386	1.723864	7.932899	27.426317	-16.09429	6.362106	5.042439	27.426317	0.0057826005	0.039257143	0.13479286	1.2429086	-0.27359423	65.90259	107.23138	752.2028	3.343847e-05	0.8953688	2.0838034	16.958073	3.1349188e-07
10	10999	582.165155172348	347.92596	10.835251	368.7274	328.44678	153.71428	337.5238	0.0	337.5238	337.5238	137.0	149.07552	46.642387	188.96776	-24.118734	1.4153962	-0.28045526	2.4944432	23.457222	-9.864514	-154.02182	0.2176302	0.01785045	0.2491576	0.18799148	-1.9581082	0.86091316	0.6693481	6.1903534	1.6093254e-06	122.05596	49.34677	176.5223	2.71546	132.1174	55.12664	194.47557	2.71546	127.87883	51.05129	175.92587	1.962191	-4.238573	7.465938	16.236414	-24.184046	6.9684515	5.014621	24.184046	0.0007064774	-0.020431444	0.06569832	0.2833468	-0.20468174	73.70574	87.33683	584.86804	4.991103e-07	0.51730144	0.6037447	4.45099	2.9335402e-08
11	11999	678.9762473106384	339.78568	12.521374	366.47952	326.5849	140.71428	378.30093	0.0	378.30093	378.30093	151.0	144.8515	45.529575	183.34128	-22.492811	1.113524	-0.06852276	2.562725	23.527834	-11.130423	-149.28113	0.16613717	0.012002171	0.18793868	0.14540625	-1.9200808	0.88835716	0.68888843	6.356592	2.3841858e-06	137.97888	50.158928	187.96701	3.1128821	143.97473	54.84053	201.31422	3.1128821	125.00932	48.42166	177.7835	1.3321984	-18.965399	8.957985	13.910578	-42.196774	19.536194	7.6334167	42.196774	0.010121945	-0.11559419	0.12824622	1.2784572	-0.37191674	439.93192	271.20114	1780.5677	0.00010245378	2.956859	1.843571	16.344526	1.7652412e-06
12	12999	775.8813018798828	400.44522	77.11529	478.00705	242.25064	153.33333	399.88504	0.0	399.88504	399.88504	158.0	143.85265	44.447033	181.61111	-20.812859	1.0056757	0.20343882	2.6561282	24.304367	-10.817871	-147.93546	0.12960942	0.008208865	0.14536099	0.11656269	-1.6208256	0.9243044	0.7178709	7.8227167	8.6426735e-07	146.58202	49.641224	195.05412	3.5179496	149.53319	53.35669	206.45717	3.5179496	134.09247	44.41304	178.60703	8.715437	-15.440711	10.543734	19.388054	-31.209587	16.576365	8.649281	31.209587	0.003009659	-0.06938683	0.15652657	1.4374497	-0.204598	349.58588	281.98212	974.03827	9.058048e-06	2.198907	1.9054492	20.662617	9.4386046e-08
13	13999	872.5514869689941	425.34686	63.084835	572.2188	371.50717	156.42857	588.3876	0.0	588.3876	588.3876	193.0	150.1528	45.61198	195.84537	-23.89647	1.0966511	0.7126488	2.8181295	28.71222	-11.654942	-154.19987	0.108652115	0.0035583992	0.11654187	0.1047643	-0.6313546	0.9777032	0.75685257	7.266526	5.9604645e-07	187.97958	66.13152	266.67892	4.4320164	155.82477	55.484207	221.28255	4.4320164	152.77618	40.08497	193.55374	1.327364	-3.048594	31.190666	98.49381	-70.66391	25.385519	18.377352	98.49381	0.04362396	0.16861804	0.91263205	8.059278	-0.43848974	982.15155	1492.1892	9701.031	0.0019030501	18.487755	69.13594	649.5196	1.05408e-05
14	14999	969.4813597202301	581.5235	112.87708	701.6012	468.1793	192.75	246.51923	0.0	246.51923	246.51923	113.0	160.08388	49.391525	213.16646	-29.861048	1.3209636	1.0142007	2.877158	29.015394	-10.347876	-164.22778	0.10495459	0.00079487264	0.10658727	0.103728086	0.03190425	1.0024698	0.77666396	7.0664926	3.3676624e-06	123.128265	66.126564	255.60199	3.1264157	116.725296	61.884834	235.24617	3.1264157	186.58614	25.576359	205.67824	12.376999	69.86084	60.52239	186.6113	-42.825085	80.10529	46.115486	186.6113	0.19913498	1.7987397	3.374465	18.66113	-0.19201243	8543.496	8405.225	34823.777	0.03965474	263.16025	583.0037	3482.3777	0.00029150097
15	15999	1066.2006623744965	661.5703	52.60294	746.7684	589.03406	210.8	734.9755	0.0	734.9755	734.9755	237.0	173.128	53.425846	233.91452	-31.392351	1.8929385	1.1777763	2.9349663	28.510838	-9.838837	-177.3756	0.112673655	0.0045790803	0.1230377	0.10659357	0.3857098	1.0254822	0.8016406	7.395419	3.5315752e-06	215.78705	67.767166	269.22186	4.30012	186.78925	65.9576	244.64185	4.30012	188.12454	57.416695	230.80307	10.38127	1.3352948	16.757643	45.008293	-26.591763	14.204569	8.990652	45.008293	0.009661201	0.07122396	0.30644295	4.461075	-0.15084963	282.6016	312.14697	2025.7465	9.333881e-05	2.7313552	10.049518	199.0119	4.2787374e-07
16	16999	1162.4573299884796	757.26843	20.015238	778.5626	731.1958	236.75	684.9431	0.0	684.9431	684.9431	217.0	189.23141	60.00285	253.54631	-26.32568	1.819265	1.1160576	2.9464273	29.166061	-11.485455	-193.74287	0.13117206	0.00385638	0.13737893	0.12307206	0.23704284	0.99842864	0.80397964	8.442283	3.1590462e-06	203.5676	66.35076	264.953	4.148645	190.71533	62.514214	246.91177	4.148645	199.24358	58.847942	244.38431	2.0581381	8.528234	13.246811	42.829292	-15.038309	12.06561	10.13064	42.829292	0.0065959236	0.063037254	0.1308289	0.77577543	-0.879616	248.2088	344.79193	1834.3481	4.3506207e-05	1.9519742	3.7259169	32.362892	1.8355256e-07
17	17999	1259.2637088298798	608.93463	192.1867	812.77167	249.53328	201.0	1206.7006	0.0	1206.7006	1206.7006	376.0	196.06677	62.089256	255.52277	-32.91201	2.2918363	1.0445479	2.8164964	28.814804	-12.540248	-200.44281	0.14101899	0.0026144995	0.14472343	0.13738231	0.08731697	0.9885988	0.7920038	9.38015	8.46386e-06	248.47418	68.457146	305.81384	4.3353004	225.4908	62.813305	276.17563	4.3353004	215.64127	50.020554	254.85211	4.7928505	-9.84953	16.453302	49.71103	-31.33558	16.93238	9.001051	49.71103	0.016921561	-0.004699125	0.21919416	2.5611858	-0.43602252	367.72437	336.51202	2471.1863	0.00028633926	2.5358124	7.329315	83.18615	1.2202875e-06
18	18999	1356.2396245002747	854.59314	44.14761	921.635	797.64197	267.75	885.2371	0.0	885.2371	885.2371	271.0	198.36504	63.758472	258.6629	-42.392372	2.3888729	0.9849972	2.7692223	28.97956	-13.566122	-202.63731	0.14518741	0.0012691594	0.14673923	0.14205515	-0.029075276	0.9653304	0.7768258	8.375367	5.4985285e-06	234.15126	71.69188	303.4982	5.0275145	215.92502	67.4356	278.10696	5.0275145	213.45163	57.329266	263.85724	7.194137	-2.4733949	18.985043	52.189213	-27.340168	16.179588	10.2357435	52.189213	0.056850735	0.027002256	0.19279017	2.4059465	-0.26671925	366.54947	449.71112	2723.714	0.0032320062	2.3368933	4.379754	57.88578	1.4955474e-05
19	19999	1453.3751616477966	875.9877	145.51476	1093.4283	690.8812	265.25	1074.2804	0.0	1074.2804	1074.2804	328.0	200.36327	64.64279	270.37012	-30.504366	2.4081323	0.97712797	2.8384638	28.0611	-11.717096	-204.4532	0.1399317	0.0015156985	0.1420359	0.13727202	-0.04499126	0.9545063	0.7828668	8.7123375	4.146248e-06	244.89995	68.68779	304.12708	5.488768	224.77454	61.868706	275.4764	5.488768	215.40677	59.047054	258.972	9.651012	-9.367772	9.772373	17.756742	-30.194891	12.187379	5.8925576	30.194891	0.006589388	-0.038146894	0.08513107	1.1074297	-0.32128006	183.25446	145.82872	911.7315	4.3420037e-05	0.89512676	0.9084262	12.264007	1.8525236e-07
20	20999	1550.5527639389038	844.272	22.83242	867.5525	814.13904	258.75	829.0462	0.0	829.0462	829.0462	254.0	203.4425	64.86867	277.7692	-27.21579	1.9559917	1.0211431	2.7967458	30.294514	-12.68084	-207.33022	0.13838327	0.0012783167	0.14166036	0.13653038	0.04170546	0.95287126	0.7799017	9.738556	9.536743e-07	228.4513	68.12679	292.67914	4.9988384	211.82458	64.11277	267.51297	4.9988384	211.3591	64.53088	265.8496	7.115283	-0.4654922	10.370203	30.087645	-20.643368	8.48917	5.9742603	30.087645	0.001276861	0.0033704638	0.09070769	0.862432	-0.223706	107.75779	135.61674	905.2663	1.6303738e-06	0.63068557	1.0824734	13.039868	6.371199e-09
21	21999	1647.703381538391	878.9082	61.72934	940.6375	817.17883	270.0	2922.2822	0.0	2922.2822	2922.2822	1000.0	206.33174	66.05292	278.47705	-31.100828	1.83797	1.0072988	2.7891426	29.869352	-16.336393	-210.12325	0.14239596	0.00049382675	0.14329506	0.14126712	0.014276305	0.960851	0.78716177	9.7504635	5.9604645e-08	287.32214	46.76024	318.58658	5.0422363	272.0356	44.05575	301.5301	5.0422363	252.77878	34.323025	276.02548	7.510152	-19.25685	12.305415	33.880783	-36.523712	21.674559	7.2431297	36.523712	0.23167445	-0.060010757	0.07397493	0.4578806	-0.12237921	522.2494	280.8638	1333.9814	0.05367305	1.9838183	1.4788015	14.142231	0.0011230647
22	22999	1745.7401263713837	1439.0912	278.9584	1829.7677	1196.2603	431.33334	2919.9153	0.0	2919.9153	2919.9153	1000.0	210.45355	67.1617	281.41846	-35.00807	1.7862935	1.0247021	2.7693527	30.30564	-11.863543	-214.16864	0.14753747	0.0014742214	0.14896639	0.14329912	0.047604457	0.9640804	0.78813654	9.595876	1.6391277e-07	293.54175	45.096237	322.25778	6.092953	279.56818	42.994804	309.01395	6.092953	258.36975	36.044502	283.84512	21.570702	-21.198423	8.472662	20.747221	-33.293293	21.885994	6.493265	33.293293	0.13277017	-0.06534057	0.09539322	1.5477748	-0.1103514	521.1592	258.3012	1108.4434	0.01762792	1.9164075	1.4948286	23.95607	0.00013331838
23	23999	1843.6322891712189	1731.3534	0.0	1731.3534	1731.3534	520.0	3035.111	0.0	3035.111	3035.111	1000.0	215.44136	68.36308	291.45026	-24.833784	1.7331645	1.0077877	2.7252438	30.237328	-12.617467	-219.02873	0.14900954	0.0016579198	0.15248191	0.14709707	0.014871804	0.95622927	0.7825053	10.218521	1.3336539e-06	282.48953	54.275955	322.95053	5.1986465	271.7276	51.623684	312.80362	5.1986465	256.9156	45.421154	292.97455	6.628086	-14.811992	10.818865	13.636582	-32.398064	16.286589	8.437411	32.398064	0.008437711	-0.05177748	0.040997963	0.14294395	-0.23585287	336.443	265.78564	1049.6345	7.119496e-05	1.1589864	0.8506066	3.4439216	2.9980282e-07
24	24999	1942.0748636722565	3081.3098	0.0	3081.3098	3081.3098	1000.0	3133.338	0.0	3133.338	3133.338	1000.0	220.88689	69.67342	296.1421	-30.762611	1.5845383	0.99481535	2.71056	29.931984	-14.3317795	-224.50993	0.14934267	0.0009812559	0.15105991	0.14789613	-0.009781665	0.9440969	0.7778843	8.9299	4.1797757e-06	319.8221	20.010218	339.8261	246.87566	307.752	15.91223	328.9581	251.80289	279.79358	11.58448	294.18317	232.57895	-27.958456	7.7081447	-10.687101	-43.87883	27.958456	7.7081447	43.87883	10.687101	-0.09013266	0.021942653	-0.03512849	-0.13580015	841.0908	425.50504	1925.3517	114.21414	2.6875246	1.2814034	5.9587517	0.3754217
25	25999	2040.7306747436523	2213.289	867.8156	3081.1047	1345.4735	708.0	2997.4434	0.0	2997.4434	2997.4434	1000.0	225.64134	69.91241	297.42285	-28.281485	1.5432291	0.9895019	2.6930275	27.872684	-11.9620495	-229.09918	0.1494027	0.0010299847	0.15181237	0.14726415	-0.019918632	0.93395615	0.77353704	9.256374	2.399087e-06	308.23846	15.17835	323.95575	246.54762	301.04343	11.225215	317.19055	254.53665	281.61996	11.065438	294.33337	235.67389	-19.423471	3.9183834	-9.295429	-33.103676	19.423471	3.9183834	33.103676	9.295429	-0.06451743	0.012569917	-0.030976295	-0.10505552	392.62494	163.51947	1095.8534	86.40501	1.3013074	0.5225926	3.477724	0.28793797
26	26999	2138.8753209114075	3030.0806	0.0	3030.0806	3030.0806	1000.0	3026.9285	0.0	3026.9285	3026.9285	1000.0	228.1686	69.66247	296.9607	-26.355648	1.5360198	0.9675174	2.686096	28.60731	-13.399864	-231.49484	0.14358747	0.002064682	0.14725067	0.14005467	-0.062997505	0.92101896	0.7657858	9.868182	1.66893e-06	294.7748	39.65712	330.02884	123.01969	288.41547	38.080463	322.05582	117.823044	282.5864	10.943308	294.44934	235.14734	-5.82908	38.144115	170.44331	-38.01261	28.524612	25.986504	170.44331	0.015280304	0.0059613255	0.2148301	1.4466043	-0.1206661	1488.9517	3771.5728	29050.922	0.00023348768	7.887154	26.797226	246.56401	8.3747364e-07
27	27999	2237.142236471176	3254.6677	0.0	3254.6677	3254.6677	978.0	3092.3723	0.0	3092.3723	3092.3723	1000.0	231.51013	69.75682	298.4865	-23.518208	1.559463	0.997386	2.7047493	32.028328	-12.933006	-234.77145	0.13921566	0.0006825823	0.14020874	0.13790286	-0.005092205	0.91090846	0.76665145	11.537556	2.9820949e-06	274.21014	66.00405	325.0493	5.526689	262.57663	65.038	316.35446	5.526689	256.78253	60.136066	298.31122	3.0006769	-5.7940774	11.242391	25.510803	-27.038733	11.244087	5.7907853	27.038733	0.003964495	-0.011585867	0.09329627	1.7717874	-0.4544563	159.9627	134.12242	731.0931	1.5717222e-05	0.6837694	1.3006395	31.392305	5.6718548e-08
28	28999	2336.3380863666534	3220.4268	0.0	3220.4268	3220.4268	1000.0	3162.5295	0.0	3162.5295	3162.5295	1000.0	235.27975	70.18596	304.22217	-23.824465	1.5327011	0.99241614	2.706837	30.033516	-10.607301	-238.54884	0.13955478	0.0011474489	0.14121418	0.13731031	-0.0149281565	0.9022685	0.76321036	10.710548	8.940697e-08	319.30228	18.284258	339.47092	252.9173	310.65768	16.048267	328.80356	256.4402	289.7147	12.35398	301.7921	237.22672	-20.942936	8.752148	20.20472	-32.740334	22.026686	5.480127	32.740334	0.04290525	-0.066583425	0.028846584	0.078288704	-0.1031513	515.20667	193.98817	1071.9296	0.0018408605	1.6449045	0.5910349	3.2633312	6.3078996e-06
29	29999	2435.1354596614838	1980.5028	427.8197	2408.3225	1552.6831	593.5	3157.4937	0.0	3157.4937	3157.4937	1000.0	238.09767	71.09822	306.96777	-24.973864	1.5605859	1.0049886	2.6744583	30.172346	-10.579126	-241.2294	0.13724789	0.0006772	0.1388711	0.13603279	0.009930068	0.899717	0.7631178	8.962137	1.0430813e-07	319.37607	17.859144	339.1595	248.6897	311.6574	14.8716545	330.75156	253.11794	293.38156	13.298451	305.6728	239.00734	-18.27587	4.657733	-9.692759	-37.458458	18.27587	4.657733	37.458458	9.692759	-0.058445066	0.013718713	-0.0326914	-0.115737244	355.7018	184.89111	1403.136	93.94956	1.1307923	0.55933136	4.3353386	0.32319012
30	30999	2533.3436737060547	1547.1039	246.49988	1793.6038	1300.604	456.5	3114.2764	0.0	3114.2764	3114.2764	1000.0	239.2426	71.42944	310.56418	-27.962666	1.5639206	0.99732214	2.652107	30.363716	-12.293633	-242.23537	0.1390396	0.000783873	0.14047644	0.13761155	-0.005233569	0.89778	0.76077986	10.420417	5.2265823e-06	314.70496	17.415234	335.12857	246.55675	309.79736	14.700904	329.7905	253.59566	294.86703	14.650712	309.70505	238.3151	-14.930337	4.6004057	-3.6087673	-25.68458	14.930337	4.6004057	25.68458	3.6087673	-0.04820848	0.014833515	-0.0116599165	-0.081553355	244.07866	133.56589	659.69763	13.023201	0.7867284	0.4266945	2.0067868	0.042077925
31	31999	2632.1238598823547	1683.1093	0.0	1683.1093	1683.1093	496.0	3166.821	0.0	3166.821	3166.821	1000.0	240.63315	71.24716	312.41446	-29.00534	1.5337106	1.0132788	2.6344457	28.883787	-10.73283	-243.53218	0.13990775	0.00095494505	0.14209963	0.1381398	0.026194228	0.90275383	0.76205844	9.939541	3.5017729e-06	321.02643	18.024984	345.54916	251.4148	313.1194	14.332031	332.88336	259.03607	295.18646	14.790176	309.28772	239.46657	-17.932913	7.7431674	7.884198	-33.92733	18.104774	7.3323364	33.92733	0.112251945	-0.057185553	0.024637707	0.026561273	-0.10625228	381.54602	246.8627	1151.0638	0.012600498	1.214448	0.7749753	3.6048565	4.116759e-05
32	32999	2731.173927307129	3165.5652	0.0	3165.5652	3165.5652	1000.0	3197.6943	0.0	3197.6943	3197.6943	929.0	242.55603	70.98951	313.44272	-27.90001	1.5569046	1.0132353	2.6050289	27.283703	-10.662526	-245.38164	0.14295846	0.0012197588	0.14511368	0.14101358	0.02582784	0.9055065	0.7575122	10.841892	2.682209e-06	329.24213	19.834005	352.6208	253.2964	322.20184	16.499058	347.02625	263.46725	296.17978	14.875424	313.891	239.68973	-26.022032	6.4589753	-0.8590667	-37.776474	26.022032	6.4589753	37.776474	0.8590667	-0.08053609	0.019295463	-0.0029594495	-0.11028095	718.86444	279.00986	1427.0619	0.7379956	2.2172546	0.8284457	4.1660256	0.0025423644
33	33999	2830.7265198230743	2507.5408	690.7869	3198.3276	1816.7538	770.0	3153.2473	0.0	3153.2473	3153.2473	1000.0	245.73564	71.07896	315.69388	-31.595856	1.5545422	0.993123	2.5984824	29.598991	-13.34605	-248.53441	0.14387593	0.00043082837	0.14468569	0.14258681	-0.013303968	0.906563	0.75814676	9.915949	6.556511e-07	315.827	17.278028	330.7417	247.94278	313.97714	14.756862	329.4456	258.13248	300.02667	15.395735	313.08304	240.5722	-13.950504	2.9377718	-4.243165	-21.3222	13.950504	2.9377718	21.3222	4.243165	-0.044611838	0.010213595	-0.013689629	-0.07160786	203.24709	77.615204	454.63623	18.004448	0.6513141	0.2620727	1.3913032	0.05808735
34	34999	2929.896015882492	3254.6997	0.0	3254.6997	3254.6997	1000.0	3244.8826	0.0	3244.8826	3244.8826	1000.0	248.77193	70.61032	318.20258	-29.486467	1.7604103	1.004736	2.5845919	28.073843	-10.594171	-251.54506	0.14434378	0.0007273294	0.14592853	0.14261322	0.009264337	0.9030074	0.7546805	9.749989	7.1525574e-07	326.03214	20.17709	349.05334	250.31958	323.0013	17.097792	344.15118	260.8346	302.4759	16.198902	318.1656	242.26862	-20.525433	3.4971828	-11.5315	-30.32592	20.525433	3.4971828	30.32592	11.5315	-0.063541025	0.010096257	-0.035901252	-0.08863525	433.52374	147.15979	919.66144	132.9755	1.3373319	0.42570567	2.6879456	0.41399527
35	35999	3028.567040681839	3234.8552	0.0	3234.8552	3234.8552	1000.0	3285.4395	0.0	3285.4395	3285.4395	1000.0	251.78572	69.71407	320.67105	-38.704166	1.4513546	0.9938385	2.568885	26.210613	-11.689525	-254.50735	0.14235696	0.0005902174	0.14371897	0.14101355	-0.011936987	0.8979199	0.75420547	8.931239	4.0233135e-07	285.28436	70.04637	343.99292	3.7156293	275.18536	72.92487	337.36356	3.7156293	277.40414	52.97373	318.91638	25.607895	2.2187748	25.38545	81.4901	-25.82165	19.826454	16.00799	81.4901	0.07743738	0.094706975	0.3970493	3.7610557	-0.0815878	649.34406	1136.7634	6640.636	0.005996548	6.478634	20.346216	172.86497	1.9389785e-05
36	36999	3128.154577732086	1726.1937	523.95374	2250.1475	1202.24	511.0	3231.1577	0.0	3231.1577	3231.1577	1000.0	252.73723	71.1259	321.65912	-37.379314	1.637219	0.9826816	2.5757267	28.430054	-11.518012	-255.33281	0.14195319	0.0016129056	0.14395338	0.13821845	-0.033941757	0.8997056	0.7542445	12.269765	3.5762787e-07	324.89737	19.66651	347.8276	250.9106	321.9529	17.022797	341.035	260.53253	304.3365	16.22669	321.5678	243.73288	-17.616428	3.0279663	-10.478095	-25.74167	17.616428	3.0279663	25.74167	10.478095	-0.054712627	0.008711458	-0.031556167	-0.07587493	319.5071	109.4617	662.6336	109.79048	0.9886658	0.3163314	1.9513121	0.3306485
37	37999	3227.6012444496155	1190.2074	0.0	1190.2074	1190.2074	344.0	3279.6885	0.0	3279.6885	3279.6885	1000.0	252.71683	72.21385	322.066	-44.70977	1.613726	0.9975891	2.5864902	29.57516	-11.399612	-255.2639	0.13716137	0.00046889295	0.13850598	0.13627239	-0.004724134	0.8995337	0.7566057	10.954499	1.1920929e-07	326.3579	20.033672	347.9639	251.44345	324.6069	18.000633	343.47876	259.36407	305.42413	17.446863	321.1466	243.2138	-19.182787	3.3675692	-7.2648573	-25.974792	19.182787	3.3675692	25.974792	7.2648573	-0.059148006	0.010113911	-0.022838632	-0.07982604	379.31982	119.70087	674.6899	52.77815	1.1665636	0.35400623	1.9924083	0.1659194
38	38999	3326.9322917461395	3346.8853	0.0	3346.8853	3346.8853	1000.0	3273.2087	0.0	3273.2087	3273.2087	1000.0	254.42169	72.08984	323.3043	-37.395004	1.4494175	0.9794741	2.595429	29.303993	-10.876679	-256.95618	0.13571124	0.0016803601	0.1380217	0.13295196	-0.0409849	0.8939633	0.7563712	9.147913	2.1234155e-06	313.72	53.837784	351.841	5.408033	307.78433	55.876755	349.8411	5.408033	290.96695	48.411697	323.4922	3.7160213	-16.81739	10.2174	31.836613	-29.652498	18.195372	7.493221	31.836613	0.013222099	-0.047594503	0.06199516	0.5413694	-0.34928486	387.21988	236.22484	1013.56995	0.0001748239	1.3096087	1.2679155	16.927341	5.575263e-07
39	39999	3424.824938774109	3292.3735	0.0	3292.3735	3292.3735	1000.0	3298.5625	0.0	3298.5625	3298.5625	1000.0	257.42816	71.59616	325.39484	-21.697332	1.3908648	0.9871667	2.5884693	27.383442	-9.899315	-259.86328	0.13292383	0.0010812036	0.13465887	0.13049299	-0.025950465	0.8990853	0.7576983	9.275499	4.3958426e-07	328.67584	23.130068	352.3362	254.81424	325.19238	22.74104	349.85135	241.22588	304.35977	19.969719	324.19794	235.07422	-20.832626	6.655693	-0.5525579	-32.290974	20.832626	6.655693	32.290974	0.5525579	-0.06358237	0.019184748	-0.0018540797	-0.09403328	478.2966	232.31412	1042.7072	0.30532023	1.4493217	0.67295766	3.019451	0.0010244864
40	40999	3524.3802437782288	3260.941	0.0	3260.941	3260.941	1000.0	3250.6223	0.0	3250.6223	3250.6223	1000.0	259.90424	71.56079	328.14563	-23.978998	1.4180663	0.9583739	2.6085734	30.130682	-12.565416	-262.33374	0.12654313	0.0026196146	0.13048816	0.12153651	-0.08615742	0.8918865	0.75748557	11.21711	1.2218952e-06	332.46094	22.965504	363.0551	252.16057	329.96036	19.20377	355.61838	261.88446	307.94687	17.430841	326.924	243.41754	-22.013493	7.6210566	-10.602721	-42.938282	22.013493	7.6210566	42.938282	10.602721	-0.06639752	0.0211391	-0.032253448	-0.12447678	542.6744	400.43527	1843.6959	112.4177	1.6202409	1.1337402	5.344819	0.3437361
41	41999	3623.1281876564026	3276.527	0.0	3276.527	3276.527	1000.0	3255.382	0.0	3255.382	3255.382	1000.0	262.51886	71.5599	329.06424	-55.802685	1.3647903	0.96922386	2.604268	26.720648	-10.760284	-264.87216	0.118173204	0.0018113824	0.121838555	0.115294956	-0.06551578	0.8865657	0.75400954	8.112181	1.1920929e-07	312.41153	53.57053	348.8952	4.1981378	306.18845	54.86405	343.56976	4.1981378	295.67288	47.443302	327.57034	-4.611796	-10.515592	11.343269	52.91332	-24.998789	13.799347	6.9875216	52.91332	0.120011374	-0.027013266	0.094981864	0.7443322	-0.88099337	239.2474	290.38	2799.8193	0.014402729	1.1396991	3.3310423	36.388554	4.5695568e-05
42	42999	3721.2863285541534	2597.1716	700.0092	3297.181	1897.1625	776.5	3280.2234	0.0	3280.2234	3280.2234	1000.0	264.38016	71.55725	330.32626	-32.374977	1.2895427	0.9843364	2.6408079	29.548483	-11.902406	-266.66095	0.113679424	0.0012155181	0.11583366	0.11196561	-0.03390827	0.8829101	0.75723016	10.389591	8.624047e-07	330.49265	21.421469	350.82553	250.56058	328.72537	19.78976	349.82465	257.5187	311.86407	18.34763	328.92572	244.18318	-16.86131	3.3638623	-7.108209	-23.410963	16.86131	3.3638623	23.410963	7.108209	-0.0511803	0.009366252	-0.02389148	-0.073482506	295.6194	108.780426	548.0732	50.526634	0.8928003	0.31209353	1.5905057	0.16982564
43	43999	3820.4868483543396	3275.4124	0.0	3275.4124	3275.4124	1000.0	3327.7974	0.0	3327.7974	3327.7974	1000.0	266.06845	71.53674	332.0492	-30.041952	1.3033165	0.99538386	2.631632	26.230116	-10.535394	-268.31284	0.11228843	0.0003449119	0.112959996	0.11150477	-0.010043446	0.8790415	0.75855136	9.005983	5.364418e-07	334.4744	21.038378	360.00015	256.84088	328.72662	18.715704	353.9146	265.1507	311.89203	18.375977	328.41504	244.53653	-16.834618	9.276302	13.998089	-32.820503	18.02859	6.6651387	32.820503	0.112071894	-0.05095807	0.028688231	0.048523366	-0.09288099	369.4541	219.68489	1077.1854	0.01256011	1.1213278	0.65706885	3.0484009	3.8415703e-05
44	44999	3920.448546409607	3292.8142	0.0	3292.8142	3292.8142	1000.0	3316.3328	0.0	3316.3328	3316.3328	1000.0	268.07712	71.12779	332.17404	-31.122803	1.3441287	0.996513	2.6042035	28.643444	-9.826056	-270.3442	0.11258286	0.0008920544	0.11401844	0.11136308	-0.0075864485	0.8760452	0.7548099	9.041677	6.4074993e-07	336.81808	21.418173	359.05444	255.3827	336.13712	18.546177	354.30807	265.47516	313.5827	18.036879	329.73425	245.74658	-22.55441	2.5648315	-15.969131	-28.95337	22.55441	2.5648315	28.95337	15.969131	-0.06721334	0.007756249	-0.049951915	-0.0938758	515.2798	116.29541	838.2976	255.01315	1.5329978	0.3355508	2.545874	0.79768866
45	45999	4020.7179231643677	1492.7494	0.0	1492.7494	1492.7494	419.0	3295.1306	0.0	3295.1306	3295.1306	1000.0	268.98865	71.62705	333.54355	-27.035694	1.267015	0.9812795	2.6072907	27.767818	-11.020438	-271.15677	0.10951901	0.0010927024	0.111497514	0.10792602	-0.04133609	0.8723321	0.75220853	8.615467	3.0733645e-07	332.7197	21.25363	354.69177	253.94514	331.6569	18.96795	351.43597	262.4413	315.18295	19.19221	331.59097	244.4967	-16.473951	2.6676266	-10.030823	-24.535988	16.473951	2.6676266	24.535988	10.030823	-0.04987657	0.008873161	-0.030052885	-0.07736416	278.5073	90.58725	602.0147	100.6174	0.84340256	0.28070265	1.7846159	0.30145514
46	46999	4117.766861200333	3317.8945	0.0	3317.8945	3317.8945	1000.0	3301.4155	0.0	3301.4155	3301.4155	1000.0	270.20486	71.89004	334.8698	-34.343304	1.2130789	0.9810716	2.603528	29.119812	-10.15017	-272.37726	0.10634523	0.0009858803	0.10811121	0.1047648	-0.04236715	0.86818767	0.75104916	9.744562	4.582107e-06	330.27533	20.303598	353.32138	251.6346	326.27036	17.873325	346.37604	258.62726	315.9983	19.202852	333.52258	244.13025	-10.2720785	3.259462	-3.3216429	-19.892044	10.2720785	3.259462	19.892044	3.3216429	-0.0318049	0.011387383	-0.0101057915	-0.07421325	116.139694	71.78825	395.6934	11.033311	0.3629827	0.24639703	1.4762532	0.033567827
47	47999	4218.0399651527405	3295.0164	0.0	3295.0164	3295.0164	1000.0	3335.8088	0.0	3335.8088	3335.8088	1000.0	272.00748	71.45133	335.46707	-32.632324	1.2233286	0.9876082	2.6448894	28.909126	-10.340748	-274.1648	0.10365496	0.00078036345	0.10512435	0.102374844	-0.028035967	0.8639306	0.7517004	8.967768	1.4156103e-06	333.3337	22.020187	355.60382	251.98387	333.5433	20.72745	357.23444	262.12787	316.96188	20.290651	334.47363	244.48796	-16.58144	3.615953	-7.0136104	-26.107275	16.58144	3.615953	26.107275	7.0136104	-0.049800552	0.010875504	-0.020821474	-0.08094023	288.01923	118.83099	681.5898	49.190727	0.8627695	0.3493322	1.9111469	0.1460337
48	48999	4317.431353807449	3325.2778	0.0	3325.2778	3325.2778	1000.0	3322.3472	0.0	3322.3472	3322.3472	1000.0	274.25238	70.82793	336.3976	-27.558702	1.2544518	0.9826	2.6395686	27.7366	-9.782723	-276.3668	0.10109463	0.0007344388	0.10256734	0.099489585	-0.039832454	0.86206394	0.75180656	9.150947	3.5762787e-06	336.17368	22.552525	363.68213	255.1096	333.08273	19.894745	354.21262	261.3208	317.82068	19.058807	335.28943	245.73575	-15.262056	2.7827897	-9.680272	-23.837357	15.262056	2.7827897	23.837357	9.680272	-0.04582138	0.0077916007	-0.028454524	-0.06825312	240.67429	89.856445	568.2196	93.70767	0.7194687	0.252599	1.626974	0.27616972
49	49999	4417.385493516922	3344.8713	0.0	3344.8713	3344.8713	1000.0	3357.0127	0.0	3357.0127	3357.0127	1000.0	276.2094	70.65294	337.26807	-29.790312	1.1412529	0.97252643	2.6480334	29.999578	-14.28044	-278.2627	0.097712874	0.0012845502	0.09967007	0.09533687	-0.06394931	0.8609437	0.75108474	8.965451	1.7881393e-07	331.02417	51.662315	360.28937	1.6387537	328.8534	50.668106	356.5943	1.6387537	317.4068	20.897793	336.41962	246.73502	-11.446547	38.51518	278.80087	-23.893505	22.063515	33.58041	278.80087	2.3609297	0.30114362	2.5960588	27.880089	-0.073600836	1614.4426	8972.735	77729.93	5.5739894	90.39389	678.3796	7772.993	0.019203257
50	50999	4517.561842679977	3388.7595	0.0	3388.7595	3388.7595	1000.0	3380.9138	0.0	3380.9138	3380.9138	1000.0	278.54865	69.84482	338.59662	-30.435192	1.1954255	1.0094098	2.6361926	29.210987	-10.534375	-280.58325	0.09519172	0.0003526106	0.096583	0.09461593	0.022120036	0.85626847	0.749613	8.295403	3.6880374e-07	338.64005	22.494408	358.56763	255.94049	337.36948	20.818596	358.85434	261.60587	320.85583	20.338425	337.9486	248.56241	-16.51364	2.6800404	-8.427587	-25.92326	16.51364	2.6800404	25.92326	8.427587	-0.049028162	0.007810309	-0.025055343	-0.086482	279.8829	88.060295	672.0154	71.024216	0.82879597	0.2517664	2.2418954	0.21115607
51	51999	4616.8564648628235	3399.2668	0.0	3399.2668	3399.2668	1000.0	3449.9348	0.0	3449.9348	3449.9348	1000.0	280.16476	69.825584	339.96033	-36.538536	1.105857	0.9892369	2.6147933	27.833899	-11.441601	-282.1958	0.09623545	0.00035205172	0.09681325	0.09502514	-0.025187887	0.84765416	0.746868	8.862275	6.556511e-07	334.5782	25.332945	365.0587	243.75415	324.86453	24.621603	356.16983	225.16986	318.25363	19.88394	338.71155	247.71321	-6.6108694	13.731507	47.39939	-20.911036	13.518603	7.035998	47.39939	0.036852945	-0.018276637	0.04756787	0.20933811	-0.06643905	232.25789	295.47946	2246.7021	0.0013581394	0.7695729	1.179746	9.922499	4.025867e-06
52	52999	4716.875950336456	2700.4727	681.6921	3382.1648	2018.7806	789.0	3328.2542	0.0	3328.2542	3328.2542	1000.0	281.84906	69.83843	341.47025	-32.55557	1.2272567	1.002231	2.595394	34.5326	-15.2495575	-283.81943	0.095068514	0.00041152156	0.09585938	0.09422791	0.0053110104	0.8422763	0.7415679	8.698934	4.0233135e-07	335.1022	21.705729	358.8926	255.54448	332.74768	19.167553	354.4377	263.1665	320.49905	20.364822	340.2452	246.57782	-12.248641	4.59553	1.8224977	-21.521034	12.261183	4.561962	21.521034	0.012135769	-0.037104644	0.014670178	0.0054405485	-0.07126572	171.14812	98.6177	463.15488	0.00014727689	0.520416	0.31052846	1.5337119	4.3966034e-07
53	53999	4816.618472099304	2523.2124	0.0	2523.2124	2523.2124	714.0	3398.2397	0.0	3398.2397	3398.2397	1000.0	282.59686	69.20518	343.2208	-27.382555	1.3773257	1.0050019	2.6093457	30.642387	-12.148062	-284.5642	0.095058896	0.0005543487	0.09604523	0.09397139	0.011789263	0.84292865	0.7452991	9.352169	4.529953e-06	334.73523	25.71867	362.64166	244.1759	328.1333	26.276684	356.47055	221.49532	318.46588	22.224863	340.6762	246.12201	-9.667376	10.927341	39.532322	-21.534874	13.702528	5.010554	39.532322	0.078118056	-0.027876664	0.038518824	0.17668857	-0.07620246	212.86493	173.96725	1562.8046	0.00610243	0.68722415	0.7192465	6.9849095	1.874394e-05
54	54999	4916.464759111404	3434.2607	0.0	3434.2607	3434.2607	1000.0	2784.5269	0.0	2784.5269	2784.5269	776.0	283.0854	69.1428	342.1161	-40.420166	1.2465059	0.99368733	2.5764027	27.998522	-10.989555	-284.9703	0.0963724	0.0006359762	0.097525746	0.095059894	-0.014762371	0.847719	0.74701977	10.411109	5.4575503e-07	336.46646	34.74572	371.2725	169.82877	325.82968	34.953186	360.6197	158.13766	314.0325	28.383165	341.5629	183.02402	-11.797209	11.412517	28.614819	-27.265806	15.391692	5.7022386	28.614819	0.018544568	-0.033172388	0.040658895	0.16374595	-0.076203525	269.4197	163.33426	818.8078	0.00034390102	0.8467339	0.5629929	4.6855607	1.0534851e-06
55	55999	5015.3853969573975	2715.7065	862.9797	3578.6863	1852.7269	765.5	3419.2302	0.0	3419.2302	3419.2302	1000.0	283.91473	69.06925	342.5629	-22.398811	1.3432238	0.98673403	2.5866625	26.738678	-11.538267	-285.78705	0.09452715	0.0010351529	0.095923826	0.09276518	-0.03130426	0.84905255	0.7469893	8.5239525	4.172325e-07	323.42752	44.671288	367.93677	107.05109	311.31412	44.740013	357.37393	103.98941	307.89493	34.308746	341.52985	99.93495	-3.4192035	16.60008	47.835804	-24.96153	14.621663	8.570915	47.835804	0.031379648	-0.0029057204	0.0705842	0.36380884	-0.08214208	287.25366	327.20294	2288.2642	0.0009846824	1.1359829	1.921663	17.403088	2.9585674e-06
56	56999	5112.45371222496	3351.6606	0.0	3351.6606	3351.6606	1000.0	3413.6392	0.0	3413.6392	3413.6392	1000.0	284.2828	69.29532	342.69275	-21.825157	1.4511636	1.0070221	2.5944526	26.409653	-11.352856	-286.14206	0.09342093	0.0005231246	0.09417756	0.092312075	0.01669363	0.8539622	0.7521258	8.989045	0.0	342.00052	23.134754	368.87073	255.2044	332.4865	20.208881	356.56528	256.08664	321.04196	21.032404	340.48328	246.69505	-11.444543	7.7252135	15.006773	-25.690878	12.576838	5.699091	25.690878	0.001770129	-0.034479603	0.023699125	0.0494296	-0.07709946	190.6565	146.03976	660.0212	3.1333564e-06	0.57608175	0.4429657	1.9258353	9.544333e-09
57	57999	5212.609511852264	3068.8247	0.0	3068.8247	3068.8247	874.0	3381.282	0.0	3381.282	3381.282	1000.0	284.85098	68.826385	342.88867	-21.781507	1.3312862	1.0018892	2.5892053	27.760242	-12.192358	-286.681	0.09469814	0.00045582364	0.09555414	0.09360971	0.0045328904	0.8440353	0.74851966	8.428829	2.156943e-06	331.70306	29.051744	361.04138	203.76451	324.22626	29.740047	353.22107	186.58698	314.31036	25.95071	339.90692	216.35565	-9.9158945	8.341645	31.90749	-24.852139	11.674081	5.6235065	31.90749	0.14186823	-0.029052978	0.030206183	0.16953091	-0.07842814	167.908	134.14665	1018.08795	0.020126598	0.53551036	0.5051736	5.409306	6.3055326e-05
58	58999	5311.985916137695	2953.037	0.0	2953.037	2953.037	842.0	3398.399	0.0	3398.399	3398.399	1000.0	285.08646	69.35912	342.9921	-30.86444	1.3080871	0.9710695	2.5804994	27.219238	-11.590994	-286.82922	0.09164306	0.0015557704	0.09440974	0.08967511	-0.068918265	0.8372138	0.7438748	9.658683	3.33786e-06	292.57956	70.087494	361.12494	5.200382	280.5392	69.60019	343.0776	5.200382	278.89478	64.16091	340.0798	-2.008274	-1.6444082	11.96559	46.466587	-20.582912	9.179091	7.8500752	46.466587	0.04107932	0.0031924394	0.08198821	0.5666877	-0.7208656	145.87938	296.60077	2159.1436	0.0016875105	0.82812345	2.617793	22.916153	5.079032e-06
59	59999	5412.894616603851	2525.4238	0.0	2525.4238	2525.4238	699.0	3326.1125	0.0	3326.1125	3326.1125	1000.0	285.07007	69.52129	343.59036	-22.380959	1.2930079	1.0023252	2.6023116	24.014454	-11.664262	-286.82956	0.09036945	0.00055075675	0.091355085	0.08944325	0.0056556114	0.8455679	0.74903595	11.958142	1.3411045e-06	342.11768	22.151123	367.98993	259.41876	335.8669	19.130074	358.52414	261.31256	321.69824	20.261982	339.80853	246.27151	-14.168641	4.916484	-3.9518871	-28.016535	14.168641	4.916484	28.016535	3.9518871	-0.042459816	0.015313725	-0.011810045	-0.08817639	224.92218	153.8672	784.9262	15.617412	0.6750969	0.4656397	2.4703968	0.046671964
60	60999	5512.13588809967	3385.934	0.0	3385.934	3385.934	959.0	2183.6023	0.0	2183.6023	2183.6023	603.0	285.60385	69.26542	343.17477	-22.379519	1.3999561	0.9974509	2.6080697	24.68784	-10.53517	-287.3429	0.09041934	0.00052502676	0.091349356	0.08953886	-0.0060751988	0.8503034	0.75201625	14.75846	7.0929527e-06	327.62732	37.5832	360.15878	124.11298	319.75742	36.648174	351.24557	122.85394	309.9451	36.16491	340.86328	116.97781	-9.812336	6.8529983	11.657263	-21.165379	10.834497	5.0851927	21.165379	0.026925366	-0.030485218	0.022822903	0.056309566	-0.1180213	143.2455	109.53219	447.97324	0.0007249754	0.45233268	0.3623431	1.9170567	3.3062222e-06
61	61999	5612.1384973526	2696.7925	0.0	2696.7925	2696.7925	753.0	3348.5105	0.0	3348.5105	3348.5105	1000.0	286.44144	69.167595	343.8176	-31.186625	1.4166628	1.009415	2.6090343	26.458807	-12.311514	-288.17477	0.08996043	0.0005495687	0.09153131	0.089152575	0.022660816	0.8502697	0.7536239	10.242765	1.7881393e-07	326.41605	57.17621	372.18457	5.549329	315.98904	58.144497	364.13345	5.549329	304.10406	52.487724	340.74628	-0.48129928	-11.8849535	11.257272	25.884768	-31.945265	14.445383	7.701244	31.945265	0.014185546	-0.02962371	0.06488594	0.47527218	-0.6030628	267.97824	235.92609	1020.5	0.0002012297	0.91655946	1.0685678	12.184389	6.096011e-07
62	62999	5712.0709891319275	3325.3042	246.41333	3571.7175	3078.8909	925.0	3440.1345	0.0	3440.1345	3440.1345	1000.0	287.1437	68.732735	343.88892	-23.689545	1.5415068	1.001703	2.6074767	28.593628	-10.065725	-288.84238	0.091669366	0.0004307275	0.09241419	0.09089983	0.0041176435	0.8552594	0.7577588	14.13731	5.5879354e-07	327.8243	56.662697	373.01334	5.040974	321.60013	57.09261	367.8166	5.040974	304.1834	56.855885	341.68964	-26.053066	-17.416702	7.7917733	18.96375	-39.847218	17.748642	7.0027785	39.847218	0.01614295	-0.06059743	0.13472535	1.0051711	-3.109404	364.05325	267.2333	1587.8008	0.00026059485	1.359577	3.6104991	96.68394	7.799418e-07
63	63999	5811.702754020691	1529.7881	0.0	1529.7881	1529.7881	416.0	1614.1992	0.0	1614.1992	1614.1992	447.0	287.57074	68.84839	344.73932	-27.010733	1.3070933	0.98500454	2.6107268	27.78255	-9.792145	-289.30606	0.09053967	0.00054909254	0.091636755	0.08933545	-0.03598634	0.8562878	0.7579653	8.610951	1.3411045e-06	280.9384	81.5295	355.5009	3.714642	262.98578	80.893135	334.783	3.714642	267.81775	76.43711	341.66647	-29.69316	4.831953	13.495689	46.107677	-34.79813	10.570628	9.682108	46.107677	0.0013495081	0.035986885	0.22210214	0.8514485	-3.479813	205.4814	362.5192	2125.918	1.8211721e-06	1.9052007	7.162105	121.09099	1.0959471e-08
64	64999	5912.157526731491	2496.5283	889.92236	3386.4507	1606.606	721.5	3418.9216	0.0	3418.9216	3418.9216	1000.0	288.15015	68.75391	344.77145	-14.524679	1.2496496	1.009715	2.6042397	25.427887	-10.632346	-289.8187	0.08968306	0.0004554716	0.090751454	0.088939905	0.023444293	0.8605942	0.7580239	9.400238	2.2351742e-06	327.6516	49.966972	369.13254	58.295876	318.65912	50.89935	360.09546	53.122547	310.7348	42.56127	342.8274	60.171227	-7.924321	13.194479	39.265	-31.888489	13.981518	6.4347725	39.265	0.2515342	-0.016175766	0.06673854	0.4338881	-0.1014226	236.88913	220.07579	1541.7402	0.063269444	0.93639874	1.6746639	17.036617	0.000188718
65	65999	6013.191475868225	3388.3618	0.0	3388.3618	3388.3618	1000.0	3382.9373	0.0	3382.9373	3382.9373	1000.0	288.9793	68.408035	345.57394	-20.814457	1.2698412	0.9899479	2.60281	28.232967	-10.377832	-290.60138	0.09013356	0.0006023077	0.09125256	0.08908768	-0.024140123	0.8511106	0.75389326	10.2665	4.917383e-07	338.96854	22.519306	363.80743	258.2261	337.1379	19.790688	358.13205	266.48697	324.42252	21.670872	343.89297	248.69168	-12.715392	3.1131794	-4.8343196	-21.719978	12.715392	3.1131794	21.719978	4.8343196	-0.038211014	0.011514712	-0.0140814055	-0.07987887	171.37311	84.39622	471.75745	23.370646	0.5206481	0.29379842	1.7349672	0.06807402
66	66999	6113.79371714592	2006.6609	0.0	2006.6609	2006.6609	554.0	3499.7437	0.0	3499.7437	3499.7437	1000.0	289.74487	68.37226	345.98465	-29.500574	1.284585	0.9894034	2.5910919	27.555958	-11.329104	-291.3643	0.08860573	0.0005365429	0.08959764	0.08755712	-0.025655942	0.8516595	0.7501206	10.821202	4.3213367e-07	345.4066	23.527706	368.8257	260.45337	340.4596	20.054049	359.52936	269.45184	325.0281	21.356619	346.3763	248.18678	-15.431466	3.2760074	-6.7086163	-25.593052	15.431466	3.2760074	25.593052	6.7086163	-0.04572686	0.011380479	-0.0190968	-0.0869204	248.86237	107.521835	655.00433	45.005535	0.7410781	0.34525955	2.0724878	0.12811309
67	67999	6214.475038528442	2050.1045	790.02576	2840.1304	1260.0789	570.5	3347.0105	0.0	3347.0105	3347.0105	1000.0	290.0707	68.73969	346.06668	-32.960632	1.2598035	0.9925151	2.6345134	28.720985	-11.200796	-291.71292	0.08703134	0.00025736043	0.087668374	0.086457714	-0.018213088	0.8482352	0.7509896	17.677801	1.7285347e-06	339.6528	24.061256	367.5832	254.22029	336.08502	20.873014	355.80185	259.0465	324.8306	21.486942	345.2472	248.59918	-11.254435	2.1855547	-6.687092	-17.347565	11.254435	2.1855547	17.347565	6.687092	-0.033740208	0.0075502126	-0.0196583	-0.05795255	131.43896	51.285603	300.938	44.717194	0.39526734	0.16431081	0.9393848	0.13145685
68	68999	6314.307042360306	2089.7605	46.64337	2136.4038	2043.1171	588.0	3429.5874	0.0	3429.5874	3429.5874	1000.0	289.90607	68.89534	345.99814	-27.60231	1.2348852	0.986468	2.618806	26.811764	-14.041455	-291.4596	0.085224345	0.00069264567	0.08655804	0.084062405	-0.03318475	0.8478376	0.7507957	9.215401	4.2840838e-07	327.34625	34.27712	362.8478	182.75713	314.70166	33.69864	346.6166	173.10902	304.5566	38.13978	343.8739	150.30934	-10.145054	8.556154	14.484386	-31.347641	11.359226	6.8627877	31.347641	0.03177286	-0.034193724	0.03087344	0.04529258	-0.14336573	176.12988	192.1304	982.67456	0.0010095147	0.6039273	0.7156978	3.6064606	3.0734068e-06
69	69999	6414.963342666626	1426.7476	144.95325	1571.7008	1281.7943	406.5	3426.4763	0.0	3426.4763	3426.4763	1000.0	289.80524	68.85487	346.23447	-27.09943	1.3689078	1.0097796	2.6136703	25.60696	-11.189756	-291.3495	0.08504488	0.00038844434	0.08605837	0.084273316	0.024119632	0.8411771	0.7524263	10.081375	7.1525574e-07	341.16382	21.950006	361.06635	259.23492	332.7828	18.122025	353.5102	267.61304	324.3484	21.036724	343.61554	248.13396	-8.43442	7.491316	13.8374195	-22.175116	9.999557	5.221887	22.175116	0.005338312	-0.025760826	0.023904592	0.04315065	-0.080511056	127.25924	106.84745	491.73578	2.8497576e-05	0.39511418	0.36204153	1.7698557	8.556886e-08
70	70999	6513.844276428223	2234.045	39.290894	2273.336	2194.7542	619.5	3377.415	0.0	3377.415	3377.415	1000.0	289.7823	68.81548	345.77725	-25.055153	1.3842173	1.0150713	2.6186981	25.685055	-10.873518	-291.34583	0.08644913	0.0008972849	0.08826101	0.08529651	0.0368589	0.84454685	0.7537457	9.59934	4.284084e-06	341.8892	22.178934	362.93814	259.2222	333.3423	17.8904	350.9787	266.07138	324.51596	20.821535	343.01703	248.24496	-8.826336	3.9328117	0.24363649	-21.884605	8.827042	3.9312289	21.884605	0.0045725927	-0.027065167	0.01392183	0.0007270105	-0.08017028	93.37122	82.47092	478.93594	2.0908601e-05	0.2930535	0.2898427	1.7544949	6.185349e-08
71	71999	6615.141173362732	1781.4493	0.0	1781.4493	1781.4493	493.0	3443.4954	0.0	3443.4954	3443.4954	1000.0	290.13745	68.56174	346.10248	-26.818155	1.4228925	0.9662308	2.5845916	29.695587	-12.351498	-291.61093	0.08541335	0.0015375054	0.08837971	0.08326305	-0.082883134	0.84388137	0.7511927	8.464821	3.2186508e-06	345.895	22.259907	366.7238	262.82004	337.74774	20.10169	360.5215	262.11166	325.44666	21.18505	345.1411	247.80267	-12.301065	5.335144	4.5165277	-22.050642	12.542394	4.740074	22.050642	0.0054487647	-0.036680073	0.016797459	0.0136934	-0.078607135	179.77997	101.31757	486.23077	2.9689038e-05	0.5391789	0.32529026	1.664397	8.747703e-08
72	72999	6715.570662736893	3392.7583	0.0	3392.7583	3392.7583	1000.0	2105.2114	0.0	2105.2114	2105.2114	577.0	290.91058	68.47243	346.37247	-28.997253	1.2669764	0.9949363	2.590486	29.134695	-11.6071415	-292.4354	0.08327187	0.0002908854	0.08378794	0.082696594	-0.012554693	0.8382571	0.7484189	9.694422	2.2649765e-06	305.41702	67.714195	356.8095	5.5621634	290.84546	67.08643	345.17657	5.5621634	287.15762	65.6907	341.47925	4.7284226	-3.687822	9.135876	17.509356	-29.34832	7.9676523	5.7948923	29.34832	0.0030464497	-0.008112365	0.045935817	0.19358167	-0.28684616	97.064255	128.86038	861.3239	9.280857e-06	0.39223385	0.5383102	3.4570632	3.4647982e-08
73	73999	6815.688228607178	2677.4648	885.2474	3562.7122	1792.2174	757.5	1550.8053	0.0	1550.8053	1550.8053	431.0	291.50787	68.41254	346.74643	-29.474213	1.2856975	1.0021034	2.5781186	31.567547	-10.741957	-293.01175	0.08171061	0.0006217105	0.08290499	0.08050802	0.0053120996	0.83553946	0.7451649	10.016182	3.2037497e-07	285.0	80.94039	356.4625	4.1451902	269.9387	79.277054	338.54648	4.1451902	268.03458	76.37106	339.78247	10.631167	-1.9040841	9.15118	23.215199	-23.366835	7.580481	5.468632	23.366835	0.005910189	0.0059807342	0.0706398	0.6485977	-0.12958974	87.369644	108.42506	546.009	3.493033e-05	0.43316257	0.8738613	10.10226	1.1537694e-07
74	74999	6917.190329313278	2346.5603	0.0	2346.5603	2346.5603	667.0	3080.2563	0.0	3080.2563	3080.2563	859.0	291.9161	68.47028	346.91226	-24.612505	1.3999931	0.99366283	2.5496469	29.09594	-10.68171	-293.35876	0.08283279	0.0003511894	0.083506666	0.08203057	-0.015762957	0.8325673	0.7426567	10.352781	3.0249357e-06	344.1611	23.602901	369.6629	258.80478	335.85345	20.52457	356.762	261.04352	324.9722	20.513058	343.79156	248.7425	-10.881243	2.7382689	-5.2581964	-19.13412	10.881243	2.7382689	19.13412	5.2581964	-0.03250997	0.008241116	-0.015521408	-0.05442754	125.89955	66.693054	366.11456	27.64863	0.37531117	0.1934512	1.0306501	0.081614606
75	75999	7017.697095155716	2192.611	140.94067	2333.5518	2051.6704	617.5	3241.6775	0.0	3241.6775	3241.6775	892.0	291.65805	68.72157	347.9991	-60.905922	1.3474697	0.99405956	2.528802	29.868935	-11.109428	-293.11176	0.08164746	0.0003726473	0.0823738	0.08105067	-0.0148234675	0.8320349	0.7421671	10.207586	5.364418e-07	334.14767	30.171177	370.00803	225.71036	318.8451	31.12811	356.99054	195.19502	318.17035	23.597763	346.06128	246.20956	-0.6747452	14.775088	54.302395	-20.109911	11.379363	9.448209	54.302395	0.013208563	0.0017011933	0.05622375	0.2625436	-0.0643924	218.75854	437.6132	2948.75	0.00017446614	0.8206447	1.9189935	14.188613	5.205182e-07
76	76999	7119.501762866974	3429.9832	0.0	3429.9832	3429.9832	1000.0	3389.3455	0.0	3389.3455	3389.3455	1000.0	292.10147	68.3312	348.4571	-28.59967	1.3666245	1.0020549	2.5364265	30.2526	-13.430549	-293.54712	0.0821105	0.0005660636	0.08335839	0.081311636	0.0052201883	0.8331943	0.742794	8.109956	8.2701445e-07	342.9246	23.841442	371.65308	258.6176	331.59338	20.207895	355.97137	264.57037	321.3009	21.840853	344.6515	247.78125	-10.292501	4.4890375	6.7782397	-21.378035	10.48491	4.0191703	21.378035	0.11679937	-0.031432603	0.014609224	0.020310916	-0.07160796	126.08705	83.88156	457.02042	0.013642093	0.38786393	0.27281618	1.3789358	4.0731084e-05
77	77999	7220.774134635925	3399.4382	0.0	3399.4382	3399.4382	1000.0	3411.5112	0.0	3411.5112	3411.5112	1000.0	293.20956	67.63802	347.986	-24.189978	1.3246871	0.9975479	2.5324383	28.304424	-10.335204	-294.62982	0.08191803	0.00035761704	0.08265104	0.08122518	-0.006095583	0.83105797	0.74092597	9.615857	1.1920929e-06	342.05652	23.839184	371.17892	258.1377	332.90192	20.14067	356.20636	263.46188	321.8487	23.224558	346.43466	248.59286	-11.053198	5.388366	4.656197	-33.230534	11.196651	5.0835676	33.230534	0.19823474	-0.033855144	0.017953677	0.013832752	-0.10322238	151.20767	154.66931	1104.2682	0.03929701	0.46988449	0.49851224	3.4301345	0.000116609735
78	78999	7318.891866207123	1885.0305	205.55096	2090.5815	1679.4796	518.5	3535.7554	0.0	3535.7554	3535.7554	1000.0	293.5197	67.858444	348.1792	-19.81102	1.3535908	0.9980779	2.5426247	24.753105	-10.615935	-294.94846	0.08182674	0.00047916945	0.08250455	0.080587834	-0.0047712135	0.8323933	0.7394049	12.198343	5.096197e-06	348.9041	24.668547	373.27982	260.19205	338.61523	20.690187	365.486	265.68637	326.756	21.019875	347.2456	248.63306	-11.85924	6.879136	19.445415	-23.284708	13.001888	4.3491354	23.284708	0.29205602	-0.035061616	0.02107648	0.0644188	-0.076958746	187.96408	112.27577	542.1777	0.08529672	0.55900276	0.33798757	1.6052843	0.00025635335
79	79999	7419.916157722473	2086.351	0.0	2086.351	2086.351	576.0	3481.24	0.0	3481.24	3481.24	969.0	293.86032	67.999466	348.216	-30.432064	1.3520217	0.9925808	2.530739	25.205862	-11.587219	-295.25787	0.0798714	0.000316644	0.080839306	0.07935881	-0.018653413	0.8240016	0.7348903	8.224957	1.1026859e-06	330.44434	49.719	374.8822	54.312885	318.56787	49.680965	366.2727	42.518288	311.61246	44.001633	347.69	75.1988	-6.95537	10.378026	42.14319	-24.307287	10.190824	7.226875	42.14319	0.0047453973	-0.013100763	0.07684954	0.8064974	-0.07395093	156.0806	195.23758	1776.0482	2.2518796e-05	0.7157686	2.413587	32.75484	6.769634e-08
80	80999	7521.397029399872	2297.3792	458.62994	2756.009	1838.7491	643.0	3458.7437	0.0	3458.7437	3458.7437	946.0	294.35028	67.8569	348.84277	-55.807922	1.3106861	0.9997193	2.5154824	28.33	-10.992109	-295.76746	0.080089845	0.0003112592	0.08058184	0.07946114	-0.00066840363	0.82940733	0.73442394	7.9946604	4.053116e-06	338.12344	26.79421	372.40308	259.61072	325.8752	25.297907	360.79953	236.36697	321.4275	24.10477	347.52493	242.35364	-4.4477196	12.475771	40.76064	-21.007421	10.877048	7.55757	40.76064	0.0057308315	-0.012724414	0.03970558	0.13937728	-0.07468032	175.42703	241.6678	1661.4297	3.2842432e-05	0.5502669	0.7986636	5.681107	9.7383754e-08
81	81999	7622.612467765808	3455.9814	0.0	3455.9814	3455.9814	1000.0	3463.4937	0.0	3463.4937	3463.4937	1000.0	294.70447	67.93888	349.06512	-37.15154	1.3120186	0.98211414	2.5110652	25.879715	-10.866058	-296.0607	0.078514144	0.0006382257	0.0799136	0.0774	-0.04542912	0.81811386	0.7321633	10.437907	6.482005e-07	344.83572	31.667177	374.84134	205.35126	333.43005	31.458984	365.84412	183.65678	321.61102	27.837341	347.10217	197.00636	-11.819081	7.673473	18.239923	-24.370888	13.317826	4.6052547	24.370888	0.09059392	-0.034227345	0.025305549	0.08677008	-0.071323365	198.57288	111.42648	593.9401	0.008207259	0.59587234	0.3380222	1.6519505	3.1696203e-05
82	82999	7724.235155344009	3446.0842	0.0	3446.0842	3446.0842	1000.0	3483.0525	0.0	3483.0525	3483.0525	1000.0	295.69922	67.33406	348.94183	-23.650112	1.3409334	1.0092884	2.53991	26.319183	-10.660695	-297.0615	0.07817024	0.0003065299	0.07878101	0.07736074	0.023731109	0.8237931	0.7370351	10.853765	8.940697e-07	349.28418	25.296923	373.9013	255.5429	341.8135	22.688116	364.85873	258.59833	328.2967	22.388273	348.29007	248.52432	-13.516795	4.0857162	1.4467162	-24.844223	13.531346	4.0372596	24.844223	0.03257345	-0.039605144	0.012776033	0.0048621125	-0.08019097	199.39682	96.071266	617.2354	0.0010610297	0.58589625	0.30229253	1.9922824	3.505179e-06
83	83999	7825.842907190323	1869.5059	89.49359	1958.9995	1780.0123	511.5	3472.9841	0.0	3472.9841	3472.9841	1000.0	295.90942	67.84168	349.42493	-32.305023	1.4177694	1.0149183	2.5337806	27.064995	-11.268471	-297.2403	0.07913884	0.0005817538	0.0806458	0.078337185	0.03780868	0.8285788	0.7390705	10.159457	1.3113022e-06	353.18018	26.487612	380.4679	263.24582	338.1447	21.554129	363.68787	264.50363	323.99377	22.50855	346.88007	248.94318	-14.150899	4.0712137	-5.544736	-29.363745	14.150899	4.0712137	29.363745	5.544736	-0.042177044	0.013027198	-0.016036926	-0.0886051	216.82274	125.04828	862.22955	30.744097	0.64799845	0.38328573	2.6017776	0.08892052
84	84999	7927.3124096393585	2085.208	38.023804	2123.2317	2047.1841	575.5	3427.0876	0.0	3427.0876	3427.0876	1000.0	295.9089	67.91362	350.83054	-26.154716	1.3997794	0.9831337	2.536202	28.673012	-14.73819	-297.2506	0.080995634	0.0011294232	0.082374275	0.07853371	-0.042612653	0.8324752	0.7423583	8.630754	3.1292439e-07	342.64633	23.096745	364.05737	257.63428	339.0437	20.861317	359.26718	263.05972	328.37442	21.878893	349.2732	249.45064	-10.669249	2.2637572	-6.2715054	-17.413502	10.669249	2.2637572	17.413502	6.2715054	-0.031804506	0.0083237495	-0.018030122	-0.064556494	118.95744	50.871994	303.23	39.33178	0.3572864	0.17452411	1.1226906	0.11310911
85	85999	8029.164724111557	2627.7256	0.0	2627.7256	2627.7256	746.0	3485.72	0.0	3485.72	3485.72	1000.0	296.20282	67.85465	350.1227	-30.217192	1.3174893	0.9963607	2.545653	26.890522	-11.6938305	-297.54404	0.07809872	0.0003172357	0.078753024	0.077554	-0.009225554	0.8271355	0.74000895	13.281258	2.3320317e-06	348.40274	21.933764	371.29797	264.6683	339.60522	18.459784	359.9505	265.9011	328.653	20.632536	347.65784	249.79932	-10.952261	4.262306	0.050180525	-20.935957	10.952356	4.2620606	20.935957	0.050180525	-0.03269349	0.01410576	0.00014677175	-0.07203965	138.11928	93.53532	438.31427	0.0025180848	0.41716006	0.30724016	1.4641095	7.365083e-06
86	86999	8131.008851528168	3583.6006	0.0	3583.6006	3583.6006	972.0	3450.653	0.0	3450.653	3450.653	1000.0	296.99554	67.62145	350.62836	-22.046276	1.3395339	0.99267745	2.5242584	25.129425	-13.455646	-298.28845	0.07685161	0.0003158406	0.078127906	0.07639084	-0.01867545	0.8195493	0.736323	14.18857	2.0563602e-06	345.08334	25.110645	368.79883	259.46484	335.32904	21.60614	360.4304	263.1669	325.6093	23.55796	349.7694	249.1083	-9.719757	3.9818141	1.3852639	-30.567247	9.749822	3.9076235	30.567247	0.093260646	-0.029479254	0.013323206	0.004107452	-0.09386814	110.32853	96.38698	934.35657	0.008697549	0.33866113	0.30887875	2.8692906	2.548421e-05
87	87999	8233.182031869888	3459.5415	0.0	3459.5415	3459.5415	1000.0	3569.9182	0.0	3569.9182	3569.9182	1000.0	297.5683	67.716034	351.3108	-26.368681	1.3705846	1.000981	2.5038528	28.290539	-11.681	-298.86377	0.07806978	0.0003158398	0.078710675	0.07696474	0.0025822658	0.82232815	0.73541653	11.71281	2.0861626e-07	338.12207	25.989626	369.39703	258.89783	328.30356	24.395258	360.54776	245.41283	327.83844	23.405327	350.34412	249.15552	-0.46510416	15.642269	56.829052	-19.766487	11.569353	10.537884	56.829052	0.22977494	4.411788e-05	0.052714117	0.20369865	-0.072488055	244.89691	530.3594	3229.5413	0.052796524	0.82259345	1.8514137	11.576001	0.00015504833
88	88999	8335.052464962006	2568.9653	0.0	2568.9653	2568.9653	701.0	2819.294	0.0	2819.294	2819.294	765.0	297.98322	67.653725	351.60843	-24.231499	1.2544523	1.0035657	2.5391328	29.207844	-11.654375	-299.26163	0.07780213	0.00055865064	0.078739546	0.07680045	0.009177558	0.8290319	0.7426285	8.886382	4.529953e-06	309.0614	71.18633	374.40698	4.9757395	295.57285	70.26031	361.5801	4.9757395	292.2161	67.5911	347.5857	-4.4439263	-3.3567736	11.606036	49.723274	-21.787275	9.303222	7.7083106	49.723274	0.0019428778	-0.0098887	0.07536539	0.3637075	-1.4269326	145.96799	278.4975	2472.4038	3.7747743e-06	0.5691077	1.3269398	21.194075	1.1162333e-08
89	89999	8438.220175266266	3270.4531	400.12683	3670.5798	2870.3262	891.5	3418.8008	0.0	3418.8008	3418.8008	1000.0	298.73212	67.28007	352.06058	-22.48549	1.4033792	0.9841543	2.5313191	27.467415	-14.217072	-300.00937	0.076533936	0.0005587315	0.07764005	0.07547149	-0.040680993	0.82620466	0.7371903	9.361368	5.2154064e-07	342.7394	23.428885	364.3682	258.86044	339.5176	21.724136	361.89166	263.22784	330.00293	22.593447	349.5209	250.41252	-9.514706	2.929065	-1.5381929	-17.009232	9.514706	2.929065	17.009232	1.5381929	-0.028320564	0.009796047	-0.0045004045	-0.057223603	99.10906	54.723984	289.31393	2.3660374	0.29715902	0.1798697	0.96104455	0.00692249
90	90999	8541.1016664505	1559.0897	0.0	1559.0897	1559.0897	426.0	3452.051	0.0	3452.051	3452.051	1000.0	298.97995	67.45704	352.49136	-26.004932	1.3351103	1.013871	2.5558271	31.155415	-12.626967	-300.2517	0.07668242	0.0009217211	0.07785602	0.07523332	0.035753127	0.83264095	0.74191415	10.179049	5.9604645e-08	350.06992	24.891186	373.98038	262.16687	343.5085	21.561523	365.3776	267.56042	330.8231	22.920792	351.37817	250.85832	-12.685361	2.580582	-6.994584	-20.166819	12.685361	2.580582	20.166819	6.994584	-0.03736461	0.009710682	-0.020133486	-0.07086936	167.5778	68.68553	406.70056	48.924206	0.4979166	0.23825039	1.4162415	0.14082536
91	91999	8643.631333589554	3008.8433	0.0	3008.8433	3008.8433	816.0	3465.1714	0.0	3465.1714	3465.1714	1000.0	299.42795	67.7087	353.3075	-20.577017	1.3554121	0.99602294	2.5106144	29.803776	-12.134838	-300.6912	0.07713999	0.00035671957	0.07770977	0.07631884	-0.010140146	0.82629275	0.7281489	9.064377	2.0861626e-07	341.56552	24.573038	367.08035	260.33353	333.76364	24.31818	365.41702	238.38837	326.64337	26.046242	350.84338	225.6293	-7.1202497	7.7187486	18.043478	-22.464405	9.210444	5.044278	22.464405	0.017027326	-0.021658173	0.02423687	0.055931255	-0.07364434	110.27703	100.604965	504.64948	0.00028992983	0.33984587	0.32526532	1.6508783	8.285219e-07
92	92999	8746.110024929047	3105.19	547.22595	3652.4158	2557.9639	850.0	3577.4426	0.0	3577.4426	3577.4426	962.0	299.96057	67.502625	354.68414	-29.478994	1.347465	1.0152628	2.5340958	32.88298	-11.3344555	-301.22888	0.07775331	0.0010290538	0.07905688	0.07618976	0.039044674	0.8274932	0.73523855	29.633877	8.791685e-07	351.65332	24.684933	379.10672	263.51633	341.78244	20.242788	365.39944	268.54486	330.20517	21.943062	349.47595	251.34729	-11.577265	4.7855754	1.7386265	-23.860643	11.597273	4.736882	23.860643	0.09923207	-0.03426926	0.015096247	0.0051169177	-0.0737573	156.93478	113.58969	569.3303	0.009847004	0.4674129	0.3478465	1.5863454	2.894477e-05
93	93999	8848.807116270065	3525.7375	0.0	3525.7375	3525.7375	963.0	2114.6748	0.0	2114.6748	2114.6748	567.0	300.32556	67.51583	353.84204	-18.681465	1.2767253	0.9858127	2.4881713	27.658867	-10.417002	-301.55948	0.078009464	0.0005423277	0.07883362	0.07691747	-0.03617598	0.8305857	0.7311578	8.764381	5.5134296e-07	347.56915	38.657677	386.69128	175.29132	332.6181	36.810925	369.3189	147.57916	319.69073	36.520313	350.3761	142.2086	-12.927356	9.3969555	22.35447	-31.802496	14.680556	6.3166885	31.802496	0.3007045	-0.039093565	0.02832921	0.069636874	-0.100700304	255.41928	191.35822	1011.39874	0.090423204	0.76387036	0.5481607	2.900024	0.00026204003
94	94999	8951.24733710289	3125.1682	0.0	3125.1682	3125.1682	859.0	1645.7057	0.0	1645.7057	1645.7057	472.0	301.12387	66.85515	354.27774	-19.529146	1.3581403	1.0029457	2.5566847	35.663834	-10.894548	-302.3777	0.07731203	0.00042056877	0.07815671	0.07662962	0.0076028495	0.83591896	0.7386934	11.543937	9.313226e-07	317.60187	55.362545	370.09882	5.6012473	306.61847	53.14455	357.21048	5.6012473	309.82285	57.77208	350.60138	-11.867498	3.2043908	18.908983	57.977325	-33.29912	14.348597	12.7253895	57.977325	0.1321312	0.0011823347	0.11574288	0.2068896	-1.7468746	367.81778	673.3142	3361.3704	0.017458655	1.4278644	2.8345144	30.515709	5.3491727e-05
95	95999	9052.861541032791	1507.3282	7.782715	1515.111	1499.5455	414.5	1996.3126	0.0	1996.3126	1996.3126	542.0	301.33942	67.36834	354.4049	-23.594517	1.3504368	0.9928238	2.52606	29.152168	-13.1408	-302.5867	0.07782632	0.00078239024	0.07915318	0.07640472	-0.018353269	0.828984	0.73235315	8.110627	2.0712614e-06	317.47275	68.59667	379.4095	4.941791	304.70175	66.018036	362.24286	4.941791	295.26132	64.48928	349.75732	7.7039595	-9.440444	8.142522	12.030155	-30.634617	10.773281	6.2736797	30.634617	0.044208307	-0.030393286	0.031222371	0.27621686	-0.14563577	155.42264	155.838	938.47974	0.0019543744	0.5055096	0.4964036	2.9006238	6.3507587e-06
96	96999	9156.088842391968	1943.9229	150.8393	2094.7622	1793.0836	532.0	3437.7686	0.0	3437.7686	3437.7686	1000.0	301.13138	67.3357	354.28918	-19.747036	1.3078423	0.9864422	2.5271451	25.856308	-11.940935	-302.35443	0.07519235	0.00070608844	0.07652245	0.07424688	-0.034991268	0.8277336	0.73231614	7.460476	1.7285347e-06	348.14178	24.581577	381.56723	261.4832	341.41074	20.615952	364.21072	267.2592	330.9385	22.13457	349.99268	252.46066	-10.472255	3.528078	-1.8134799	-22.23127	10.472255	3.528078	22.23127	1.8134799	-0.031071875	0.011737149	-0.0052557625	-0.0670923	122.11543	85.273964	494.2293	3.2887092	0.36564127	0.2687561	1.3818513	0.0095312195
97	97999	9259.627675294876	1554.5645	30.924866	1585.4893	1523.6395	428.5	3438.6228	0.0	3438.6228	3438.6228	1000.0	300.7558	67.71996	354.03635	-22.984774	1.3398494	1.0090108	2.5251932	28.806135	-11.715874	-301.98282	0.07437895	0.0005313779	0.07557872	0.073576584	0.023387851	0.8248278	0.7311819	8.882472	1.3299286e-06	345.23886	20.892103	366.224	263.55472	343.6473	18.945246	363.2424	269.14767	332.12772	21.25357	350.8864	252.08841	-11.519633	3.212144	-4.9507027	-21.20361	11.519633	3.212144	21.20361	4.9507027	-0.034034073	0.011628505	-0.0141874105	-0.07233627	143.01982	81.858986	449.59305	24.509457	0.42872977	0.28149337	1.522161	0.07023765
98	98999	9362.307910203934	2400.5667	636.3701	3036.9368	1764.1965	654.5	3519.5945	0.0	3519.5945	3519.5945	1000.0	300.57742	67.692856	354.0349	-27.558718	1.3363047	0.9920011	2.5353646	26.888939	-10.73617	-301.77283	0.075157605	0.00038138527	0.07585157	0.07448646	-0.020650558	0.82888067	0.73694026	8.773377	3.7252903e-08	329.28726	53.25121	378.03076	64.67765	314.73972	52.608223	365.7446	57.519722	301.4132	51.24419	345.36798	52.439503	-13.326475	7.2076044	8.0459585	-30.930647	13.512075	6.853345	30.930647	0.001315928	-0.042878665	0.025346372	0.035025265	-0.13685177	229.5445	203.56203	956.7049	1.7316663e-06	0.73421234	0.6809055	3.683967	9.861695e-09
99	99999	9465.187661647797	3449.4656	0.0	3449.4656	3449.4656	1000.0	1654.1154	0.0	1654.1154	1654.1154	450.0	300.96317	67.5954	353.96185	-25.372204	1.3400671	0.99340034	2.5138433	27.616182	-10.474959	-302.12662	0.07459099	0.00033177395	0.07539363	0.07377295	-0.01709128	0.82863194	0.7328867	10.344978	4.7683716e-07	351.8613	24.692776	378.04272	263.8908	341.21393	20.93564	361.47083	263.01974	329.3082	21.095568	348.98157	252.27731	-11.905739	3.0559936	-4.5899186	-21.07795	11.905739	3.0559936	21.07795	4.5899186	-0.035039995	0.009287519	-0.01348332	-0.06311242	151.08571	76.510414	444.27997	21.067354	0.4443803	0.22491257	1.2354674	0.061887346
