Epoch	TotalEnvInteracts	Time	AverageEpRet	StdEpRet	MaxEpRet	MinEpRet	EpLen	AverageTestEpRet	StdTestEpRet	MaxTestEpRet	MinTestEpRet	TestEpLen	AverageQ1Vals	StdQ1Vals	MaxQ1Vals	MinQ1Vals	LossQ1	AverageLogPi	StdLogPi	MaxLogPi	MinLogPi	LossPi	AverageAlpha	StdAlpha	MaxAlpha	MinAlpha	LossAlpha	AveragePreTanh	StdPreTanh	MaxPreTanh	MinPreTanh
0	999	1.4854211807250977	18.500225	16.669497	111.7164	6.185877	21.911112	60.742584	0.8712576	62.711597	59.419106	53.6	0.0	0.0	0.0	0.0	0.0	0.0	0.0	0.0	0.0	0.0	0.0	0.0	0.0	0.0	0.0	0.0	0.0	0.0	0.0
1	1999	1.884831190109253	17.70907	14.165849	67.205025	3.9594252	21.891304	60.742584	0.8712576	62.711597	59.419106	53.6	0.0	0.0	0.0	0.0	0.0	0.0	0.0	0.0	0.0	0.0	0.0	0.0	0.0	0.0	0.0	0.0	0.0	0.0	0.0
2	2999	2.306325912475586	17.825142	22.95943	140.58832	5.134584	20.375	60.72522	0.67172784	61.81471	59.33523	53.7	0.0	0.0	0.0	0.0	0.0	0.0	0.0	0.0	0.0	0.0	0.0	0.0	0.0	0.0	0.0	0.0	0.0	0.0	0.0
3	3999	2.765597105026245	15.418226	9.422609	55.177822	5.3764033	20.67347	60.627136	0.72425467	62.010853	59.745815	53.6	0.0	0.0	0.0	0.0	0.0	0.0	0.0	0.0	0.0	0.0	0.0	0.0	0.0	0.0	0.0	0.0	0.0	0.0	0.0
4	4999	3.2627434730529785	19.112518	15.365239	93.06457	6.7504177	22.533333	60.7536	0.50940776	61.215862	59.76718	53.8	0.0	0.0	0.0	0.0	0.0	0.0	0.0	0.0	0.0	0.0	0.0	0.0	0.0	0.0	0.0	0.0	0.0	0.0	0.0
5	5999	98.62481427192688	178.07735	127.0079	377.7992	8.302239	98.5	56.17475	1.0435967	57.46787	54.11418	34.3	90.08201	52.428757	182.30904	-19.773634	5.806364	-0.70441806	1.9305074	12.043929	-9.660063	-96.47606	0.88405895	0.061532173	0.99970007	0.78352344	-0.18780026	0.8555476	0.62219644	4.8853135	2.771616e-06
6	6999	194.28747534751892	234.09418	104.80285	339.53833	51.765495	108.0	355.19067	1.1571623	356.90784	353.289	163.8	180.69705	54.69328	229.60454	-35.332077	9.716636	-0.25015232	2.3882866	15.352375	-10.756865	-190.54634	0.6942165	0.05072737	0.78334403	0.60869753	-0.45797187	0.8974305	0.66978717	5.011589	1.7285347e-06
7	7999	290.0637242794037	316.9898	71.81192	365.58118	145.01828	149.14285	390.7093	1.6722116	393.36404	387.55948	203.2	188.97224	60.674343	232.17	-32.206406	5.93062	-0.30572784	2.4339411	16.475693	-10.512133	-197.8589	0.52939355	0.04415249	0.6085317	0.45539504	-0.8365793	0.87285227	0.6662207	6.361223	2.7418137e-06
8	8999	387.07523941993713	265.86313	129.9758	453.8038	131.48134	155.66667	652.82214	1.5342367	655.36346	649.62244	462.5	170.14896	53.444187	221.53485	-21.290304	4.393419	-0.42825845	2.42156	18.324432	-8.920702	-177.26068	0.39150664	0.035371643	0.45525542	0.33337483	-1.3479929	0.860889	0.66543543	5.380228	2.4437904e-06
9	9999	483.02456045150757	339.59415	14.448898	357.7884	317.7529	139.14285	387.52032	1.7164973	389.95776	384.22552	138.3	154.3105	47.060726	192.36673	-16.8105	2.4395897	-0.29694527	2.4300923	19.579838	-10.135899	-160.16771	0.28924426	0.023266155	0.33327138	0.25215954	-1.6038038	0.8676825	0.670438	5.8277726	1.3560057e-06
10	10999	579.320131778717	374.43094	126.565384	496.56772	89.90873	141.0	413.34735	1.4693046	415.5428	411.60016	160.5	153.58607	46.27114	189.77728	-19.416782	2.133122	0.11552742	2.531622	20.715317	-10.353632	-158.86496	0.22507982	0.014046985	0.25208914	0.20249322	-1.3118188	0.9035696	0.69681454	5.6327915	6.198883e-06
11	11999	674.6017322540283	448.18002	105.803825	636.181	355.34842	160.66667	199.47404	1.2058041	201.43427	197.22061	96.2	161.35968	49.47438	222.93925	-23.062202	2.9762251	0.68798023	2.605989	24.347454	-12.93219	-166.63266	0.18892157	0.00517998	0.20245202	0.18389922	-0.5125576	0.9472687	0.7340501	6.676404	2.6337802e-06
12	12999	770.9785571098328	733.8174	129.26656	950.6096	630.6751	235.0	566.97034	2.9488344	572.2077	562.2802	194.0	175.76402	53.583775	240.76942	-19.808249	3.042874	0.8729563	2.7854412	26.169249	-11.141547	-181.12897	0.17486724	0.0051903934	0.18388857	0.16854586	-0.21859476	0.9480744	0.75928307	6.611516	2.5331974e-07
13	13999	866.9851722717285	794.4113	63.246098	859.4692	725.3909	246.25	1084.6511	5.563439	1092.0632	1073.2085	323.3	191.9434	60.59554	252.1641	-22.253561	2.9769754	0.92865014	2.802601	25.796558	-11.75902	-197.46379	0.16903387	0.0033911902	0.17424414	0.16503584	-0.12642553	0.96783006	0.77892524	6.8133287	4.131347e-06
14	14999	966.2535648345947	1008.8671	19.687445	1034.4684	986.5889	303.0	3027.351	5.433084	3034.4277	3013.6182	1000.0	201.4317	62.294857	268.2399	-20.213171	2.6658678	0.96465945	2.8507314	26.525078	-12.192175	-206.80553	0.16381714	0.0027219176	0.16697252	0.15963347	-0.064140074	0.9613599	0.7846485	7.471616	2.2351742e-06
15	15999	1062.8031508922577	1119.1036	325.21802	1546.2268	757.8109	359.0	896.17285	1335.5757	2937.0398	14.703894	313.3	208.24612	62.95657	276.17645	-24.981915	2.4973128	1.0032418	2.8990197	27.650953	-11.611617	-213.36534	0.1618046	0.0012399519	0.16415595	0.15963218	0.0060095596	0.9511214	0.79342264	7.8844094	2.5629997e-06
16	16999	1160.7556555271149	2873.2764	0.0	2873.2764	2873.2764	1000.0	1722.6194	1429.7673	3273.319	26.27673	563.2	213.49576	62.728382	281.8265	-24.65642	2.2779126	0.9676415	2.9260013	28.41203	-10.6519165	-218.37189	0.1564108	0.0022121812	0.16020186	0.15307082	-0.05991474	0.93182826	0.7877101	6.9776587	2.2649765e-06
17	17999	1256.2366931438446	745.827	1232.7135	2880.7676	17.622427	235.0	303.6842	1.7110701	305.9347	300.8147	132.2	219.67041	62.84519	290.3483	-33.72302	2.8922951	1.0462098	2.9630218	31.736515	-12.516173	-224.35408	0.15375006	0.0028551512	0.16273305	0.15122885	0.08541781	0.9362213	0.796481	8.592284	9.536743e-07
18	18999	1355.5662956237793	1010.729	109.67554	1147.3804	871.6134	300.25	2622.7427	14.876525	2638.4707	2586.9973	1000.0	220.82066	67.385124	299.78528	-56.311096	2.8326645	1.021141	2.8646307	30.498928	-15.524091	-225.35965	0.16542107	0.000841824	0.1675699	0.16275772	0.03814444	0.9463143	0.79441714	9.10474	3.4570694e-06
19	19999	1455.294443845749	3213.974	0.0	3213.974	3213.974	1000.0	3357.6128	2.4674926	3364.0303	3355.1765	1000.0	225.13168	68.47903	307.55475	-34.536446	2.4609292	0.98305154	2.8446636	27.904842	-11.492185	-229.52489	0.16606314	0.0019529138	0.16908675	0.16317767	-0.030399583	0.93695986	0.79270035	8.811674	5.066395e-07
20	20999	1552.0100762844086	3284.7244	0.0	3284.7244	3284.7244	1000.0	1054.7094	4.560242	1061.3838	1049.212	316.6	233.01509	69.23883	315.52917	-50.857975	2.1963403	0.9774594	2.8419304	28.609936	-11.368717	-237.19446	0.16262199	0.00210331	0.16527352	0.1582783	-0.041102406	0.9394131	0.79321617	8.192023	2.5480986e-06
21	21999	1650.4041662216187	1097.4608	0.0	1097.4608	1097.4608	329.0	2135.0522	862.9467	2845.2703	933.0926	766.1	239.10829	70.95166	323.5462	-39.167397	2.192565	0.9840982	2.8451273	29.677834	-12.940761	-243.14491	0.15519318	0.00105244	0.15837306	0.15408483	-0.029433077	0.9209622	0.787157	8.380216	9.536743e-07
22	22999	1746.1359505653381	3187.2515	0.0	3187.2515	3187.2515	945.0	217.99686	1.597105	220.39285	215.69562	102.0	243.8387	72.66877	325.9627	-22.603424	2.0711427	0.9787313	2.796048	27.319826	-10.598535	-247.78642	0.15241794	0.002087062	0.15555269	0.14988591	-0.039962642	0.91451716	0.78206015	9.168397	2.2351742e-07
23	23999	1845.6312775611877	3050.6167	289.06592	3339.6826	2761.5508	903.0	2931.29	6.8700023	2945.741	2921.0745	1000.0	247.8898	72.78025	327.0287	-17.939938	2.1386437	0.988649	2.794193	27.61739	-14.023232	-251.68146	0.14971045	0.0011870358	0.15137388	0.14751036	-0.02156083	0.9173864	0.78680587	8.53178	1.3709068e-06
24	24999	1941.8386912345886	1340.9786	0.0	1340.9786	1340.9786	388.0	282.6766	8.471307	305.9465	275.9783	127.9	250.16678	73.75373	328.95624	-27.612043	2.0379941	1.0370897	2.7603478	29.716106	-10.525863	-254.00703	0.14991371	0.0025159933	0.15541172	0.1471592	0.07012588	0.91487265	0.7834878	8.1453085	1.7881393e-07
25	25999	2038.0476372241974	1569.4816	1364.8988	3343.9656	24.342958	470.66666	245.82352	1.1720107	247.90257	244.76877	104.3	253.70679	73.56529	331.79694	-18.727995	2.072704	1.0145603	2.746876	25.029972	-11.695865	-257.32312	0.15831676	0.0012150173	0.16003917	0.1554051	0.027028179	0.9135371	0.7775017	7.9401608	1.6540289e-06
26	26999	2136.983363866806	1513.5388	114.20477	1627.7435	1399.334	432.0	3084.318	4.7521706	3090.1594	3074.5562	1000.0	254.04805	73.37557	332.42337	-41.61407	2.0691106	1.0046636	2.734011	28.579723	-11.746938	-257.49332	0.16164105	0.0012125644	0.16351755	0.15882577	0.008642262	0.9354007	0.78821975	8.0606575	1.065433e-06
27	27999	2235.3095495700836	3331.0767	0.0	3331.0767	3331.0767	1000.0	3262.8645	200.78998	3410.7927	2791.9211	951.6	257.7345	73.38142	333.17157	-22.07093	2.0013309	1.0077751	2.6675005	28.9575	-11.480322	-261.1474	0.16000693	0.0005980261	0.16130574	0.15878606	0.014285784	0.92928904	0.7792953	9.379631	5.662441e-07
28	28999	2329.8763041496277	1988.1478	0.0	1988.1478	1988.1478	563.0	1052.5675	6.7880116	1063.0308	1039.3319	307.6	260.95392	73.148476	334.79666	-37.87369	1.8324256	0.9466738	2.6845086	27.008762	-9.705289	-264.38242	0.15547639	0.0039193714	0.1616872	0.14874603	-0.099254616	0.9193837	0.77119756	9.425897	3.2782555e-07
29	29999	2427.6458146572113	3245.4353	0.0	3245.4353	3245.4353	1000.0	3409.821	10.750144	3438.607	3399.7922	1000.0	264.08826	72.31461	336.03262	-32.876698	1.9982604	0.9365224	2.690878	27.553215	-11.608958	-267.35706	0.14245093	0.004470944	0.14979613	0.13603243	-0.123619854	0.90704817	0.7705827	9.144037	6.41495e-06
30	30999	2523.5174643993378	2380.9287	515.3093	2896.238	1865.6194	683.5	304.6947	1.6581413	307.80566	301.30753	126.1	265.4507	72.474396	336.66302	-17.946487	1.7650774	0.9617888	2.7067692	28.868435	-11.339318	-268.5784	0.13127926	0.0023944527	0.13601759	0.12861833	-0.07722048	0.89242125	0.7671521	9.163113	9.23872e-07
31	31999	2622.0166840553284	2226.811	0.0	2226.811	2226.811	636.0	3344.7847	7.584048	3357.7236	3334.2163	1000.0	266.86508	72.26956	337.1851	-22.013931	1.8383577	0.98372287	2.7390823	29.229654	-12.8172865	-269.88458	0.1274259	0.0010149779	0.1292469	0.12552364	-0.033526093	0.8935505	0.77330893	10.547474	1.847744e-06
32	32999	2721.037009716034	2928.0017	90.3916	3018.3933	2837.61	837.0	3269.2856	4.4620085	3274.9126	3263.5142	1000.0	268.18372	71.82141	338.346	-22.751286	1.8097771	0.97583854	2.6898227	27.129284	-11.275146	-271.0984	0.12222262	0.0018725519	0.12605183	0.11997073	-0.05051328	0.88704425	0.7674819	15.324612	5.2154064e-07
33	33999	2818.969375371933	3417.001	0.0	3417.001	3417.001	1000.0	2072.9978	1110.6472	3499.4587	829.0736	615.0	269.3605	72.25016	340.49387	-23.468296	1.6194143	1.0435574	2.68022	28.077044	-11.056623	-272.205	0.12692979	0.0021617603	0.12922542	0.12084631	0.09069735	0.90805703	0.7752907	8.739589	8.6426735e-07
34	34999	2918.718210697174	3047.8022	0.0	3047.8022	3047.8022	864.0	3310.866	2.5548263	3315.118	3306.6992	1000.0	271.24335	72.32696	341.7147	-25.814005	1.6228367	1.0086855	2.5912771	28.358528	-10.547684	-274.03943	0.12944141	0.00060481805	0.13090667	0.12844114	0.017793525	0.89220774	0.76003057	11.434822	4.3213367e-07
35	35999	3017.4178063869476	1631.4368	58.72235	1690.159	1572.7144	461.5	3408.8853	5.986565	3420.721	3400.4255	1000.0	272.01746	72.38461	341.93634	-45.465034	1.6303653	1.0081509	2.5737665	29.161102	-10.118832	-274.75046	0.13188972	0.00043029452	0.13261603	0.1308439	0.016576838	0.8891814	0.760813	9.008732	6.109476e-07
36	36999	3115.5791368484497	2478.9153	0.0	2478.9153	2478.9153	693.0	2094.1526	905.78796	3381.4338	1151.9675	636.2	273.32062	72.32904	344.0277	-56.131577	1.6348298	0.99837434	2.5599205	28.153572	-15.160042	-275.9301	0.13226499	0.00033452126	0.13292651	0.13148233	-0.0032297792	0.8845545	0.7576035	8.711851	1.8663704e-06
37	37999	3214.474097251892	3444.3086	0.0	3444.3086	3444.3086	1000.0	3217.2742	432.3939	3371.4783	1920.2343	959.5	275.94073	72.301735	344.6885	-18.79497	1.4925122	0.97330403	2.539949	30.08522	-11.971939	-278.51944	0.12932916	0.0015961725	0.13241638	0.12667882	-0.054525733	0.8785363	0.7528931	11.282551	3.5762787e-07
38	38999	3311.3045978546143	2481.743	944.90454	3426.6475	1536.8384	714.5	1188.8875	37.23266	1254.3285	1133.3121	336.8	277.84692	72.41296	345.6341	-18.644865	1.5270358	0.96232927	2.56328	31.516531	-10.38375	-280.4245	0.12362071	0.0018803038	0.1268517	0.119237445	-0.07890494	0.87390643	0.7511468	9.559559	2.2947788e-06
39	39999	3410.431042909622	2018.602	542.0705	2560.6726	1476.5316	569.0	3443.5508	3.0630162	3447.3696	3436.9724	1000.0	277.71826	72.35363	345.76007	-37.81368	1.5077027	0.98230714	2.5787094	26.724827	-10.191471	-280.16205	0.117290646	0.0010911861	0.119510844	0.11570537	-0.037831806	0.863727	0.74886763	9.421498	1.5199184e-06
40	40999	3508.664251804352	3454.992	0.0	3454.992	3454.992	972.0	3498.9133	2.9890099	3502.9797	3493.1482	1000.0	278.0861	71.83932	345.2882	-49.194668	1.4730554	0.9905235	2.6092043	28.203636	-11.199438	-280.54633	0.115665294	0.00071644876	0.11660899	0.1141539	-0.020446798	0.8635223	0.7559213	8.734998	7.2717667e-06
41	41999	3606.0684163570404	3428.363	0.0	3428.363	3428.363	1000.0	1998.2175	625.3759	3223.9153	1466.3796	595.4	279.46005	71.43299	345.72415	-21.066757	1.4553884	1.0122727	2.6202993	27.827679	-13.553723	-281.83508	0.11332065	0.0008301159	0.116020225	0.11219047	0.02658578	0.8678877	0.75756323	10.458963	3.8444996e-06
42	42999	3705.225508451462	1219.2437	118.93555	1366.9406	1075.6979	340.0	3348.0522	7.0397544	3356.5122	3333.7244	1000.0	280.08347	71.49059	346.02612	-15.634954	1.3996731	0.9737796	2.6055918	29.305565	-12.315966	-282.3873	0.114077576	0.0018708212	0.116638966	0.11134155	-0.056920137	0.8671828	0.75529134	10.161085	1.5497208e-06
43	43999	3804.683956384659	3423.2803	0.0	3423.2803	3423.2803	1000.0	3366.1301	2.3239875	3368.7117	3362.5427	1000.0	280.34225	71.52593	346.27405	-35.951477	1.6356394	0.97933394	2.617747	27.968699	-11.181591	-282.58896	0.10975742	0.0016222764	0.11190703	0.1074018	-0.045628875	0.8623679	0.75694317	9.143636	5.9604645e-08
44	44999	3902.7370162010193	3400.9265	0.0	3400.9265	3400.9265	1000.0	3448.0063	12.289312	3478.5261	3431.769	1000.0	281.66037	71.38111	346.1956	-26.763355	1.3434632	0.9878512	2.6126482	27.835125	-10.378831	-283.9395	0.10747916	0.000763971	0.10860701	0.10561112	-0.027129637	0.8664659	0.7602904	9.045374	1.3876706e-07
45	45999	3999.049746990204	3451.9785	0.0	3451.9785	3451.9785	1000.0	897.8535	7.4937468	911.7279	883.44666	255.0	284.10797	71.14169	347.36493	-52.99485	1.3463403	0.954433	2.6188679	29.128674	-10.996905	-286.27383	0.10206125	0.0020837355	0.10579805	0.09816129	-0.10402272	0.86374706	0.7572397	9.590499	2.9802322e-07
46	46999	4097.369371175766	1364.8723	192.68396	1557.5563	1172.1884	375.0	3435.9805	5.299363	3443.8203	3429.5654	1000.0	285.3603	70.889885	347.8853	-48.933372	1.3232468	1.0257138	2.6628752	29.423077	-10.168552	-287.539	0.100580275	0.0014711135	0.102192774	0.09816873	0.05926625	0.8698009	0.76631314	8.71627	2.8312206e-07
47	47999	4193.809933185577	1116.7983	0.0	1116.7983	1116.7983	322.0	1498.7318	33.146374	1541.5463	1439.4595	417.8	285.88483	71.11529	347.97464	-18.146666	1.4352016	0.98682904	2.6304035	32.369514	-10.080738	-288.048	0.10122516	0.0008561797	0.10238031	0.09975332	-0.030127136	0.8716025	0.7620965	10.068708	1.2516975e-06
48	48999	4293.130606889725	3446.0774	0.0	3446.0774	3446.0774	1000.0	3487.4312	6.671202	3496.728	3476.7925	1000.0	286.9205	70.31911	348.19144	-24.70272	1.4677957	0.99631333	2.642839	28.87791	-10.961024	-289.0166	0.09960268	0.00041223117	0.10040426	0.098983265	-0.0084478	0.87427175	0.76151294	11.436848	9.536743e-07
49	49999	4390.065341711044	3083.2603	362.68936	3445.9497	2720.571	878.5	1211.0931	28.769684	1258.9065	1165.757	339.8	288.1905	70.15588	348.2895	-23.092642	1.3215889	0.9859302	2.6461427	32.00977	-14.055518	-290.24393	0.09757768	0.0012629738	0.100085385	0.095948	-0.03254519	0.8678576	0.7590372	10.549833	1.2591481e-06
50	50999	4486.442083120346	3485.3318	0.0	3485.3318	3485.3318	1000.0	801.4455	4.7376657	809.23486	794.73865	241.2	289.09805	69.78014	348.85938	-21.99714	1.395641	0.99006176	2.6263094	31.08334	-10.284443	-291.0573	0.09609125	0.00086757937	0.09771557	0.0947772	-0.023165608	0.86617	0.757448	11.470743	5.9604645e-08
51	51999	4585.509738445282	3426.0562	0.0	3426.0562	3426.0562	1000.0	3368.3743	353.40704	3517.6204	2319.5505	954.7	290.1921	69.530876	349.0896	-24.266726	1.2866808	0.9861472	2.6440659	32.82334	-9.999314	-292.16348	0.09541284	0.0011014572	0.09693501	0.09335986	-0.032558847	0.8671987	0.76138824	9.947203	2.9802322e-07
52	52999	4682.545854091644	3422.3047	0.0	3422.3047	3422.3047	1000.0	1363.1055	235.113	2038.4653	1226.2145	376.0	292.45676	68.687935	350.82037	-22.831146	1.3666496	0.98862666	2.6240723	28.487701	-15.13919	-294.36612	0.09296696	0.0009385811	0.09448885	0.091269575	-0.026956448	0.8646146	0.75686306	9.899462	7.785857e-07
53	53999	4779.09386920929	1801.1506	370.1634	2171.314	1430.9872	500.0	1816.458	88.754616	1953.4491	1705.4001	509.3	293.47888	68.766266	352.50272	-24.664982	1.3119863	0.9925581	2.63006	30.2249	-10.830496	-295.421	0.09043927	0.0007472331	0.09202645	0.089230575	-0.017737735	0.8560352	0.75465435	9.741769	1.3262033e-06
54	54999	4878.121054887772	1754.2471	0.0	1754.2471	1754.2471	482.0	3450.8567	5.8052015	3461.6138	3442.4255	1000.0	293.0963	69.11994	353.31012	-24.50283	1.3207704	0.99333555	2.644215	30.884712	-10.992588	-294.93304	0.09008116	0.00045133248	0.09118014	0.08943336	-0.015966062	0.8599352	0.76041263	10.955163	3.5986304e-06
55	55999	4976.8607177734375	3467.703	0.0	3467.703	3467.703	1000.0	3442.2083	5.3283305	3452.7124	3434.6372	1000.0	293.653	68.80465	353.9808	-14.825519	1.3572334	1.0127093	2.6198623	27.423752	-12.538674	-295.5268	0.09093843	0.00054657104	0.09212792	0.08986766	0.030565998	0.8597942	0.76181465	9.577843	6.556511e-07
56	56999	5076.290835380554	2795.898	664.6459	3460.5437	2131.252	797.5	3420.8196	2.213103	3425.476	3417.483	1000.0	294.53537	68.555595	353.38235	-70.35573	1.2967218	0.9794697	2.6393692	29.610361	-11.049297	-296.36676	0.091280624	0.001104988	0.09238928	0.088879645	-0.04929726	0.86125976	0.7653781	14.443462	3.1590462e-06
57	57999	5175.227315664291	1684.4778	0.0	1684.4778	1684.4778	464.0	3487.8926	4.7655015	3498.2383	3482.1677	1000.0	294.9465	68.608925	354.31845	-19.412128	1.2858496	1.0061101	2.6201844	32.45951	-10.54821	-296.7605	0.08961213	0.00048972794	0.09037681	0.088767126	0.014813123	0.85762507	0.75905174	10.145735	7.599592e-07
58	58999	5273.798857212067	3413.5115	0.0	3413.5115	3413.5115	1000.0	3423.267	6.851783	3440.0378	3415.105	1000.0	295.80508	68.33735	354.42145	-18.683453	1.1994978	0.98421156	2.609481	29.874321	-10.9165125	-297.53412	0.088926725	0.0012303605	0.09073168	0.08705738	-0.03818885	0.8566347	0.758562	10.098606	6.854534e-07
59	59999	5373.976905107498	3471.3455	0.0	3471.3455	3471.3455	1000.0	3449.2212	2.0033648	3451.711	3445.922	1000.0	296.88287	68.34397	355.6724	-30.276665	1.3452259	1.0004511	2.617345	29.120173	-10.694069	-298.64566	0.08669827	0.00040586482	0.087503195	0.08583868	0.0011493454	0.8558472	0.75766736	14.367682	8.791685e-07
60	60999	5473.408362388611	3479.7493	0.0	3479.7493	3479.7493	1000.0	3490.229	9.080865	3502.6216	3469.5623	1000.0	297.7616	68.05131	356.28885	-29.735752	1.3216192	0.9967438	2.6434925	34.635975	-13.319921	-299.47504	0.087621555	0.00025346183	0.08799614	0.08702936	-0.0078851115	0.8660974	0.76518613	10.594784	3.2782555e-07
61	61999	5569.11647772789	2776.188	665.9092	3442.0972	2110.2788	790.5	701.7346	1390.6694	3484.3228	6.3214426	206.4	298.7966	67.8521	355.47528	-24.183655	1.2532791	0.9719511	2.6331017	28.68376	-11.023827	-300.4991	0.08478153	0.0010437013	0.08704152	0.083242506	-0.06903421	0.85777366	0.76221234	8.449114	7.8231096e-07
62	62999	5667.8779809474945	3451.5962	0.0	3451.5962	3451.5962	1000.0	3502.8872	5.361968	3512.827	3493.6782	1000.0	299.57166	67.79938	354.4206	-17.765133	1.2317145	0.99202293	2.6305807	29.43498	-11.474468	-301.23212	0.08310063	0.00030651203	0.08388884	0.082241416	-0.019827938	0.8590041	0.76329607	9.93054	4.7683716e-07
63	63999	5767.245012760162	3303.6328	0.0	3303.6328	3303.6328	921.0	3456.716	3.2637808	3462.0298	3450.4766	1000.0	300.33234	68.0604	355.74844	-15.190063	1.2851814	0.9933308	2.643495	31.807562	-11.478769	-302.0427	0.08172321	0.0007382698	0.08328598	0.080664344	-0.01661851	0.8542296	0.7626165	9.615339	1.842156e-06
64	64999	5864.462654352188	3440.6472	0.0	3440.6472	3440.6472	1000.0	1177.5743	29.6798	1215.2408	1134.6375	328.7	300.77524	67.53482	355.2068	-28.386646	1.1772717	1.0111434	2.6444118	31.009026	-10.427429	-302.3938	0.08184844	0.0003417321	0.08297386	0.08131569	0.027925964	0.85954267	0.7651929	9.906536	8.940697e-08
65	65999	5957.725439071655	3447.007	0.0	3447.007	3447.007	1000.0	57.205437	2.0951793	59.362938	53.137295	32.9	301.1678	67.21457	354.89038	-47.58825	1.3522774	0.990921	2.653138	29.78931	-10.272831	-302.79062	0.08284141	0.0005675411	0.08351716	0.08160415	-0.02260833	0.8651025	0.76809394	9.577906	1.1026859e-06
66	66999	6057.883705854416	3440.975	0.0	3440.975	3440.975	1000.0	3463.8015	6.888039	3475.69	3454.5378	1000.0	302.00742	66.722694	354.47375	-15.85597	1.2834029	0.9915699	2.6073215	31.250118	-11.842842	-303.5903	0.08143619	0.0011910271	0.08284126	0.07945332	-0.021075137	0.8617585	0.76336116	8.401692	3.874302e-07
67	67999	6156.445665597916	3480.0679	0.0	3480.0679	3480.0679	1000.0	3444.7974	3.5219936	3450.4832	3439.8154	1000.0	302.95282	66.63707	355.55637	-16.673891	1.164181	0.995043	2.634895	30.641243	-9.485031	-304.5423	0.08009207	0.0004839548	0.08091673	0.07931672	-0.01244609	0.8602509	0.76311433	8.264819	6.556511e-07
68	68999	6250.417854547501	3424.5989	0.0	3424.5989	3424.5989	1000.0	73.7645	4.749803	77.830376	63.53649	42.1	303.65295	66.48736	355.3628	-43.35618	1.1893796	0.9903964	2.6196296	28.934391	-11.555872	-305.1924	0.07983825	0.0008294245	0.08128316	0.07869299	-0.024247207	0.8564446	0.76034194	10.808832	1.758337e-06
69	69999	6349.218579292297	3452.398	0.0	3452.398	3452.398	1000.0	3486.8328	3.556827	3492.682	3481.7798	1000.0	304.4411	65.60661	355.03906	-20.705935	1.1369958	0.9945974	2.6205473	30.397104	-11.574132	-305.9533	0.078888185	0.0003935685	0.07935215	0.078031346	-0.013698048	0.858247	0.7652518	9.459272	4.2393804e-06
70	70999	6448.884156703949	3462.9678	0.0	3462.9678	3462.9678	1000.0	3491.0298	5.2650948	3501.3215	3483.2285	1000.0	305.4154	65.632744	354.6212	-15.848985	1.128147	0.9840233	2.6492789	32.633415	-11.703497	-306.94687	0.077232815	0.00080793	0.07847613	0.07615798	-0.040869545	0.8627273	0.76891685	12.69142	3.7252903e-08
71	71999	6548.760957956314	1759.1162	297.69165	2056.8079	1461.4246	476.5	3402.5574	2.2457588	3406.8787	3399.1726	1000.0	305.98862	65.3108	355.2339	-25.963585	1.1573542	0.9911312	2.6448672	29.014717	-10.535646	-307.44894	0.075784944	0.0005661066	0.07658367	0.07485576	-0.02284085	0.8612499	0.7661712	8.607265	5.066395e-07
72	72999	6648.0124180316925	3550.2366	0.0	3550.2366	3550.2366	1000.0	3196.4646	356.5967	3519.3618	2498.171	897.0	305.91223	65.42421	355.75778	-20.26006	1.155146	1.0169923	2.6346087	29.285217	-12.240263	-307.37756	0.07603072	0.00063512486	0.07714609	0.07496789	0.04383853	0.85521305	0.76340085	9.185636	4.4703484e-06
73	73999	6747.836314201355	3496.9565	0.0	3496.9565	3496.9565	1000.0	3527.7852	10.143304	3553.4402	3515.638	1000.0	306.40543	64.54039	356.09488	-15.828932	1.1990124	0.9903127	2.6444516	29.913769	-9.8882265	-307.91254	0.076897636	0.00037424936	0.077480204	0.07585678	-0.024829699	0.84852463	0.76288694	10.012869	1.013279e-06
74	74999	6846.797619342804	3506.728	0.0	3506.728	3506.728	1000.0	3414.1362	5.952259	3420.5857	3401.984	1000.0	307.41708	63.5508	356.30112	-19.27664	1.103698	0.9968124	2.6419137	32.126106	-10.283564	-308.7997	0.075679116	0.0004903211	0.07642412	0.07473691	-0.00815645	0.8528062	0.7653872	9.753607	1.2200326e-06
75	75999	6941.435571193695	3468.6514	0.0	3468.6514	3468.6514	1000.0	1058.9667	15.062474	1094.7136	1040.2802	295.7	307.53293	64.056786	356.82935	-33.145752	1.1658475	1.003281	2.6884992	30.926918	-11.816225	-308.97333	0.07606046	0.0002946025	0.076499335	0.075438835	0.008545352	0.85085326	0.76880294	10.477596	1.9669533e-06
76	76999	7038.291529893875	1415.1351	185.25009	1663.1917	1218.1182	386.0	1955.0608	267.1837	2472.7053	1726.3186	526.1	307.65387	63.910526	357.2514	-24.909533	1.2398208	0.99813807	2.6516225	33.410557	-11.356924	-309.04437	0.075521156	0.0003339643	0.07633267	0.07486842	-0.004745083	0.8550575	0.76497847	12.879446	2.6077032e-06
77	77999	7137.424877643585	1576.2229	0.0	1576.2229	1576.2229	433.0	3471.0137	6.464056	3478.1953	3458.7493	1000.0	307.4167	64.44829	357.3461	-22.420128	1.165686	0.9918932	2.6584375	30.564837	-11.923318	-308.79788	0.07522996	0.0003207427	0.07618747	0.074644506	-0.020899976	0.86607367	0.77224356	11.749689	2.30968e-07
78	78999	7237.306354999542	2444.3904	1016.9299	3461.3203	1427.4606	691.0	3510.4263	5.2464075	3520.8755	3501.9263	1000.0	307.36407	64.35035	357.6608	-27.013927	1.2201054	1.0020465	2.677999	30.80102	-13.029642	-308.74792	0.07519951	0.00046669802	0.07586942	0.07436122	0.0053620357	0.86931634	0.7760947	11.772257	3.6880374e-07
79	79999	7337.051438570023	1546.73	229.37653	1776.1064	1317.3534	420.0	3464.7864	12.313932	3492.3508	3449.1047	1000.0	307.3904	64.419334	357.02707	-23.914658	1.1816976	0.97850794	2.683769	30.227776	-11.882247	-308.74597	0.07441734	0.001015858	0.07563501	0.07239259	-0.055953395	0.86363566	0.7759027	12.408407	4.324902e-07
80	80999	7435.373216867447	3441.364	0.0	3441.364	3441.364	1000.0	3466.232	3.2649744	3471.2334	3461.0315	1000.0	307.5541	64.572044	356.93558	-16.521267	1.1180075	0.98376244	2.692528	29.95523	-11.148523	-308.91083	0.07229147	0.00093149237	0.073413506	0.07064428	-0.042753104	0.8627847	0.7748931	12.281546	1.6987324e-06
81	81999	7530.202050685883	3466.825	0.0	3466.825	3466.825	1000.0	26.405903	0.7349039	27.109472	25.387968	24.6	308.44562	63.929882	357.23233	-27.551859	1.2301532	1.0060695	2.7100585	29.433825	-10.631217	-309.78192	0.07180067	0.0005009903	0.07267469	0.07065398	0.016134987	0.86734384	0.7802835	12.675146	4.4368207e-06
82	82999	7629.228668689728	3459.6145	0.0	3459.6145	3459.6145	1000.0	3095.6855	1022.16003	3439.6357	29.209658	902.6	309.26044	63.718575	357.91394	-21.8034	1.1519862	1.007674	2.6975098	29.592194	-11.819771	-310.5443	0.07227391	0.0003821883	0.073034875	0.071146466	0.020298067	0.863001	0.7776928	11.964588	1.013279e-06
83	83999	7728.9994106292725	3464.5244	0.0	3464.5244	3464.5244	1000.0	3445.5593	2.2806616	3449.4546	3442.436	1000.0	309.89316	63.45311	357.87912	-22.263878	1.0473468	0.98036116	2.6863034	28.412048	-12.092203	-311.16956	0.07106995	0.0009803956	0.07220243	0.06951859	-0.05190526	0.8702885	0.77732307	15.047156	4.399568e-06
84	84999	7826.185916185379	2423.9465	1062.739	3486.6855	1361.2076	685.0	1724.5613	1711.8796	3440.582	11.705491	506.3	310.52795	62.793198	357.9214	-16.922544	1.1518465	0.99831176	2.667694	30.597448	-11.661623	-311.80127	0.07012677	0.00036481695	0.07066878	0.06939436	-0.0044420008	0.8649225	0.77655864	14.346247	9.23872e-07
85	85999	7921.271772384644	3498.61	0.0	3498.61	3498.61	1000.0	13.256132	0.97746587	14.661174	11.768548	13.1	311.01166	62.86722	358.17297	-17.668446	1.1240141	0.9959609	2.6880155	28.47706	-10.5744	-312.31024	0.07010687	0.00054710143	0.07078071	0.069109134	-0.010699902	0.8677282	0.7807471	13.28475	1.3783574e-07
86	86999	8018.924226522446	3456.7046	0.0	3456.7046	3456.7046	1000.0	1375.4939	1672.0608	3426.311	10.217038	406.6	310.96393	62.776543	357.92526	-23.434937	1.2809923	1.0113349	2.6849139	32.284096	-13.900884	-312.1751	0.07093671	0.0006409031	0.0718738	0.06916671	0.030281639	0.86425155	0.7798043	11.006889	1.3113022e-06
87	87999	8119.06028175354	3447.9392	0.0	3447.9392	3447.9392	1000.0	3508.7026	9.100023	3526.5078	3493.872	1000.0	311.8396	62.274952	358.44907	-27.006683	1.0888025	0.98602885	2.6729362	28.17666	-10.4912405	-313.08426	0.06999777	0.00089779095	0.07128156	0.06850246	-0.037157495	0.8704586	0.7815001	12.896336	2.682209e-06
88	88999	8215.370966911316	3477.6682	0.0	3477.6682	3477.6682	1000.0	237.82767	1.7873529	240.15648	233.9635	100.2	311.94214	62.53508	358.40125	-30.699503	1.1819249	0.99779737	2.6974285	28.094372	-9.580803	-313.1893	0.0690701	0.00043429184	0.06974849	0.068471946	-0.005838102	0.8695416	0.7816296	9.0382805	6.109476e-07
89	89999	8314.707175970078	3326.8157	0.0	3326.8157	3326.8157	898.0	3435.2227	2.0267167	3438.8606	3431.0396	1000.0	312.1746	62.3458	358.31067	-26.633844	1.0971375	0.9980408	2.7041104	30.761345	-11.1767435	-313.3854	0.06844755	0.0002655264	0.06899781	0.06782739	-0.0051995497	0.8655621	0.7844604	12.3791485	2.4437904e-06
90	90999	8414.404042005539	2649.0706	0.0	2649.0706	2649.0706	721.0	970.49835	0.35267803	970.9504	969.7128	1000.0	312.54953	62.278076	358.70377	-44.368725	1.209567	0.99357665	2.6827276	28.684475	-12.623993	-313.75726	0.06831195	0.0005654407	0.06929067	0.06757489	-0.017187187	0.86208457	0.77772665	18.559835	6.735325e-06
91	91999	8514.172508716583	3509.3054	0.0	3509.3054	3509.3054	1000.0	3511.3594	6.6539264	3525.569	3502.4912	1000.0	313.2077	61.777378	358.5907	-75.37655	1.1976192	0.982176	2.6835053	29.106506	-11.169114	-314.39658	0.06663812	0.0006706184	0.06804844	0.06549291	-0.048176024	0.86068374	0.7740458	11.907862	4.2766333e-06
92	92999	8613.49138045311	3495.4963	0.0	3495.4963	3495.4963	1000.0	3506.9875	5.388633	3513.9077	3494.478	1000.0	314.07364	61.35341	358.84216	-21.545418	1.156849	0.99632347	2.677655	28.247444	-12.004641	-315.27826	0.06682665	0.00072891347	0.06774199	0.0652539	-0.0099057425	0.86494565	0.77234787	10.977934	1.7881393e-07
93	93999	8710.95163488388	3483.844	0.0	3483.844	3483.844	1000.0	1744.4514	1732.9471	3479.7686	10.986682	506.6	314.21872	61.321976	358.76422	-20.90147	1.1203979	1.0015737	2.6878412	30.164286	-11.561801	-315.39487	0.06572655	0.00039783734	0.06653585	0.06498987	0.00436313	0.86523557	0.7782228	11.590797	2.3841858e-07
94	94999	8810.754136562347	3487.0852	0.0	3487.0852	3487.0852	1000.0	3488.5098	3.8323584	3497.119	3483.6758	1000.0	314.62296	61.301594	359.39975	-29.846851	1.1999565	1.0006719	2.6968968	29.33783	-11.498685	-315.8127	0.0665287	0.0005464943	0.0676059	0.06547622	0.0019112034	0.8668844	0.7785306	10.065712	1.1920929e-07
95	95999	8910.819227218628	3502.076	0.0	3502.076	3502.076	1000.0	3482.2876	1.9747831	3486.5908	3479.8196	1000.0	315.59195	61.003716	359.3742	-17.673931	1.0598546	0.98254144	2.707103	27.346178	-10.437778	-316.75858	0.06556	0.0008383898	0.06649676	0.06367614	-0.04776014	0.86651504	0.7803001	9.755852	1.2367964e-06
96	96999	9010.526356935501	3490.2231	0.0	3490.2231	3490.2231	1000.0	3525.6528	2.7354558	3530.0576	3520.8777	1000.0	316.11737	60.953903	359.94992	-21.691387	0.9926676	1.0065794	2.7245634	31.047613	-11.924169	-317.2771	0.06418109	0.00020142549	0.06455238	0.0636781	0.018146645	0.87623936	0.7856934	10.200538	1.3411045e-06
97	97999	9110.154567241669	2851.767	0.0	2851.767	2851.767	775.0	3425.276	2.6280797	3430.88	3421.9248	1000.0	316.47083	60.705368	360.1275	-25.652647	1.08454	0.96784794	2.7245553	30.503723	-12.163971	-317.6284	0.06380427	0.0011147147	0.06547982	0.061172277	-0.0888988	0.8723762	0.7881237	12.0345955	2.0861626e-07
98	98999	9209.556636571884	3509.1265	0.0	3509.1265	3509.1265	1000.0	3458.5757	1.8363839	3461.6245	3455.8975	1000.0	317.10574	60.800644	360.1391	-37.631252	1.0180364	0.98797476	2.7390175	29.692368	-10.824916	-318.24713	0.060307823	0.00065346155	0.061365288	0.05927484	-0.033648368	0.86328214	0.7854346	10.713478	1.937151e-07
99	99999	9308.508786916733	3519.888	0.0	3519.888	3519.888	1000.0	3477.1172	1.8977731	3480.7397	3474.2454	1000.0	317.5758	60.38514	360.7113	-18.11541	1.0519499	1.0249313	2.7159498	31.146606	-11.5991335	-318.6706	0.061547294	0.0004956458	0.062469147	0.0600376	0.06970108	0.8660485	0.7887504	9.733975	2.8014183e-06
