Epoch	TotalEnvInteracts	Time	AverageEpRet	StdEpRet	MaxEpRet	MinEpRet	EpLen	AverageTestEpRet	StdTestEpRet	MaxTestEpRet	MinTestEpRet	TestEpLen	AverageQ1Vals	StdQ1Vals	MaxQ1Vals	MinQ1Vals	LossQ1	AverageLogPi	StdLogPi	MaxLogPi	MinLogPi	LossPi	AverageAlpha	StdAlpha	MaxAlpha	MinAlpha	LossAlpha	AveragePreTanh	StdPreTanh	MaxPreTanh	MinPreTanh
0	999	1.4631595611572266	18.531794	9.892109	51.2227	6.696097	22.83721	47.272575	0.66995394	48.6391	46.31941	50.2	0.0	0.0	0.0	0.0	0.0	0.0	0.0	0.0	0.0	0.0	0.0	0.0	0.0	0.0	0.0	0.0	0.0	0.0	0.0
1	1999	1.8492145538330078	20.151817	12.101919	65.203514	6.7891846	24.195122	47.272575	0.66995394	48.6391	46.31941	50.2	0.0	0.0	0.0	0.0	0.0	0.0	0.0	0.0	0.0	0.0	0.0	0.0	0.0	0.0	0.0	0.0	0.0	0.0	0.0
2	2999	2.259244203567505	17.428719	10.798082	63.36147	5.468231	21.723404	47.385536	0.84493065	49.07926	46.138054	50.2	0.0	0.0	0.0	0.0	0.0	0.0	0.0	0.0	0.0	0.0	0.0	0.0	0.0	0.0	0.0	0.0	0.0	0.0	0.0
3	3999	2.7042810916900635	18.014074	11.071851	50.493156	5.792627	20.6875	47.49043	0.9026875	49.102757	46.253006	50.3	0.0	0.0	0.0	0.0	0.0	0.0	0.0	0.0	0.0	0.0	0.0	0.0	0.0	0.0	0.0	0.0	0.0	0.0	0.0
4	4999	3.1915512084960938	20.566559	16.361631	99.95171	5.1732616	23.32558	47.594963	0.88666356	49.293304	45.661358	50.5	0.0	0.0	0.0	0.0	0.0	0.0	0.0	0.0	0.0	0.0	0.0	0.0	0.0	0.0	0.0	0.0	0.0	0.0	0.0
5	5999	106.91616916656494	129.50018	47.50398	209.99675	10.283395	73.0	150.98756	1.445963	153.20999	148.11967	82.2	94.81653	54.450867	187.51274	-18.680502	7.1876473	-0.76068795	1.8537741	12.309938	-10.278397	-101.19391	0.8833864	0.062422782	0.99970007	0.77872956	-0.19967249	0.8344628	0.61143476	4.8000307	3.5762787e-07
6	6999	210.31130051612854	158.75151	52.8531	238.3676	67.14162	108.166664	139.5879	0.7039311	140.98227	138.83527	79.2	181.53069	48.922157	216.1522	-30.9143	16.92073	-0.40263933	2.2357585	14.717487	-10.444451	-191.03728	0.6853048	0.052944113	0.7785356	0.5968446	-0.533408	0.8396558	0.64063793	6.040194	1.1920929e-06
7	7999	314.8081498146057	753.61383	284.49225	1038.1061	469.12155	556.5	482.962	182.13806	1026.037	396.37323	340.9	177.99323	49.578728	216.50357	-39.39254	10.358212	-0.41385895	2.3334107	17.214233	-11.71735	-185.98947	0.51953614	0.042826746	0.59667623	0.44668245	-0.9330784	0.8420071	0.6531171	4.99749	1.7881393e-06
8	8999	422.1240966320038	1044.9464	0.0	1044.9464	1044.9464	1000.0	1028.3435	0.82698673	1030.1776	1027.3042	1000.0	158.05838	36.69147	192.60184	-36.32727	4.596442	-0.58616054	2.2917569	15.719828	-8.932086	-164.16325	0.38307044	0.034996215	0.44654644	0.3256226	-1.5313613	0.81944394	0.6415657	5.22174	1.6391277e-06
9	9999	526.8692741394043	289.3451	137.71541	531.04755	68.01143	176.42857	137.66988	0.70246553	139.08868	136.94994	75.4	154.62405	33.23339	216.38228	-20.14686	4.386788	-0.25668445	2.3368976	17.725273	-10.817635	-160.05177	0.2838887	0.020904541	0.32552028	0.25397298	-1.5627158	0.8490495	0.6517103	5.1921167	1.4901161e-06
10	10999	631.561497926712	270.2172	31.58109	304.07462	212.3188	126.14286	856.9053	125.08281	1113.816	692.5245	369.4	173.13657	40.5297	212.20992	-23.326557	4.1688447	0.31801492	2.4734864	18.313847	-11.35879	-178.91197	0.23447818	0.011882147	0.25392947	0.21184422	-0.99346906	0.90586907	0.68308806	7.5044975	6.0796738e-06
11	11999	735.4669623374939	474.5551	248.5595	920.8534	212.23709	226.0	235.88278	22.746601	273.44052	216.60864	149.9	162.69162	41.046543	200.09398	-30.943016	3.7508404	0.15893622	2.5737307	19.99579	-11.623814	-167.58435	0.18573993	0.014419326	0.211787	0.16300721	-1.4138249	0.8795193	0.6928092	5.8300796	3.5464764e-06
12	12999	839.6884849071503	498.08417	141.72826	680.92755	317.06433	199.2	388.415	0.6217203	389.454	387.5793	158.8	159.28828	36.58623	208.82323	-13.967728	2.4400477	0.4858811	2.5556118	20.501	-9.549714	-163.7775	0.14727102	0.008077241	0.16296424	0.13472869	-0.9793934	0.90144295	0.7046509	6.131178	9.782612e-06
13	13999	943.8280098438263	560.895	122.32267	700.50415	385.16562	225.0	842.05	68.57763	1043.856	808.5899	332.6	167.38994	40.047016	222.42162	-24.145514	2.1087983	0.7525046	2.6467297	22.648024	-11.9396	-171.85144	0.12570739	0.004675648	0.1347035	0.11871534	-0.5108108	0.92334646	0.73018426	6.7938704	6.2286854e-06
14	14999	1047.883879184723	1008.3692	203.31485	1292.4987	828.1175	359.0	426.98062	4.963364	433.67218	417.57062	143.2	178.95009	44.96121	238.79266	-22.67717	2.1801918	1.1368006	2.684317	24.189455	-9.876476	-183.47307	0.12232466	0.0038118176	0.1320165	0.1186155	0.28456882	0.9504535	0.76256686	6.932013	4.4703484e-07
15	15999	1149.6520099639893	719.21124	174.35071	964.43896	574.3534	238.0	746.85754	3.3128028	752.0706	742.4919	245.1	194.9729	50.324318	247.80093	-25.422817	2.6269255	1.1461917	2.7415493	24.330185	-10.046854	-199.78151	0.14384623	0.0050298683	0.14985412	0.13204895	0.28708535	0.9547469	0.7787691	6.6386137	1.1622906e-06
16	16999	1258.0836930274963	1342.1104	0.0	1342.1104	1342.1104	435.0	2643.2878	2.826114	2647.0774	2635.7625	1000.0	202.00656	51.679504	256.88312	-44.00165	2.416853	1.0131671	2.7228673	24.565382	-11.027325	-206.63126	0.15098976	0.00061347656	0.15229459	0.14945924	0.02493003	0.93285197	0.7689722	7.0470543	5.9604645e-08
17	17999	1360.432445049286	2940.069	0.0	2940.069	2940.069	1000.0	148.9219	132.69936	288.03284	14.5813465	70.6	209.3711	52.067467	264.44156	-22.199594	2.1403985	0.9727441	2.7294817	24.560104	-10.785955	-213.90506	0.15013239	0.0017159486	0.15227623	0.1463069	-0.051760104	0.9249036	0.7605575	6.6551085	5.029142e-07
18	18999	1465.3513774871826	2702.6118	0.0	2702.6118	2702.6118	1000.0	465.1319	1.759759	468.16833	463.23642	167.5	217.7021	51.851036	270.27747	-44.511448	2.028775	0.9680671	2.7002292	25.060474	-11.955589	-222.04128	0.14269766	0.002585116	0.14674813	0.13915184	-0.0620157	0.9165672	0.7597451	6.964923	2.0861626e-06
19	19999	1571.2201044559479	2342.8987	670.92554	3013.8242	1671.9731	768.0	1875.1633	133.32596	2085.6707	1686.3007	579.6	222.19771	52.98233	282.78906	-19.124784	2.2049127	1.0048122	2.7002206	25.383583	-12.392855	-226.28868	0.13861826	0.00086244644	0.14084297	0.13764356	0.009499812	0.9051952	0.76400155	7.914545	2.5331974e-06
20	20999	1675.0987448692322	1958.864	1068.8453	3027.7092	890.0187	627.0	408.72827	3.8483882	414.5122	401.85785	159.8	226.12149	55.44088	289.28104	-18.748016	2.0863006	1.0157142	2.6603858	23.72944	-10.609693	-230.11566	0.14232057	0.0018836788	0.14486936	0.13953489	0.030675378	0.88697255	0.75948894	9.138266	4.7683716e-07
21	21999	1782.3737533092499	1364.7245	340.56885	1705.2933	1024.1556	434.5	2549.4993	7.264497	2562.2617	2535.5752	1000.0	228.933	56.575222	293.9719	-24.449005	2.7899747	1.0682021	2.6674607	25.47578	-11.743989	-232.90103	0.15185745	0.0051577776	0.16041791	0.14419979	0.1284656	0.8809017	0.7646451	7.653058	2.3394823e-06
22	22999	1889.771229982376	3076.5034	0.0	3076.5034	3076.5034	1000.0	3166.316	4.822407	3173.9268	3160.0876	1000.0	232.0818	55.772114	295.1126	-27.752617	2.9427607	0.96947575	2.647836	26.041256	-11.316979	-235.94678	0.16090986	0.004324082	0.16664088	0.15323536	-0.056382764	0.8705083	0.7476234	7.2101603	7.674098e-07
23	23999	1994.0309717655182	3220.7	0.0	3220.7	3220.7	1000.0	1076.1204	34.87064	1109.4974	981.66016	327.6	237.85213	57.431133	302.47375	-29.00091	2.3894947	0.95959544	2.597888	24.59383	-11.967331	-241.58653	0.14874548	0.0029511224	0.15360212	0.14426038	-0.07688084	0.8536486	0.74074864	8.253766	1.937151e-07
24	24999	2098.131124019623	899.21423	273.87207	1281.1368	511.31552	281.0	303.17493	5.517393	313.66992	294.57504	135.8	240.28777	57.79555	303.88474	-32.034874	2.7721987	1.0279355	2.6259792	23.66534	-10.186289	-243.89728	0.14763103	0.0021572642	0.15097135	0.1442958	0.053513747	0.84870034	0.74567354	7.9886665	4.082918e-06
25	25999	2202.2157311439514	3197.4265	0.0	3197.4265	3197.4265	1000.0	760.01624	21.17015	804.2928	740.73224	225.3	240.40169	56.46533	302.98364	-30.820333	2.6690874	0.9792486	2.5888343	23.835243	-11.631449	-243.84897	0.15043075	0.0018558027	0.1524495	0.14604421	-0.039517798	0.8425939	0.7399647	8.67075	1.4901161e-07
26	26999	2306.325618505478	3221.0757	0.0	3221.0757	3221.0757	1000.0	857.38995	41.49895	971.1067	832.0793	264.8	245.1497	55.680656	307.42133	-35.932613	2.233898	0.97244275	2.5698867	25.091362	-11.178118	-248.48997	0.14339474	0.0021516073	0.14658093	0.139515	-0.05357716	0.83307976	0.7350731	7.6560926	5.066395e-06
27	27999	2410.8884205818176	3318.3303	0.0	3318.3303	3318.3303	1000.0	3301.728	7.873363	3315.932	3287.1633	1000.0	251.17761	55.306324	312.53644	-33.995235	2.2798424	0.99356496	2.5366213	26.36722	-9.824309	-254.48755	0.13902657	0.0012423696	0.14088883	0.13690947	-0.012645849	0.81487054	0.72550404	7.8352337	8.34465e-07
28	28999	2518.007035255432	3217.5703	0.0	3217.5703	3217.5703	1000.0	3219.337	2.1107476	3223.749	3216.8872	1000.0	254.84462	55.685154	315.41965	-63.03196	2.3503485	1.002571	2.5182614	26.468792	-11.545674	-258.1332	0.14085856	0.0015271623	0.14274141	0.13786191	0.0051742364	0.81531155	0.73048615	8.31007	5.9604645e-08
29	29999	2626.342651128769	673.326	0.0	673.326	673.326	216.0	3274.5386	11.599354	3290.3933	3257.7637	1000.0	256.93436	54.06013	315.44867	-43.12541	2.5463867	1.0037059	2.494078	28.64676	-10.519999	-260.06546	0.14020364	0.0006173058	0.14171894	0.13823831	0.007374172	0.8080789	0.7212378	7.574145	1.1324883e-06
30	30999	2732.149247646332	3170.8638	0.0	3170.8638	3170.8638	1000.0	1377.4944	53.23508	1451.3962	1286.4044	426.2	259.43835	53.086437	315.7475	-54.59537	2.2421288	0.9729212	2.44419	27.150188	-11.21956	-262.4637	0.13743074	0.0026295898	0.14098968	0.13288566	-0.0539282	0.80042034	0.7171065	7.6839094	5.364418e-07
31	31999	2837.105994462967	2401.9849	901.367	3303.3518	1500.6178	725.0	690.2623	807.89984	3057.9607	318.06305	259.5	261.6464	52.405407	316.90576	-50.306545	2.2238486	0.96331805	2.4706883	27.30711	-10.11178	-264.63388	0.13089192	0.002611064	0.13430479	0.12520652	-0.07502997	0.81004274	0.7244664	7.6318274	2.3692846e-06
32	32999	2942.410705089569	906.25385	656.24457	1814.0582	285.30713	289.0	865.79785	641.73425	1782.5409	326.58896	334.4	261.2679	53.580696	317.84683	-55.472656	2.6991723	1.0208175	2.494696	34.585663	-10.586697	-264.21268	0.12729734	0.001577628	0.12984952	0.124800034	0.043000013	0.80937076	0.7345835	8.320903	1.5059486e-06
33	33999	3049.431084871292	3294.0703	0.0	3294.0703	3294.0703	1000.0	3229.2788	5.726224	3237.528	3218.321	1000.0	261.95917	54.597183	318.08676	-45.13033	2.3263228	0.9982344	2.501545	27.622309	-13.623721	-264.812	0.12964389	0.000799154	0.13078776	0.12826937	-0.0035369014	0.82733417	0.74783605	8.76994	1.5795231e-06
34	34999	3154.3537974357605	3215.8901	0.0	3215.8901	3215.8901	1000.0	642.6295	1274.3208	3193.3513	5.4207363	206.4	262.69632	54.1672	317.3867	-42.090828	2.1059916	0.9886772	2.4978194	30.064728	-12.299136	-265.4459	0.12908109	0.0017726758	0.13216083	0.12632589	-0.023190094	0.8287312	0.7417241	8.859131	4.082918e-06
35	35999	3259.56861948967	2733.3433	0.0	2733.3433	2733.3433	834.0	1197.184	1049.5885	2943.1501	5.5021687	356.5	264.30566	55.49167	318.73245	-56.31658	1.9194003	0.9924388	2.4892569	28.333532	-12.491379	-266.96808	0.12619942	0.0013173909	0.12857455	0.124247976	-0.015586833	0.8291294	0.7440689	8.515846	2.1122396e-06
36	36999	3366.092869281769	3209.8115	0.0	3209.8115	3209.8115	1000.0	2412.7017	693.78625	3302.8433	1704.3896	723.9	266.22476	55.90674	320.2732	-41.37331	1.8811597	0.9999721	2.4791343	27.764156	-11.697224	-268.83438	0.12620182	0.0011628926	0.12851672	0.12454625	5.1078798e-05	0.8177574	0.73550475	7.948778	9.536743e-07
37	37999	3470.1475489139557	3227.969	0.0	3227.969	3227.969	1000.0	575.6258	79.581245	667.43384	464.84384	207.1	268.70007	54.911842	321.02524	-33.905872	1.8517072	0.9664838	2.4666646	34.11932	-10.004101	-271.34116	0.12184807	0.0029845585	0.12743267	0.117868215	-0.0703829	0.8095378	0.73236287	8.6768055	5.811453e-07
38	38999	3577.550190448761	2257.7644	950.41425	3208.1787	1307.3502	696.5	3297.3208	6.905041	3307.6204	3286.6533	1000.0	268.68784	54.160763	320.44162	-58.648834	1.7322346	0.9766615	2.4451222	25.855057	-12.095886	-271.1918	0.11655037	0.0019702222	0.11963645	0.1137798	-0.050104752	0.8030389	0.7272639	7.8818817	2.9802322e-08
39	39999	3680.0816864967346	2227.8298	0.0	2227.8298	2227.8298	673.0	553.8818	671.8799	1481.0177	6.176666	175.9	269.58865	55.102406	322.13873	-34.295086	1.8410674	1.0237017	2.4456718	27.032246	-10.649754	-272.0265	0.115876295	0.0012022766	0.11887817	0.11434223	0.05100591	0.7955214	0.7312098	7.6961594	6.2584877e-07
40	40999	3785.483774662018	3210.275	0.0	3210.275	3210.275	1000.0	1404.5281	1398.4421	2808.8245	6.057192	504.5	270.28622	54.29479	322.69785	-40.72533	1.9361407	1.0051415	2.4827867	29.434834	-10.970578	-272.74078	0.1201611	0.00065401837	0.12167126	0.118901245	0.011017481	0.7940133	0.7322123	8.248131	1.4901161e-06
41	41999	3890.2676515579224	2719.1802	447.21472	3166.395	2271.9656	839.0	1220.893	1516.6335	3321.6145	5.335167	370.3	271.60907	53.822033	321.3676	-48.790897	1.7999077	0.96632206	2.419766	27.555218	-10.494569	-273.9191	0.1168759	0.0025619674	0.12133818	0.11343378	-0.07221664	0.7834769	0.721757	8.319255	1.7881393e-07
42	42999	3996.326591491699	2106.0508	0.0	2106.0508	2106.0508	630.0	1228.0447	653.83264	2978.4978	678.6711	371.9	272.11978	55.003902	322.2125	-44.6432	1.8488576	0.99330664	2.464965	28.39576	-10.564365	-274.44604	0.114175566	0.0014080124	0.11600866	0.11206531	-0.014524025	0.7861014	0.7318651	8.977185	9.4249845e-07
43	43999	4099.693212747574	3204.3523	0.0	3204.3523	3204.3523	1000.0	402.90588	157.66193	612.41644	271.73712	142.7	272.69	55.184658	322.65622	-54.15009	1.8233831	1.0089225	2.4387805	26.9785	-14.470801	-274.98383	0.11341717	0.00027431038	0.114043295	0.112352975	0.019495789	0.79013634	0.7339637	11.74506	2.9802322e-08
44	44999	4207.748381853104	1508.2653	517.07623	2025.3414	991.189	443.0	3119.5571	309.5115	3230.7993	2191.1836	965.5	273.84244	55.078976	323.93057	-59.25832	1.7643936	0.9800852	2.401266	28.01113	-11.540144	-276.0325	0.11357421	0.0011071311	0.114617	0.110261045	-0.043491725	0.78253347	0.72436374	10.235818	3.427267e-07
45	45999	4312.032932281494	3219.0396	0.0	3219.0396	3219.0396	1000.0	223.86214	572.0117	1939.856	28.873774	83.6	274.44705	55.101124	324.6658	-37.77767	1.6815244	0.98192585	2.3936644	26.715515	-13.305168	-276.61288	0.108445145	0.0009845409	0.11099834	0.106667906	-0.040081803	0.77625245	0.7212252	13.395232	4.4703484e-07
46	46999	4417.361823320389	1646.8947	0.0	1646.8947	1646.8947	534.0	1595.8391	776.0423	3315.8037	913.2136	482.3	277.72552	54.819874	328.56476	-24.245958	3.1710563	1.0445211	2.4321756	32.769096	-11.668513	-279.86642	0.110813044	0.0016140491	0.11446246	0.10671522	0.098190725	0.78307885	0.7269332	9.276285	2.4586916e-07
47	47999	4521.964949607849	1999.1942	1213.3033	3212.4976	785.8909	632.0	382.1707	4.995334	391.5474	376.06134	145.1	277.4782	55.045464	326.231	-23.199059	2.6357837	1.0052193	2.4090679	29.201729	-13.005929	-279.5852	0.11549561	0.00067532645	0.11647104	0.11393749	0.011376277	0.7866104	0.7316247	13.257135	2.503395e-06
48	48999	4629.781388759613	1560.1989	1218.626	3209.2947	302.1351	481.33334	3178.079	9.547439	3187.7454	3152.926	1000.0	276.9031	55.71249	325.90112	-60.033173	2.8878586	1.0367806	2.3793793	27.57653	-11.425543	-278.9709	0.117488876	0.0024328087	0.12275837	0.11502382	0.078323685	0.801746	0.74289274	10.849397	1.5497208e-06
49	49999	4737.194477796555	1212.1176	12.304565	1224.4221	1199.813	375.0	3283.018	6.911003	3291.3933	3270.3245	1000.0	274.4493	57.238297	325.26297	-62.633152	2.4564419	1.0510033	2.3517318	28.828854	-10.738175	-276.4393	0.12778997	0.0029226153	0.13346879	0.12277848	0.10483761	0.800599	0.7317053	8.971707	1.1511147e-06
50	50999	4844.492090463638	1604.9086	1146.0947	3205.4275	583.16766	506.0	3192.2126	14.865197	3218.2341	3162.6902	1000.0	272.4408	55.991264	323.0185	-36.170296	2.5903506	0.996433	2.3631122	25.7812	-11.496631	-274.4713	0.13560489	0.0010743738	0.13708496	0.13294505	-0.0071006357	0.80067474	0.7278813	8.854845	1.4007092e-06
51	51999	4952.329540729523	3272.4653	0.0	3272.4653	3272.4653	1000.0	3201.2258	5.1075315	3209.5513	3193.9553	1000.0	271.5181	55.407166	322.76324	-43.404663	3.269035	0.9746565	2.35893	27.007675	-11.859938	-273.48355	0.1302827	0.0012253639	0.13296756	0.1275675	-0.051586777	0.7989831	0.7314123	10.017515	1.4901161e-07
52	52999	5059.659873247147	2675.6853	0.0	2675.6853	2675.6853	816.0	3277.8196	4.708373	3284.3333	3268.6423	1000.0	272.26157	55.3503	321.85938	-49.507877	2.23078	0.9920112	2.350288	26.944965	-10.527718	-274.14166	0.12503509	0.0007665456	0.1275442	0.123894006	-0.016455445	0.79434294	0.7240914	9.609906	4.7683716e-07
53	53999	5167.210721492767	1585.335	88.142395	1673.4774	1497.1926	463.5	3232.2512	3.6270916	3236.742	3226.484	1000.0	273.12466	55.271767	333.5402	-35.114937	2.5010903	1.0126108	2.3532057	26.838888	-11.225278	-275.0177	0.12891167	0.0014142498	0.1308001	0.12553829	0.026081806	0.7952561	0.7246803	7.3269167	5.627051e-06
54	54999	5275.091838359833	3223.8079	0.0	3223.8079	3223.8079	1000.0	3261.717	6.764534	3278.753	3250.7773	1000.0	274.4416	54.055565	323.11917	-49.609024	2.3642113	0.9739185	2.3636303	27.084644	-12.117163	-276.319	0.12472223	0.0019273165	0.12853552	0.12233677	-0.054070704	0.7961865	0.7249745	7.646563	6.854534e-07
55	55999	5380.731486797333	1647.4888	0.0	1647.4888	1647.4888	489.0	3309.778	53.307194	3437.919	3275.2837	1000.0	274.68478	54.305958	322.2763	-44.528076	2.03679	0.9783933	2.3711965	27.298624	-13.517254	-276.49738	0.122390255	0.00198747	0.124955304	0.11800523	-0.04567196	0.79981476	0.72985935	9.442832	1.4454126e-06
56	56999	5487.253349542618	3268.3267	0.0	3268.3267	3268.3267	1000.0	2837.3179	699.9341	3230.937	1431.2626	883.8	276.7427	54.94796	323.6558	-21.959198	1.9764531	1.00861	2.3563168	25.701893	-11.599745	-278.6601	0.11980582	0.00037134637	0.120432444	0.118008666	0.018412765	0.8033606	0.72644913	8.633825	9.457581e-07
57	57999	5595.131068468094	2731.566	513.94055	3245.5063	2217.6252	827.5	3118.9834	277.12143	3391.808	2573.4182	955.2	277.17065	54.41533	323.899	-30.058424	1.942052	0.9862142	2.35828	29.294827	-10.142549	-279.00357	0.11893161	0.001791836	0.121900156	0.11619166	-0.029334519	0.79800195	0.72783613	8.351606	3.9860606e-07
58	58999	5698.8368704319	1848.1228	286.06158	2134.1843	1562.0612	543.5	322.972	1.919057	326.54434	320.12927	127.2	278.42465	54.475014	323.83722	-31.82045	1.7229738	0.9884449	2.3468418	26.394304	-10.871073	-280.25082	0.117197745	0.00097601704	0.11855833	0.114561595	-0.024843663	0.7927106	0.7253172	8.413475	1.013279e-06
59	59999	5804.00256896019	3215.4146	0.0	3215.4146	3215.4146	1000.0	3259.4402	4.3225784	3267.1516	3253.9326	1000.0	279.2614	54.805065	324.8614	-38.807964	1.9817472	1.0226381	2.3376687	30.06843	-10.018408	-281.0557	0.11665385	0.0011136542	0.11911093	0.11456905	0.048676964	0.7916748	0.7214109	8.4591	1.5521655e-06
60	60999	5907.758002281189	3225.0679	0.0	3225.0679	3225.0679	1000.0	295.39175	1.7679437	298.54102	293.22708	120.8	280.54337	53.90289	325.57513	-32.27591	1.721449	0.97301334	2.2855017	29.05659	-11.353322	-282.32874	0.11700231	0.0020983142	0.12007501	0.113505036	-0.057987776	0.7924279	0.712047	7.8518066	9.4622374e-07
61	61999	6013.5639452934265	1058.007	760.8062	1818.8132	297.20074	333.0	2281.9229	691.90784	3230.8945	860.5507	716.6	280.3504	53.631546	324.16928	-36.19038	2.0016606	0.99956983	2.2777143	29.080595	-11.452614	-282.06525	0.11404327	0.00074504904	0.11556397	0.1131623	-0.0008635025	0.7851306	0.7091668	8.509038	2.3543835e-06
62	62999	6119.350936174393	1842.2404	0.0	1842.2404	1842.2404	545.0	3140.1677	245.60844	3348.4883	2614.7217	913.8	279.68774	54.723324	324.88632	-37.92778	1.8262522	0.9997852	2.2920537	28.78366	-10.303753	-281.39743	0.113409534	0.0006312618	0.11466355	0.11255704	-0.00039993573	0.79232585	0.71983045	8.149944	1.013279e-06
63	63999	6223.858255624771	3250.9854	0.0	3250.9854	3250.9854	1000.0	1163.0205	50.896458	1314.9877	1137.359	348.6	280.13663	53.604294	324.77533	-27.735271	2.006788	0.9757481	2.3192432	33.562027	-11.042729	-281.79486	0.11294567	0.0015637447	0.11477363	0.10879584	-0.053190485	0.79661757	0.7183333	8.452716	2.4400651e-06
64	64999	6327.334362268448	1935.7017	940.3992	3259.8298	1166.2161	584.3333	1620.0143	252.15521	2321.22	1422.897	474.2	281.1532	54.004166	326.38614	-47.39044	1.8060338	1.0033224	2.3424172	26.09184	-10.348472	-282.84488	0.109990396	0.00043658898	0.11062972	0.108802214	0.0074250177	0.79525083	0.725164	8.630762	2.682209e-07
65	65999	6434.523236513138	3241.549	0.0	3241.549	3241.549	1000.0	3247.5117	4.2764444	3255.0234	3239.1067	1000.0	280.7732	54.460857	326.64392	-64.60046	1.8414372	0.9923658	2.3525221	27.100843	-10.845237	-282.34494	0.10983279	0.0014286241	0.111785695	0.10741963	-0.016876569	0.7942413	0.7320793	9.454531	2.1718442e-06
66	66999	6540.771087408066	3229.454	0.0	3229.454	3229.454	1000.0	3266.9758	6.5396886	3275.9329	3253.318	1000.0	281.6305	54.46413	327.27292	-21.3352	1.6928676	0.98543584	2.3287213	27.0242	-13.392686	-283.20688	0.10624548	0.00092040485	0.108106755	0.10468395	-0.032566436	0.7860131	0.72822213	7.457715	7.4505806e-08
67	67999	6647.667260885239	1669.6206	506.1084	2175.729	1163.5122	498.5	3297.3335	72.401955	3483.5898	3250.2815	998.2	282.14145	53.340897	326.8629	-52.136536	1.9629239	0.9963066	2.3317502	27.16955	-10.849594	-283.7667	0.10420346	0.0009520403	0.10592394	0.10292258	-0.008265984	0.7937264	0.7305296	8.081031	1.7434359e-06
68	68999	6754.740416049957	3276.654	0.0	3276.654	3276.654	1000.0	3281.023	4.0540214	3289.5298	3274.381	1000.0	282.6663	53.392876	327.35446	-43.060143	1.79366	0.99565554	2.365563	29.704762	-10.451891	-284.24387	0.104921274	0.0009594929	0.10649133	0.1034037	-0.009746191	0.7993532	0.7393309	8.4784355	3.8146973e-06
69	69999	6861.516595840454	2399.5037	0.0	2399.5037	2399.5037	685.0	3228.2173	0.984092	3229.4507	3226.0815	1000.0	284.93808	52.695343	328.80765	-39.088547	1.8596989	0.9700004	2.3612013	28.273392	-11.817971	-286.52338	0.100804165	0.0020945384	0.104212224	0.0980878	-0.06875259	0.79534686	0.7336775	8.325762	6.7055225e-07
70	70999	6967.053539514542	1598.7654	311.92255	1910.688	1286.8429	452.5	3220.1716	1.1903702	3222.036	3218.404	1000.0	285.03503	53.339916	328.8927	-27.852257	2.006813	0.9936223	2.4209793	31.596436	-11.583862	-286.55487	0.09817913	0.0007864277	0.09964686	0.09688666	-0.014775192	0.7980598	0.7411434	9.025013	2.3841858e-07
71	71999	7071.271697759628	3351.7778	0.0	3351.7778	3351.7778	998.0	1208.2057	18.07472	1236.2864	1174.3555	342.2	285.82526	52.224854	331.0456	-27.087841	2.1846719	0.9810053	2.375067	33.47747	-10.6532	-287.36557	0.09589032	0.0011473284	0.09764999	0.09379948	-0.044553924	0.78445977	0.7297727	10.9991	4.5895576e-06
72	72999	7177.840688228607	2269.4253	1075.9608	3345.386	1193.4644	676.0	3309.1328	3.8706195	3313.6077	3301.137	1000.0	287.12555	52.04085	334.12936	-25.408785	2.0183263	1.0092459	2.366751	31.35971	-10.473676	-288.6454	0.093699954	0.00062883395	0.0951965	0.09256931	0.021882445	0.7804396	0.72638965	9.859151	5.9604645e-08
73	73999	7282.085945606232	1519.8608	336.97028	1856.831	1182.8905	436.5	621.0876	103.48524	729.7111	515.36487	209.5	287.6753	52.607044	336.91626	-31.759079	2.3002553	1.0367821	2.3562746	29.679447	-12.100112	-289.18277	0.09886007	0.0014567762	0.10149154	0.09522392	0.085405745	0.77625513	0.72430974	10.454911	5.438924e-07
74	74999	7387.151997089386	1308.1661	135.11963	1443.2858	1173.0465	397.0	2050.3726	453.8663	3185.2952	1717.9624	592.9	286.79404	53.19202	337.6827	-29.546839	2.6092956	1.0118301	2.3346574	30.405725	-11.107714	-288.2458	0.103374965	0.00058662996	0.1043636	0.101501636	0.027009081	0.77636313	0.7274615	9.617067	1.1324883e-06
75	75999	7491.544211387634	3268.653	0.0	3268.653	3268.653	1000.0	1042.078	18.733503	1079.0865	1018.581	318.8	286.26312	53.82139	336.40714	-37.91372	2.5477462	0.9887934	2.3701708	28.491982	-10.834233	-287.77225	0.10356563	0.00078568014	0.104865655	0.1016593	-0.0254426	0.78746396	0.7294371	11.673675	8.6426735e-07
76	76999	7598.271340608597	2222.6619	1079.8081	3302.47	1142.8536	670.0	3247.219	5.9290934	3260.976	3235.7188	1000.0	288.7419	52.38592	337.72595	-27.819721	2.0627248	0.977325	2.3774843	29.841969	-10.821684	-290.1753	0.09922617	0.0011716131	0.10232585	0.0978343	-0.0521916	0.78012484	0.72492146	12.0827675	3.0249357e-06
77	77999	7703.981104373932	3390.3682	0.0	3390.3682	3390.3682	1000.0	2333.3218	879.4349	3441.238	1487.6532	667.5	287.89838	52.95641	337.0081	-26.693876	2.457731	0.990916	2.3711634	29.952095	-12.078336	-289.39105	0.09701425	0.00057344313	0.09816648	0.095953174	-0.02112239	0.7756987	0.7243511	12.964581	2.8461218e-06
78	78999	7808.89394903183	1765.8264	749.7903	2515.6167	1016.0361	517.5	910.1201	16.375013	946.87177	882.76794	268.0	289.2876	51.975224	335.3161	-33.821617	2.0830426	0.9771326	2.3922045	32.351295	-9.680604	-290.7629	0.09499797	0.0011798076	0.09706156	0.09247873	-0.05391314	0.7770586	0.729194	10.812593	3.1664968e-07
79	79999	7914.144881725311	3303.8706	0.0	3303.8706	3303.8706	1000.0	1721.0784	299.87918	2165.4075	1435.5687	492.3	290.2535	51.89878	336.46707	-36.053024	1.9978836	1.0112245	2.4159214	30.355228	-11.698811	-291.70197	0.0934642	0.00038246723	0.094218165	0.09247965	0.026698371	0.7777042	0.7349019	14.42564	6.7055225e-07
80	80999	8021.295756101608	1331.9883	620.95746	1952.9458	711.0309	395.0	3270.2517	38.785107	3366.301	3224.8704	1000.0	289.83325	52.484783	338.34247	-21.763754	1.8510215	1.0124805	2.3899982	29.66248	-10.621782	-291.23254	0.09590619	0.00050050364	0.09670542	0.09418315	0.02941238	0.77859527	0.7341344	11.5201645	3.874302e-07
81	81999	8128.142859458923	1280.1239	103.00586	1383.1298	1177.118	373.5	3287.1694	4.0828466	3293.143	3279.8298	1000.0	288.742	54.008797	336.87097	-29.611069	2.1686654	1.0092614	2.3996334	32.54847	-11.831858	-290.20688	0.09795732	0.0002977648	0.09842535	0.09635471	0.021674873	0.7732873	0.7272639	9.700773	1.0728836e-06
82	82999	8232.410811662674	3114.2126	0.0	3114.2126	3114.2126	898.0	1665.667	163.90324	2079.902	1548.8972	476.5	288.2038	54.15894	335.69937	-44.73474	2.050165	1.0138656	2.4039128	27.731384	-10.948686	-289.59692	0.099689335	0.00058440835	0.10071414	0.09791714	0.032150596	0.77337825	0.7304943	9.72674	5.9604645e-08
83	83999	8338.263868570328	1954.3179	549.19037	2503.5083	1405.1276	542.0	3261.08	2.4655373	3265.4263	3257.9397	1000.0	287.30234	53.83232	335.29327	-62.82326	1.8623037	1.0017567	2.4111745	29.165062	-11.509944	-288.67664	0.10062216	0.0004347517	0.10133769	0.099774614	0.004113681	0.77613056	0.73566467	15.183798	5.476177e-07
84	84999	8445.313524484634	3308.719	0.0	3308.719	3308.719	1000.0	3252.0579	206.01758	3332.2456	2634.3193	975.2	288.17767	52.470333	334.95807	-57.203716	2.038277	0.9511502	2.4300897	29.499605	-10.641296	-289.54196	0.096998006	0.002667904	0.10137058	0.09249625	-0.114138134	0.7832705	0.7376483	13.968817	0.0
85	85999	8549.35819554329	2478.4731	1051.365	3529.8381	1427.1082	687.0	825.8345	22.097101	864.3639	801.07806	257.2	291.12613	50.893623	337.67798	-53.658768	2.1865914	0.9685939	2.4742906	31.196714	-10.566447	-292.49338	0.089160785	0.0022383754	0.09335038	0.08631439	-0.07545688	0.7771836	0.7340572	11.228184	4.582107e-07
86	86999	8653.137517929077	3312.221	0.0	3312.221	3312.221	1000.0	1040.3468	63.457966	1130.4384	883.21674	320.7	292.92242	52.984745	340.20337	-51.395985	2.0078142	0.98627543	2.466359	28.883083	-9.286715	-294.3374	0.086735174	0.0011624908	0.08862479	0.08511729	-0.033477236	0.7787095	0.7311074	9.313101	2.5331974e-06
87	87999	8757.824590921402	2080.805	641.5621	2722.367	1439.2428	585.0	999.49646	48.09822	1100.8737	952.13776	294.5	293.00623	52.433342	339.25323	-35.143917	1.7288604	0.99677384	2.4465919	28.6714	-11.781927	-294.31995	0.08480308	0.0008348305	0.08662769	0.083549775	-0.007858398	0.77498025	0.7292129	9.989096	7.4505806e-08
88	88999	8864.903302669525	1924.3818	0.0	1924.3818	1924.3818	541.0	3217.853	1.5893263	3220.9175	3214.4338	1000.0	292.40417	52.850796	339.46255	-82.62891	1.997618	1.0029386	2.4608605	29.718529	-9.208389	-293.79675	0.08668068	0.0007128223	0.08756397	0.08531717	0.007310902	0.77065307	0.72956264	10.988937	4.6938658e-07
89	89999	8971.868392705917	1479.0573	314.62653	1883.3104	1115.9359	424.0	3248.7446	31.207449	3297.983	3192.6924	1000.0	292.33386	52.895214	340.06226	-20.436073	1.7808964	0.9864943	2.439141	29.172674	-13.260172	-293.61694	0.08525296	0.0011518506	0.08741874	0.0836089	-0.033249356	0.7752964	0.7320525	11.722825	3.0696392e-06
90	90999	9076.465158462524	1654.3293	221.77838	1876.1077	1432.5509	454.5	340.69354	1000.22656	3341.373	6.4968166	108.9	291.08264	53.905083	338.31815	-49.573845	1.714707	1.0070553	2.462057	32.10026	-11.670153	-292.36325	0.08486943	0.00041483954	0.085628144	0.08375698	0.017526088	0.77425575	0.7362756	9.673199	1.0626391e-06
91	91999	9182.32615017891	2834.256	0.0	2834.256	2834.256	794.0	3338.8801	18.630976	3374.6453	3310.0725	1000.0	291.92575	53.66085	339.2064	-38.81559	1.7701192	0.9685292	2.4797854	30.46614	-13.102553	-293.23145	0.08465175	0.0021323473	0.086887285	0.08047826	-0.078332484	0.77942824	0.73736167	15.290933	2.6524067e-06
92	92999	9285.292476177216	2227.5552	1052.4625	3280.0176	1175.0925	667.5	820.4818	33.09222	890.7024	785.97125	254.1	291.63223	54.142715	339.39163	-41.992382	1.7496655	1.0062375	2.4695795	30.464943	-12.092896	-292.91125	0.08155306	0.00061694114	0.082672365	0.0803918	0.015772916	0.78111285	0.73939097	10.342579	5.2154064e-07
93	93999	9389.312965631485	3377.4282	0.0	3377.4282	3377.4282	1000.0	1819.2498	566.0733	3125.635	1420.5023	508.4	292.91696	53.77438	340.56912	-27.04014	1.5733471	1.009444	2.4889333	30.321598	-10.577831	-294.17862	0.08285386	0.00040045407	0.08354016	0.08131334	0.02371392	0.78467935	0.74117184	9.253567	3.516674e-06
94	94999	9494.963597297668	1124.9768	283.8043	1525.5984	903.5932	331.0	3266.7312	7.270132	3278.8896	3257.9294	1000.0	292.30515	54.466797	340.46375	-49.616173	1.6458071	1.0145155	2.4468417	32.15909	-12.301086	-293.54724	0.08344375	0.00047417605	0.084464446	0.08251033	0.03611911	0.78175515	0.73803306	9.751392	1.1473894e-06
95	95999	9600.360237836838	1223.6658	193.65515	1417.3209	1030.0106	346.5	3352.2117	29.359243	3413.8965	3319.8	1000.0	292.05362	55.76727	341.5986	-30.449568	1.7761835	1.0389138	2.4575434	31.325626	-10.94842	-293.30875	0.088191286	0.0011883912	0.09007118	0.08448884	0.09496348	0.78936875	0.74631304	11.169889	9.0897083e-07
96	96999	9705.963334560394	2192.623	0.0	2192.623	2192.623	600.0	3298.6392	25.380518	3342.1868	3272.425	1000.0	291.1323	56.024574	341.3966	-32.175617	1.7418149	0.9903569	2.4092808	27.355389	-10.8265705	-292.37833	0.09038773	0.0006317352	0.09158036	0.088820286	-0.02318792	0.781555	0.73678803	10.782582	8.381903e-07
97	97999	9811.00335431099	3277.0398	0.0	3277.0398	3277.0398	1000.0	3201.0767	10.077671	3212.3984	3183.0403	1000.0	290.82144	55.377354	339.17932	-36.899143	1.6536297	0.980929	2.3902597	29.54298	-13.661418	-292.04868	0.088234946	0.0011324091	0.089645445	0.08576262	-0.046440512	0.7798486	0.72810686	9.686495	5.662441e-07
98	98999	9916.24993133545	3414.9492	0.0	3414.9492	3414.9492	1000.0	3154.5156	486.5973	3373.7898	1703.8986	943.7	291.03696	54.487354	339.31732	-41.60062	1.8131648	0.9661831	2.4235137	30.7487	-10.743409	-292.26544	0.08313606	0.0018678873	0.08622849	0.08089561	-0.0839257	0.7730347	0.72794455	9.19123	2.1457672e-06
99	99999	10019.474853277206	3289.6758	0.0	3289.6758	3289.6758	1000.0	1336.3225	51.800533	1429.1339	1257.7253	381.0	292.86484	54.279133	340.88818	-21.449978	1.7423922	0.99983376	2.439207	30.02996	-9.5526705	-294.10114	0.08126863	0.00088398467	0.08288026	0.079921335	-0.0003081274	0.7711685	0.7283219	9.889807	1.1920929e-06
