Epoch	TotalEnvInteracts	Time	AverageEpRet	StdEpRet	MaxEpRet	MinEpRet	EpLen	AverageTestEpRet	StdTestEpRet	MaxTestEpRet	MinTestEpRet	TestEpLen	AverageQ1Vals	StdQ1Vals	MaxQ1Vals	MinQ1Vals	LossQ1	AverageLogPi	StdLogPi	MaxLogPi	MinLogPi	LossPi	AverageAlpha	StdAlpha	MaxAlpha	MinAlpha	LossAlpha	AveragePreTanh	StdPreTanh	MaxPreTanh	MinPreTanh
0	999	0.9154582023620605	20.943867	23.54933	115.327065	4.116121	23.209303	10.916295	0.04289338	10.998798	10.857935	13.0	0.0	0.0	0.0	0.0	0.0	0.0	0.0	0.0	0.0	0.0	0.0	0.0	0.0	0.0	0.0	0.0	0.0	0.0	0.0
1	1999	1.208343505859375	22.335522	23.96433	124.374176	3.452838	23.714285	10.916295	0.04289338	10.998798	10.857935	13.0	0.0	0.0	0.0	0.0	0.0	0.0	0.0	0.0	0.0	0.0	0.0	0.0	0.0	0.0	0.0	0.0	0.0	0.0	0.0
2	2999	1.5170190334320068	15.133925	9.13861	52.619244	6.126275	19.96	10.970255	0.06488296	11.108696	10.902742	13.0	0.0	0.0	0.0	0.0	0.0	0.0	0.0	0.0	0.0	0.0	0.0	0.0	0.0	0.0	0.0	0.0	0.0	0.0	0.0
3	3999	1.8591816425323486	18.134651	18.61323	116.574425	6.395498	22.044445	10.9312	0.030251013	10.998956	10.901944	13.0	0.0	0.0	0.0	0.0	0.0	0.0	0.0	0.0	0.0	0.0	0.0	0.0	0.0	0.0	0.0	0.0	0.0	0.0	0.0
4	4999	2.245058536529541	18.294903	20.980427	151.20201	6.8408637	20.645834	10.933294	0.069096416	11.0111685	10.803399	13.0	0.0	0.0	0.0	0.0	0.0	0.0	0.0	0.0	0.0	0.0	0.0	0.0	0.0	0.0	0.0	0.0	0.0	0.0	0.0
5	5999	112.54349207878113	173.77052	100.72082	351.1055	24.468658	90.0	216.08371	3.2363052	220.90938	209.27637	106.9	91.06441	52.331203	179.341	-19.149136	7.9610305	-0.7526701	1.8946007	19.035118	-10.454847	-97.416725	0.8834621	0.06264314	0.99970007	0.7779694	-0.19962622	0.84532714	0.62758064	5.5539227	2.026558e-06
6	6999	223.74011087417603	262.59375	44.049633	316.13776	204.6905	124.0	291.61005	1.8540351	295.26477	288.22058	126.6	178.87744	51.776527	225.84856	-28.747633	11.18324	-0.41298547	2.399734	26.025787	-9.960143	-188.13559	0.6835686	0.05280492	0.7777677	0.59562725	-0.5393553	0.87084913	0.6728626	7.4746723	8.940697e-07
7	7999	333.0294704437256	259.49252	73.23837	381.41025	167.93744	133.5	228.36137	1.9279927	232.21574	224.81586	169.3	183.28029	59.609077	227.64203	-57.763905	8.529945	-0.21552004	2.6201034	30.400833	-10.770214	-191.92232	0.52290785	0.039084632	0.59546626	0.460599	-0.7822936	0.89307624	0.69959944	8.368289	4.172325e-07
8	8999	450.11845231056213	458.74664	87.73571	553.4253	327.1653	295.0	1002.89343	0.569656	1003.93555	1001.9049	1000.0	171.55766	54.308254	221.83646	-74.364136	6.22181	-0.1449768	2.628743	31.160313	-9.617474	-178.80493	0.4065653	0.03263901	0.4605135	0.3488723	-1.0455223	0.8832066	0.6967226	8.876749	1.2889504e-06
9	9999	562.3426592350006	317.91577	20.3487	358.72354	295.60025	147.0	313.6008	1.7760981	315.82092	310.6675	134.6	151.586	45.97386	194.99747	-25.454662	2.8655045	-0.32613978	2.6084561	28.990276	-10.304763	-157.17363	0.29899767	0.026695468	0.34875256	0.25605804	-1.602789	0.85366315	0.68463945	8.906529	4.4703484e-06
10	10999	673.6298260688782	316.88452	6.2298326	325.8442	304.7028	132.0	318.8981	1.3195118	321.08154	316.5229	139.6	141.44739	43.24737	177.21625	-22.4383	1.7022628	-0.19986774	2.643744	30.45345	-9.040236	-146.18875	0.22267896	0.01811333	0.2559797	0.19309491	-1.802532	0.8681892	0.69069463	9.358323	2.1457672e-06
11	11999	783.0961866378784	315.49945	4.5136414	323.27936	309.64365	131.25	321.35477	1.1311928	323.01614	320.02762	131.4	138.84015	42.84169	172.2371	-22.191458	1.330838	-0.041941296	2.7103598	33.57663	-11.097052	-143.06438	0.1694216	0.012897135	0.19303624	0.14818934	-1.8490447	0.8756259	0.7018299	9.863454	5.00679e-06
12	12999	892.6717307567596	319.93805	6.2702694	327.02917	307.83908	129.0	339.09024	1.0522997	341.0322	338.14102	134.3	134.65875	42.321842	169.18898	-21.403883	1.2308818	0.10244183	2.7873297	34.103504	-11.002409	-138.45712	0.13055518	0.009627744	0.14815202	0.11492944	-1.8253106	0.8830499	0.71538323	10.182689	8.940697e-08
13	13999	1002.0745620727539	340.63263	11.751956	355.6503	317.9703	134.0	338.97562	1.3241208	341.4677	336.33926	135.9	135.86284	42.85883	171.03142	-30.395107	1.1045368	0.37283316	2.8708606	34.330948	-12.033235	-139.42436	0.103555955	0.006366989	0.11489815	0.09273429	-1.4216346	0.9078111	0.73936635	10.890639	1.7881393e-07
14	14999	1109.961335659027	336.70056	37.77021	362.3132	238.37329	132.75	210.96431	1.307318	213.42862	209.33337	98.7	138.09935	43.889233	176.6199	-62.09113	1.2110461	0.6548264	2.9851017	36.266506	-9.793081	-141.53589	0.0857931	0.0035825153	0.09271537	0.07961224	-0.8455636	0.9252057	0.76924676	12.579685	6.556511e-07
15	15999	1216.9336445331573	355.63022	4.5837994	361.50717	349.82962	137.0	234.05905	144.51645	332.27655	12.864058	106.9	140.13997	45.811565	178.02968	-79.150604	1.5756282	0.76581097	2.983023	33.282204	-10.761448	-143.42958	0.07444214	0.003038618	0.07960497	0.06896238	-0.60847336	0.92178977	0.7749037	11.134729	2.7120113e-06
16	16999	1326.7353434562683	317.57156	85.816826	371.9478	154.30133	126.125	376.75125	1.5784028	379.82544	374.30765	139.1	140.96332	46.51309	181.31578	-72.07421	1.5612047	0.99014103	3.0331137	36.182053	-11.53326	-144.14568	0.06775929	0.0005152815	0.068957515	0.066941425	-0.026350914	0.9411833	0.7941725	12.88274	2.6077032e-07
17	17999	1435.097418308258	366.0813	2.8368688	370.50568	361.97177	137.0	369.5772	1.5056943	372.20535	366.77014	140.0	142.48093	47.28982	183.09793	-26.213795	1.5162474	1.0073867	2.9712179	35.157192	-10.917849	-145.53569	0.06820677	0.0004807528	0.06931848	0.067364216	0.019802803	0.9533701	0.78940535	12.966804	1.1324883e-06
18	18999	1543.3375897407532	378.58658	4.8123174	389.76337	374.6684	141.28572	12.713303	0.1854029	13.042185	12.428938	14.0	144.95525	48.93527	184.85951	-19.528685	1.1122712	0.9486874	2.9881759	35.841278	-11.386202	-147.96138	0.06722522	0.0014693175	0.06967208	0.06470971	-0.13836676	0.92403257	0.78297615	12.620665	7.1525574e-07
19	19999	1651.428762435913	377.22006	6.198999	385.51038	366.15906	141.28572	407.83783	1.9673032	410.3416	405.4505	149.0	146.56725	50.04816	187.60214	-19.543898	1.0381663	0.96938056	2.9888613	34.402924	-11.9648	-149.4344	0.06321304	0.0011247384	0.06519373	0.061712764	-0.084146775	0.9135861	0.78531355	15.807396	1.5795231e-06
20	20999	1761.74369430542	351.02408	57.45598	414.23163	269.82553	131.0	412.32382	1.6408048	415.5162	410.5386	149.8	148.16272	50.29461	190.12735	-25.122114	1.3195243	1.0596476	3.0064282	37.5901	-10.470797	-150.97456	0.0646586	0.0017016022	0.06804258	0.062509105	0.16291922	0.92835146	0.7964011	16.569405	6.8843365e-06
21	21999	1871.4692034721375	391.8334	73.68137	440.69745	256.43497	141.0	480.14258	1.6331041	483.28302	477.58405	162.9	155.72778	52.377895	205.04828	-40.762764	1.5271127	1.1161416	3.0976603	33.59382	-17.400175	-158.6626	0.07213742	0.002999517	0.079102494	0.06803997	0.30335465	0.93796176	0.81486803	16.17268	3.0584633e-06
22	22999	1979.6540381908417	486.07217	15.424115	511.41678	466.86923	163.83333	468.37836	1.7814498	471.13464	464.7542	158.2	172.79414	59.600555	230.2739	-28.852045	1.9753593	1.2191261	3.1466281	35.44689	-14.415493	-176.05247	0.09178792	0.007748183	0.101364	0.07912326	0.52950865	0.9523001	0.8304106	22.060629	2.682209e-07
23	23999	2088.4917488098145	445.99698	23.943096	489.8034	410.13693	155.42857	502.1463	6.599903	513.92004	493.65482	175.4	173.71999	59.961155	226.2501	-30.616833	1.4929426	0.8374385	3.113913	35.727543	-12.35769	-176.85858	0.09324982	0.004485008	0.09988755	0.08468599	-0.3876194	0.9327807	0.8133551	19.719498	3.4552068e-06
24	24999	2198.8423862457275	476.29166	35.803566	509.33185	403.01785	159.0	550.4066	1.4384816	552.7322	548.2775	174.6	169.99083	56.95229	219.92488	-24.327858	1.724601	0.9833462	3.0865676	34.577793	-9.918016	-172.92368	0.0836095	0.00043194118	0.08470634	0.082812294	-0.041217346	0.9412744	0.8156331	19.219742	8.046627e-07
25	25999	2309.5389943122864	494.08606	41.560703	566.6084	434.81137	163.66667	476.8816	3.4104598	481.33344	470.00766	153.6	176.42854	59.944885	225.85619	-23.695759	1.5808387	1.026474	3.1634822	33.844383	-10.284015	-179.46555	0.083426714	0.000808524	0.085931666	0.08251731	0.06547303	0.94180495	0.8259543	22.292503	2.2500753e-06
26	26999	2419.611262321472	464.6752	43.65217	523.86584	394.47495	156.5	314.80585	1.325628	316.93457	313.32578	119.3	181.18973	63.108727	233.08116	-24.1474	1.5392592	1.0816809	3.1732683	36.197525	-12.152621	-184.22458	0.09036951	0.0027277155	0.095515944	0.08594377	0.19625974	0.9453746	0.83557516	21.210499	4.1127205e-06
27	27999	2528.7656412124634	550.5479	36.64494	623.463	520.3407	180.83333	14.667872	0.4463294	15.60714	14.265555	15.2	182.87346	64.55129	239.84769	-26.437838	1.7372355	1.0195087	3.0521123	34.34237	-9.672822	-185.81834	0.098580934	0.0012983239	0.100313745	0.09551663	0.04564978	0.940098	0.8273424	16.183008	1.5944242e-06
28	28999	2638.984930038452	585.94403	39.416603	632.51306	533.667	191.0	546.1135	7.6799364	554.6406	529.66266	183.6	180.10638	63.40745	235.51202	-31.856041	1.4919949	0.95551217	3.0235126	35.948227	-10.497254	-182.89915	0.09404579	0.002220375	0.09827903	0.09150334	-0.10460259	0.9243688	0.8108088	21.184397	1.8626451e-06
29	29999	2749.6057612895966	606.2701	67.155495	732.20557	555.214	195.8	667.2941	58.52746	742.51733	616.5503	213.7	180.12971	62.739635	238.49927	-29.134727	1.3631953	0.970488	3.0488214	33.808933	-10.380395	-182.88525	0.089888036	0.001216458	0.0923865	0.08832011	-0.07092146	0.9151128	0.8160391	22.24872	1.7881393e-06
30	30999	2860.3233699798584	614.96704	30.699347	660.9763	566.3356	199.8	260.69998	1.3599194	263.1303	258.48587	110.0	182.05667	63.291336	241.68181	-36.498272	1.3837569	1.0066441	3.045304	34.40746	-9.880703	-184.67856	0.08841644	0.0004601364	0.08946741	0.087662704	0.016172111	0.9137934	0.81964934	18.195614	5.066395e-07
31	31999	2970.925520658493	590.06	39.097404	658.69116	543.9131	192.4	507.62646	1.5904006	510.86575	505.78946	173.6	182.90118	63.46558	241.60979	-18.800394	1.2239852	1.0104685	3.0236914	34.34766	-9.898613	-185.50409	0.09054628	0.00076569157	0.091834955	0.08912176	0.025303822	0.9191613	0.8309387	20.605576	3.2782555e-07
32	32999	3080.287841320038	651.0416	28.978456	698.5412	620.6072	212.0	614.08685	35.841164	653.62177	568.53094	198.0	184.36635	63.926025	243.7126	-60.2645	1.2730937	0.99806994	2.973951	35.02298	-10.16084	-186.84848	0.08935333	0.0007694365	0.091406435	0.08833515	-0.0045337332	0.91498536	0.8273915	20.586647	4.172325e-07
33	33999	3190.5983231067657	625.2358	18.690405	646.30383	594.45026	202.4	537.7973	2.033393	541.1084	535.1	180.8	186.27055	65.538506	245.05295	-35.50523	1.6381377	1.0881494	2.9386585	34.600662	-13.781871	-188.78429	0.095619656	0.003256951	0.101995684	0.09033592	0.2065914	0.92710793	0.8244254	20.140427	1.4305115e-06
34	34999	3301.1330828666687	703.8488	88.247696	828.1814	578.75543	223.25	670.7462	4.111751	677.1955	665.35266	216.5	188.5449	66.35937	248.07198	-25.768978	1.2905403	1.0333359	2.936572	33.75512	-10.526963	-191.04732	0.10519832	0.0010084842	0.10736517	0.102022536	0.07539466	0.9409441	0.82510495	21.979977	1.1920929e-06
35	35999	3412.0186960697174	769.57947	71.71004	855.6287	641.52386	239.2	1006.30945	23.437654	1045.9083	979.40875	308.8	189.08333	66.0056	248.69548	-27.709576	1.3931985	1.0114548	2.9182472	34.669384	-10.433031	-191.57556	0.10845349	0.0005335933	0.10905478	0.106727555	0.02557378	0.94440794	0.81647354	28.232103	1.2218952e-06
36	36999	3521.308973312378	795.53345	35.559742	840.215	756.6608	243.0	610.9583	1.9502232	614.5269	608.0419	202.1	192.36201	67.47263	256.8575	-44.57122	1.4082148	1.051361	2.8733704	33.985878	-14.801811	-194.92397	0.11372859	0.0019353699	0.117235154	0.10866808	0.11216226	0.9455139	0.81418735	17.0048	4.3213367e-07
37	37999	3632.231547832489	767.8836	16.198326	786.4134	747.33435	237.5	873.0337	2.1951272	877.80634	870.13385	265.8	196.20558	69.08993	262.66855	-34.694283	1.4324851	0.9853216	2.8363142	33.06659	-11.094877	-198.73997	0.11611329	0.0010315893	0.11800683	0.11458361	-0.03158258	0.93263924	0.812612	18.429693	9.737909e-06
38	38999	3741.338253736496	822.2683	56.446243	878.84235	730.1443	252.0	853.8908	5.7057877	863.1939	844.9202	257.9	199.11656	69.94915	265.82654	-21.511013	1.3444384	1.000127	2.8763273	33.267105	-10.476845	-201.58089	0.114059076	0.00081602327	0.11544043	0.112486266	0.00035646438	0.9324405	0.8149475	19.354181	7.785857e-07
39	39999	3851.3789060115814	866.1356	19.307713	886.4351	838.1563	264.5	788.6834	4.6678057	797.6677	782.0567	242.6	200.25462	69.911125	264.41122	-20.992664	1.3861421	0.98986465	2.8800192	35.593376	-11.28507	-202.69327	0.11425911	0.0013818197	0.116145045	0.11181033	-0.02195781	0.9317751	0.8173631	21.05576	1.1324883e-06
40	40999	3961.0534522533417	815.52374	31.663786	853.3271	775.8357	251.0	784.43396	4.377735	791.9314	777.89276	241.8	201.67693	69.871864	268.47208	-20.386541	1.430276	1.0073372	2.869078	33.85305	-10.96253	-204.11212	0.11331636	0.0007061466	0.114764415	0.11225003	0.016013652	0.9330382	0.81446296	16.559988	1.66893e-06
41	41999	4070.192716360092	850.663	21.034792	868.58905	815.5878	259.25	897.6473	1.8936341	900.73346	895.1369	272.4	204.293	70.213684	271.23923	-28.586882	1.3769314	0.99610615	2.8496892	35.04418	-11.34412	-206.67781	0.11350113	0.00043508873	0.11426355	0.11259794	-0.008408696	0.9339582	0.8115102	17.25344	4.4330955e-07
42	42999	4177.497397184372	895.7296	25.72196	932.7045	867.6787	274.5	918.6014	1.9458967	922.878	916.5279	287.6	204.82707	70.61507	271.62097	-21.31932	1.4390703	1.0048287	2.8657806	37.538116	-13.671457	-207.18306	0.114930145	0.0006127994	0.11584192	0.113555975	0.01054343	0.9346263	0.8222945	19.681887	1.28522515e-05
43	43999	4286.697608709335	904.35645	3.0598378	908.1347	900.5713	278.25	1047.5182	67.141846	1119.7072	936.66974	328.1	204.9362	70.62431	271.5828	-25.582485	1.5197688	1.0089381	2.832504	37.374134	-10.368547	-207.22438	0.115828775	0.00040808436	0.11652106	0.11435259	0.019387439	0.9339818	0.8114806	17.714859	4.7683716e-07
44	44999	4394.017872333527	973.1971	67.27151	1067.9902	918.8087	303.33334	958.3701	33.144825	1011.00586	919.08704	304.7	206.2588	70.45976	273.42517	-22.795887	1.3466504	1.0012034	2.812096	36.436447	-10.869513	-208.51297	0.11624657	0.0004293529	0.11701343	0.11557763	0.0026453952	0.9266284	0.8061591	17.696224	2.413988e-06
45	45999	4501.441135883331	893.701	40.70632	923.44653	836.1444	274.66666	1017.36066	23.288588	1075.3545	995.82544	316.3	207.24811	70.27327	275.01517	-25.116858	1.3414992	1.0034238	2.7348506	35.263416	-14.046793	-209.50835	0.11605001	0.00058823486	0.116853155	0.11512643	0.0074166325	0.91696346	0.795264	17.964977	1.0430813e-06
46	46999	4610.646616697311	979.55304	88.39666	1113.5507	889.8808	301.0	1101.3292	9.775931	1112.4001	1085.9825	341.6	207.54771	69.86969	275.20874	-24.137398	1.4050508	0.99210846	2.7178302	33.91095	-11.935286	-209.79034	0.116926014	0.00068231096	0.11820845	0.115320876	-0.016930878	0.91529876	0.799376	15.648085	1.1920929e-07
47	47999	4720.04358625412	1215.3018	210.86038	1426.1621	1004.44135	375.0	1674.9078	26.752396	1736.8463	1642.7544	526.9	208.5816	70.132675	277.25296	-18.304224	1.4095564	1.0070192	2.7486842	33.970707	-12.831608	-210.79092	0.11650113	0.00042389965	0.11708616	0.11532217	0.01517349	0.9223303	0.80318576	24.440334	1.4454126e-06
48	48999	4833.2700300216675	1144.0878	41.845646	1196.7467	1094.3732	353.0	2669.8335	162.56845	2766.206	2323.6492	960.0	210.37457	70.49649	279.50024	-26.539204	1.3232334	0.99034256	2.7625408	35.751297	-11.276047	-212.50775	0.116023004	0.00080433406	0.117387444	0.11443596	-0.020776715	0.92126435	0.8079302	21.630148	2.3841858e-07
49	49999	4941.356769323349	1090.812	119.06201	1209.874	971.75	338.5	1148.1729	13.252622	1165.7659	1126.449	355.3	211.05092	70.75852	281.57977	-27.310122	1.3327502	1.0080639	2.7348852	34.67326	-10.0327425	-213.12354	0.115486145	0.00038858718	0.116290234	0.11480965	0.01744773	0.9208071	0.80421114	26.937065	1.7434359e-06
50	50999	5053.707838058472	2177.961	932.1643	3110.1252	1245.7966	690.0	2756.9722	7.131835	2764.0486	2740.7908	1000.0	212.3085	70.96312	285.56494	-62.517757	1.3802584	0.97931975	2.7196157	33.07633	-10.395187	-214.43306	0.11498527	0.0014171583	0.117273085	0.112564825	-0.044799957	0.92347705	0.80373293	23.230833	1.9073486e-06
51	51999	5166.302535772324	1791.3394	668.7701	2460.1094	1122.5692	583.0	2792.9233	1.4099206	2795.3257	2790.196	1000.0	213.53975	71.437325	287.71786	-23.999374	1.5958762	1.0277573	2.7430818	35.81261	-13.826877	-215.5724	0.11412785	0.001394983	0.11726084	0.11255935	0.060162	0.92167604	0.80803645	24.489342	5.662441e-07
52	52999	5277.833904743195	2839.6907	0.0	2839.6907	2839.6907	1000.0	2831.933	5.2489543	2841.8328	2822.6626	1000.0	215.05182	71.313095	286.1661	-24.923954	1.500782	0.9792856	2.7171097	34.37892	-10.030624	-217.09747	0.115965955	0.0015516139	0.118491046	0.11335908	-0.04464853	0.9168762	0.80076176	27.614883	8.791685e-07
53	53999	5389.854641675949	3027.7546	0.0	3027.7546	3027.7546	999.0	2855.0635	22.034578	2882.799	2828.0657	1000.0	216.54935	70.98608	284.0015	-40.826122	1.4351753	0.98766804	2.7078898	34.287224	-10.65194	-218.49	0.1130645	0.0009793813	0.114400744	0.11119742	-0.026882961	0.9126631	0.7965767	27.153534	2.0861626e-06
54	54999	5498.6435606479645	2851.4307	0.0	2851.4307	2851.4307	1000.0	915.0376	6.30838	923.06573	906.82135	283.4	216.82852	71.079	283.44113	-28.634731	1.4564073	0.9995488	2.7270393	35.83509	-11.4032	-218.73892	0.111544855	0.0002591293	0.11226978	0.11102486	-0.00092422246	0.91488755	0.8003621	18.512947	1.0840595e-06
55	55999	5610.516916513443	1024.9916	75.57626	1100.5679	949.41534	313.5	2608.9321	332.629	2730.0962	1611.296	960.3	217.5285	70.877235	284.22357	-23.379217	1.3557899	0.9807841	2.7110255	33.15558	-10.388937	-219.41206	0.10880087	0.0014002458	0.11162694	0.10746	-0.042418018	0.9104479	0.7994347	26.73029	1.8626451e-07
56	56999	5720.129891872406	2058.6855	967.5335	3026.219	1091.152	664.5	1917.7299	696.285	3309.674	1327.2252	575.1	218.46098	70.65643	285.83255	-32.875614	1.3556894	1.0047759	2.757446	34.844387	-11.213682	-220.38556	0.109430164	0.0006523558	0.11042547	0.10799912	0.010665901	0.9151349	0.803524	23.37368	1.4901161e-07
57	57999	5832.3114857673645	1448.0583	194.79156	1642.8499	1253.2667	439.0	2881.6448	2.6668205	2887.035	2876.361	1000.0	220.24942	70.86958	287.34943	-23.776764	1.2710544	1.0004714	2.7196007	30.998323	-10.704816	-222.14328	0.10867291	0.0006969926	0.11015505	0.10750623	0.0011139305	0.9169279	0.79909295	23.728714	5.9604645e-08
58	58999	5944.121628522873	1136.391	0.0	1136.391	1136.391	342.0	3032.5225	2.5239358	3037.4688	3028.0212	1000.0	221.12497	70.651665	288.6465	-22.270414	1.2932497	1.0035266	2.7150252	33.389687	-11.28508	-222.9817	0.10987194	0.00044321426	0.11066136	0.10889087	0.007880575	0.92189866	0.8045356	25.598925	2.1141022e-07
59	59999	6057.482318162918	2762.5413	0.0	2762.5413	2762.5413	868.0	2973.8394	1.3615297	2975.6533	2970.8984	1000.0	223.46436	70.90192	290.50653	-48.050262	1.2392972	0.9946287	2.6972325	34.303707	-13.129104	-225.30289	0.10994202	0.000932371	0.11148682	0.10843172	-0.011845466	0.91479003	0.79753804	24.772106	1.4342368e-07
60	60999	6166.656163930893	2204.3247	784.2642	2988.5889	1420.0604	722.0	1329.3123	139.56456	1680.422	1211.4048	413.2	225.90524	71.54641	292.89624	-22.201063	1.2732593	1.0006585	2.7095988	33.15608	-11.015019	-227.76605	0.10740669	0.00054891163	0.10861892	0.10644576	0.0015138645	0.9167942	0.7976337	18.643661	3.2782555e-06
61	61999	6280.808256626129	3077.7246	0.0	3077.7246	3077.7246	1000.0	2729.877	6.0536785	2737.51	2718.6519	1000.0	228.0144	71.3369	294.95578	-35.09547	1.3096517	1.0083706	2.728164	35.9778	-10.22597	-229.89037	0.10931721	0.0004893137	0.110284925	0.10843262	0.018576946	0.9186183	0.7999255	19.01681	8.1956387e-07
62	62999	6393.911694765091	2119.3545	964.9832	3084.3376	1154.3712	674.0	2976.8618	1.9329785	2980.2996	2973.6401	1000.0	230.33041	70.99673	297.05463	-27.003729	1.3375485	0.991917	2.707462	36.507454	-11.192164	-232.1478	0.10986519	0.00079807284	0.11116013	0.1087314	-0.017846748	0.91479874	0.80342805	24.12367	2.3841858e-07
63	63999	6507.449582576752	1199.704	0.0	1199.704	1199.704	361.0	2980.409	3.2887576	2987.2175	2976.4734	1000.0	231.01198	70.93423	297.54825	-24.93224	1.2426769	0.99625725	2.720751	34.50402	-13.434074	-232.82	0.10857074	0.00076018047	0.1096769	0.10723583	-0.008274717	0.9203062	0.80250174	26.43542	3.0100346e-06
64	64999	6620.930498838425	3011.6655	0.0	3011.6655	3011.6655	1000.0	2941.1963	3.5906255	2946.7295	2934.101	1000.0	231.42035	71.303314	297.7376	-21.00664	1.2194673	0.9819672	2.6931996	32.499214	-10.462599	-233.18765	0.106028326	0.00090844213	0.108145475	0.104587704	-0.04035357	0.9095201	0.79163134	21.386845	2.5331974e-06
65	65999	6733.697643280029	3030.4414	0.0	3030.4414	3030.4414	1000.0	2881.725	1.6046721	2884.1401	2878.8137	1000.0	232.30368	70.87645	298.61456	-26.349546	1.2212636	1.0043169	2.6722999	32.073868	-12.600491	-234.02663	0.104919195	0.000433049	0.10571653	0.10411152	0.0097750295	0.90901685	0.7929873	28.491306	1.5422702e-06
66	66999	6843.675629854202	2936.9697	0.0	2936.9697	2936.9697	1000.0	1465.7896	145.70293	1740.8815	1265.473	444.1	234.1011	70.92563	300.0183	-26.057577	1.2842274	0.9758761	2.712334	36.6966	-14.307312	-235.83832	0.10329867	0.0013857487	0.105747886	0.10138015	-0.054670032	0.91103214	0.7962913	23.445055	1.7099082e-06
67	67999	6957.173512935638	1830.1866	885.4929	3081.5212	1162.4756	577.3333	2945.5703	2.6093132	2950.194	2941.1592	1000.0	234.53763	70.76741	299.7975	-30.844547	1.2148162	1.0003637	2.7021081	32.08939	-13.532594	-236.24255	0.10179229	0.0002476905	0.10236442	0.10138535	0.0008712187	0.9074592	0.7936891	20.075539	2.1457672e-06
68	68999	7066.631402730942	2990.7827	0.0	2990.7827	2990.7827	930.0	949.2669	9.704059	968.5084	940.62537	296.1	233.37627	72.05247	300.15198	-23.980873	1.2612711	1.003303	2.690131	36.16944	-10.194956	-235.052	0.10065071	0.0007186577	0.10197721	0.09933915	0.007625637	0.90192926	0.7929937	23.453388	1.2516975e-06
69	69999	7175.481368780136	2987.984	0.0	2987.984	2987.984	926.0	1359.8287	21.0449	1397.8622	1328.3397	406.8	233.88327	71.92174	300.762	-22.998215	1.1568072	1.0097437	2.7204359	33.42685	-9.8189125	-235.5015	0.102590516	0.00046378066	0.10357514	0.101774074	0.022216644	0.904602	0.802884	29.291924	4.853762e-06
70	70999	7289.225424289703	1819.0588	684.03107	2503.0898	1135.0277	555.5	2987.2515	10.142557	2998.3755	2969.4111	1000.0	235.23343	71.116936	301.11215	-26.433117	1.2905346	0.98934376	2.6596692	33.65403	-11.818819	-236.87437	0.101814166	0.00076477154	0.10376971	0.100807115	-0.024193969	0.8973383	0.7906543	29.867397	0.0
71	71999	7402.9370470047	1125.2289	67.70444	1174.46	1029.4933	339.66666	2828.2585	2.4209254	2832.0876	2822.745	1000.0	235.42183	71.99165	302.373	-24.087015	1.1695869	0.9901349	2.6613936	34.03706	-11.420716	-237.01923	0.10126671	0.0008827683	0.10275678	0.09979902	-0.022562988	0.902042	0.78816587	21.747307	8.318573e-06
72	72999	7516.0654628276825	1738.2717	0.0	1738.2717	1738.2717	538.0	2988.189	4.1035223	2995.0713	2981.6265	1000.0	234.82242	72.480156	302.28958	-32.97241	1.2157854	0.9986852	2.6790144	33.808037	-11.198834	-236.4229	0.10029712	0.0002889899	0.10073587	0.09958461	-0.002973369	0.8946506	0.7850859	18.804436	1.1175871e-06
73	73999	7628.5315997600555	3036.6294	0.0	3036.6294	3036.6294	1000.0	2919.65	5.427313	2928.4746	2911.578	1000.0	234.90271	72.5788	302.4818	-40.39715	1.1677508	1.0053421	2.6689885	36.71226	-14.0707445	-236.43819	0.1004686	0.00046980332	0.10127079	0.09975385	0.012321564	0.8934114	0.789992	27.176208	2.8929207e-07
74	74999	7740.905334472656	3196.6277	0.0	3196.6277	3196.6277	1000.0	2789.1062	2.4976468	2792.4639	2784.3628	1000.0	236.13403	72.371475	303.1287	-21.831696	1.2547429	0.98559636	2.675636	37.394394	-11.413136	-237.6663	0.09928121	0.00077217765	0.10114982	0.09832637	-0.033154644	0.89180243	0.7854326	17.779696	7.1525574e-07
75	75999	7852.016139268875	2502.5156	611.4347	3113.9502	1891.0808	785.0	2990.7585	2.0432687	2993.5525	2987.7612	1000.0	237.82475	72.75273	304.3624	-29.624434	1.1764019	0.9992496	2.6730156	34.165016	-10.753075	-239.36227	0.098240755	0.00033833217	0.0988801	0.09768022	-0.001699657	0.8911758	0.7875358	22.360577	4.4703484e-08
76	76999	7963.324697256088	3029.952	0.0	3029.952	3029.952	929.0	3017.4768	1.2680318	3019.2925	3014.514	1000.0	238.25563	72.75534	305.14233	-20.666128	1.1852301	0.9964299	2.7086675	34.754433	-11.384074	-239.789	0.09825278	0.00038418433	0.098832674	0.09735195	-0.008229012	0.89700073	0.79226047	18.26965	2.7269125e-06
77	77999	8075.349566698074	2791.1692	0.0	2791.1692	2791.1692	854.0	2992.54	1.147132	2994.4636	2990.7832	1000.0	239.53601	72.77156	305.8482	-18.560799	1.1439099	1.0011289	2.6939487	35.524055	-11.285795	-241.0557	0.09780415	0.0003924417	0.098480955	0.09704478	0.0026753645	0.8950984	0.7899126	18.987583	9.23872e-07
78	78999	8185.674832582474	3149.7397	0.0	3149.7397	3149.7397	1000.0	3036.856	2.5621614	3042.4329	3032.2766	1000.0	240.6721	72.39786	306.7771	-20.771645	1.0874901	0.99099225	2.6871173	34.925064	-11.906532	-242.14255	0.09707998	0.00034676093	0.09800807	0.09651369	-0.020964196	0.8971476	0.78930146	23.33518	4.440546e-06
79	79999	8296.33785367012	1890.8615	190.68103	2081.5425	1700.1804	572.0	3193.9644	3.5091197	3199.7136	3190.246	1000.0	241.68153	72.76604	307.93915	-21.415583	1.0874143	0.99627054	2.6933415	34.32919	-11.616854	-243.15285	0.09639183	0.00057479594	0.097246565	0.095375836	-0.008681042	0.89548427	0.7895486	20.059647	4.5374036e-06
80	80999	8405.795682668686	3100.2102	0.0	3100.2102	3100.2102	1000.0	2416.6438	103.871956	2532.12	2283.696	728.7	242.40562	72.238304	307.53702	-22.68072	1.1551918	1.0024674	2.6882594	32.995663	-9.81661	-243.87263	0.09612042	0.00039126122	0.09668726	0.09535807	0.005837609	0.8981466	0.7931131	22.28511	3.1217933e-06
81	81999	8513.95952630043	3098.5715	0.0	3098.5715	3098.5715	1000.0	1720.1641	91.86686	1903.1268	1636.7384	516.6	244.0171	72.31566	308.5924	-25.39505	1.1154946	0.996474	2.6731265	32.62046	-10.658928	-245.49336	0.09604407	0.0008426887	0.09749292	0.094825245	-0.00820826	0.89627564	0.7855179	22.761356	4.172325e-07
82	82999	8624.758429050446	3198.6626	0.0	3198.6626	3198.6626	1000.0	3038.0542	1.5625119	3040.653	3034.689	1000.0	244.70163	72.50781	309.7352	-29.10559	1.3283225	0.99500626	2.687394	34.661648	-11.21949	-246.10408	0.09498458	0.0006318088	0.09640675	0.09420792	-0.011683665	0.8909852	0.78359985	22.217428	1.847744e-06
83	83999	8735.294783353806	2040.208	0.0	2040.208	2040.208	624.0	3010.4895	2.957761	3014.8406	3004.3977	1000.0	246.09007	72.274734	310.5466	-23.574072	1.3103143	0.9854081	2.669633	35.236115	-12.609072	-247.4749	0.09380838	0.00062149187	0.094982326	0.09266365	-0.034492142	0.8916321	0.78689814	27.498524	1.1622906e-06
84	84999	8841.663585186005	3078.3735	0.0	3078.3735	3078.3735	1000.0	1344.0042	74.24241	1478.0436	1252.1357	409.1	246.28174	72.162704	310.9341	-35.14766	1.1183896	0.9739775	2.6412985	33.09724	-10.461954	-247.64188	0.089876845	0.0012914343	0.092783056	0.088283695	-0.0623907	0.8865363	0.78304845	22.90043	9.536743e-07
85	85999	8952.457988977432	3139.957	0.0	3139.957	3139.957	1000.0	3101.6162	2.7737122	3106.786	3097.358	1000.0	247.477	72.09052	311.06058	-25.93039	1.1541392	1.0051174	2.6905334	36.363842	-10.61817	-248.86975	0.08930135	0.0005022536	0.09007953	0.08842292	0.0124200145	0.89278567	0.79318774	34.57801	8.940697e-08
86	86999	9062.86683011055	3107.3252	0.0	3107.3252	3107.3252	1000.0	3127.7544	2.2292829	3132.2646	3124.5505	1000.0	248.72285	71.97026	311.24442	-27.198236	1.0880369	0.98294795	2.699069	35.600082	-11.254464	-250.03575	0.08838025	0.00074222183	0.089629844	0.08680862	-0.0413215	0.891328	0.79079735	21.427858	1.899898e-07
87	87999	9174.654783010483	3102.376	0.0	3102.376	3102.376	1000.0	3053.1545	2.0748684	3056.7607	3049.981	1000.0	249.00938	72.26346	312.24637	-19.488537	1.1736922	0.99340624	2.7074277	33.561565	-11.163481	-250.35666	0.08649886	0.0006986362	0.08745093	0.085042685	-0.016075138	0.8861042	0.7879999	23.124962	5.90086e-06
88	88999	9285.392473220825	3136.1204	0.0	3136.1204	3136.1204	1000.0	3186.8608	4.5413322	3197.5935	3180.704	1000.0	249.91339	72.23736	313.09692	-24.011644	1.131543	0.9834095	2.705356	33.004444	-11.734083	-251.31705	0.085610606	0.0011229763	0.08745829	0.08392079	-0.040840622	0.8892402	0.7887914	29.452917	1.013279e-06
89	89999	9395.743121623993	3131.6946	0.0	3131.6946	3131.6946	1000.0	3062.4426	1.3844337	3064.8179	3060.4395	1000.0	250.82077	71.90529	313.13678	-57.6143	1.2377839	0.99524975	2.7146537	34.507088	-10.356963	-252.15695	0.08364836	0.0003133306	0.084260575	0.08304804	-0.011745035	0.88687694	0.7902094	25.753906	2.592802e-06
90	90999	9506.13370513916	3146.476	0.0	3146.476	3146.476	1000.0	3112.1375	1.3763548	3114.3147	3110.1833	1000.0	251.51018	72.20359	313.83447	-31.50389	1.1869218	0.9854	2.7267447	35.590736	-10.808407	-252.83325	0.08239867	0.0009066056	0.084253065	0.08121567	-0.03641435	0.8855827	0.7929949	24.970848	3.2782555e-07
91	91999	9616.02744603157	2501.9646	0.0	2501.9646	2501.9646	761.0	3124.2183	2.6178987	3128.9119	3119.7498	1000.0	251.64154	72.19379	313.5068	-75.507164	1.268872	0.9947801	2.7389617	35.892647	-9.961419	-252.9194	0.08057647	0.00062252575	0.08149368	0.07946749	-0.013055824	0.88305247	0.79214215	25.117794	3.874302e-07
92	92999	9726.258265018463	3169.2446	0.0	3169.2446	3169.2446	1000.0	3121.8853	1.8999186	3126.2156	3118.3516	1000.0	252.71663	71.81738	314.43097	-33.514915	1.2511233	0.98882264	2.7347927	33.489502	-12.385032	-254.02866	0.08033761	0.00046246444	0.08107205	0.07905108	-0.028193811	0.884012	0.7944486	26.739023	1.1771917e-06
93	93999	9835.976408958435	3147.404	0.0	3147.404	3147.404	1000.0	3150.0122	8.39082	3164.2388	3138.2417	1000.0	253.52367	71.85743	314.8587	-24.249662	1.0480156	0.99685854	2.7196977	33.28892	-11.799747	-254.78856	0.079866864	0.00063174055	0.08079291	0.078656554	-0.00791878	0.88726354	0.7881877	28.460197	2.5629997e-06
94	94999	9946.923834323883	3149.6113	0.0	3149.6113	3149.6113	1000.0	3195.3696	1.6064527	3198.1848	3192.6726	1000.0	254.80923	71.4581	315.3106	-24.0165	0.99726725	0.99496454	2.7432663	33.401485	-12.045507	-256.0492	0.07850459	0.0003632601	0.07922839	0.07768598	-0.012776168	0.8867025	0.7923409	22.918102	3.2782555e-06
95	95999	10056.94183754921	3171.8733	0.0	3171.8733	3171.8733	1000.0	3247.6138	1.474864	3251.0496	3246.1606	1000.0	254.94005	71.681465	315.7701	-18.786959	1.0392011	1.0011097	2.7468786	33.874413	-11.064456	-256.1765	0.07853308	0.00032856438	0.07921911	0.077730745	0.0028977166	0.88386905	0.7899893	18.61831	0.0
96	96999	10167.659703969955	3175.9192	0.0	3175.9192	3175.9192	1000.0	3149.564	1.6043307	3152.7146	3146.7168	1000.0	256.53903	71.03112	316.43488	-36.573013	1.0265245	0.9877127	2.7328439	32.92005	-10.497826	-257.77557	0.077597134	0.00067555666	0.07843684	0.07647322	-0.031382766	0.88009995	0.7921362	27.15799	1.1920929e-07
97	97999	10278.463777065277	3167.7861	0.0	3167.7861	3167.7861	1000.0	2951.6167	390.68567	3248.69	2017.1683	905.1	257.37015	70.79531	317.0861	-21.60444	0.99592835	0.99302214	2.7273774	35.007336	-12.281791	-258.63742	0.07579272	0.00039970485	0.07673189	0.07508353	-0.017890556	0.8776197	0.7835166	22.706564	1.5497208e-06
98	98999	10390.24051451683	2559.8037	231.90552	2791.7092	2327.8982	763.5	2841.8357	378.64127	3316.06	2285.4128	850.0	257.3881	71.370865	316.78506	-56.84562	1.3133333	1.018861	2.7330105	33.29322	-9.756462	-258.60782	0.077081226	0.00056162564	0.07800783	0.07571718	0.048441473	0.8867853	0.79814476	33.648556	3.993511e-06
99	99999	10499.702099561691	3196.4011	0.0	3196.4011	3196.4011	1000.0	1830.723	470.2746	3201.1726	1563.8357	562.0	257.93933	70.846924	318.1758	-43.261913	1.1680843	1.0110831	2.7616925	32.856956	-10.291431	-259.1751	0.07977081	0.0005668356	0.08104261	0.07787902	0.028256517	0.8886913	0.81532013	34.930508	1.2665987e-06
