Epoch	TotalEnvInteracts	Time	AverageEpRet	StdEpRet	MaxEpRet	MinEpRet	EpLen	AverageTestEpRet	StdTestEpRet	MaxTestEpRet	MinTestEpRet	TestEpLen	AverageQ1Vals	StdQ1Vals	MaxQ1Vals	MinQ1Vals	LossQ1	AverageLogPi	StdLogPi	MaxLogPi	MinLogPi	LossPi	AverageAlpha	StdAlpha	MaxAlpha	MinAlpha	LossAlpha	AveragePreTanh	StdPreTanh	MaxPreTanh	MinPreTanh
0	999	1.5654551982879639	21.867727	16.199148	88.12324	7.9728937	24.55	9.207225	0.22911604	9.605422	8.813919	38.3	0.0	0.0	0.0	0.0	0.0	0.0	0.0	0.0	0.0	0.0	0.0	0.0	0.0	0.0	0.0	0.0	0.0	0.0	0.0
1	1999	1.906865119934082	21.89739	19.323784	91.71036	6.8197417	24.390244	9.207225	0.22911604	9.605422	8.813919	38.3	0.0	0.0	0.0	0.0	0.0	0.0	0.0	0.0	0.0	0.0	0.0	0.0	0.0	0.0	0.0	0.0	0.0	0.0	0.0
2	2999	2.271857261657715	17.015001	11.203094	63.820225	6.1277585	21.404255	9.224884	0.3388997	9.823537	8.630303	38.3	0.0	0.0	0.0	0.0	0.0	0.0	0.0	0.0	0.0	0.0	0.0	0.0	0.0	0.0	0.0	0.0	0.0	0.0	0.0
3	3999	2.6712114810943604	18.893555	13.409136	77.89592	6.398895	21.644444	9.196348	0.17021175	9.584463	9.011229	38.2	0.0	0.0	0.0	0.0	0.0	0.0	0.0	0.0	0.0	0.0	0.0	0.0	0.0	0.0	0.0	0.0	0.0	0.0	0.0
4	4999	3.1123132705688477	14.7635565	9.767971	51.274837	5.4382825	20.22449	9.321554	0.15404956	9.58349	9.060116	38.1	0.0	0.0	0.0	0.0	0.0	0.0	0.0	0.0	0.0	0.0	0.0	0.0	0.0	0.0	0.0	0.0	0.0	0.0	0.0
5	5999	105.67497229576111	127.62675	56.969837	204.47675	16.873861	70.14286	205.00546	1.7778858	208.11983	202.74721	94.9	92.71783	54.606148	182.46065	-24.797619	7.529259	-0.7267507	1.8475506	14.052956	-10.153023	-99.25365	0.8835328	0.06216807	0.99970007	0.7810688	-0.1933004	0.81988215	0.602201	4.4999223	1.2367964e-06
6	6999	212.13558650016785	172.11569	42.5413	222.77649	88.089096	94.09091	1037.8772	0.33363116	1038.3774	1037.1957	1000.0	173.70357	53.32185	215.77667	-28.706154	11.794007	-0.35141018	2.2024367	18.454222	-12.770251	-183.01216	0.6875742	0.052451205	0.78087944	0.6006735	-0.5070635	0.83341944	0.6415549	5.202592	9.23872e-07
7	7999	315.9332058429718	416.88498	0.0	416.88498	416.88498	263.0	300.0351	256.21252	1013.2149	137.23773	307.3	181.63155	52.21987	221.59985	-39.14419	7.402374	-0.21369198	2.3796473	17.843458	-10.581295	-190.06169	0.5271654	0.040309593	0.60051376	0.460515	-0.77679867	0.83966976	0.6638668	5.1023297	4.5001507e-06
8	8999	422.7323706150055	365.38843	277.16998	1042.2706	228.22797	245.14285	996.048	0.5826608	996.9644	995.1718	1000.0	177.37563	52.89249	223.97127	-26.74823	5.2293477	-0.097677186	2.413749	20.191181	-11.735296	-184.82321	0.40410164	0.03131793	0.460382	0.35246837	-0.9955122	0.8279162	0.6610388	5.8101487	1.0848045e-05
9	9999	529.4728820323944	265.4401	0.0	265.4401	265.4401	123.0	1028.9529	0.50299597	1030.1526	1028.3242	1000.0	153.79861	46.023388	206.24802	-32.539585	3.13998	-0.14995186	2.4128754	21.754145	-12.174608	-159.60204	0.30630758	0.02614156	0.35237694	0.26195824	-1.3695878	0.8281617	0.6566907	6.0876303	1.3466924e-06
10	10999	631.4411170482635	424.9856	307.9829	1048.1991	147.67226	310.0	282.75452	1.3594161	284.11536	280.73193	123.6	141.2458	35.56165	174.54234	-22.40982	1.9561372	-0.14313991	2.4122148	22.245483	-12.644854	-145.97435	0.2256408	0.018981488	0.26187778	0.19663695	-1.6943429	0.81640834	0.65858066	5.9842606	9.685755e-07
11	11999	738.0606465339661	311.88242	83.841965	477.37408	253.18523	159.6	1006.35175	0.54964125	1007.3983	1005.60516	1000.0	136.98412	40.261654	176.91403	-28.109562	1.4875761	0.059092063	2.4551237	23.37085	-11.697831	-141.21931	0.17400381	0.013033684	0.19659021	0.15101498	-1.652292	0.83438885	0.6658154	6.0060153	4.172325e-07
12	12999	840.5935657024384	525.7281	297.95956	941.09393	256.61844	401.0	268.9582	0.81536114	270.54074	268.13	123.2	124.86924	32.958538	157.59009	-19.304184	0.97471374	0.08318013	2.4570138	24.067213	-10.905871	-128.33101	0.13113059	0.010326151	0.15096764	0.11561065	-1.8540452	0.8165175	0.664144	6.6871495	9.685755e-08
13	13999	943.0639410018921	287.61926	32.638256	334.47537	242.04634	130.25	361.37164	4.9016256	370.83264	353.39313	190.5	122.72182	33.50606	152.42834	-21.240826	0.85085547	0.22973192	2.5617044	24.787418	-10.360693	-125.96868	0.10188997	0.0077788387	0.11558248	0.08953386	-1.7583474	0.818221	0.6720596	6.5855007	4.079193e-07
14	14999	1045.6082799434662	322.5496	6.310343	332.80817	313.9499	142.71428	328.24353	1.0825534	331.40265	327.4222	148.1	123.16762	34.46599	159.25409	-18.148495	0.8268281	0.6473386	2.5771306	26.929775	-11.372547	-126.24594	0.082740985	0.003312561	0.08951947	0.07757603	-0.87472147	0.8138109	0.6860129	6.993013	1.1832453e-06
15	15999	1148.8841607570648	319.2657	9.174895	330.53738	298.99622	139.42857	349.43158	1.0446236	351.57184	347.85107	175.9	128.83385	36.841034	161.7487	-17.655365	0.809661	0.73251504	2.6484566	30.68515	-12.879184	-131.87846	0.07227852	0.0034716823	0.07756611	0.066155285	-0.7040162	0.8135656	0.69524544	8.362139	1.66893e-06
16	16999	1251.8813228607178	327.7741	8.549697	340.41428	311.87753	144.57143	330.32855	0.76318103	331.53265	329.2028	150.2	129.92798	37.744324	163.24583	-21.482523	0.7366396	0.91356575	2.7823439	44.730736	-10.191975	-132.82307	0.064234726	0.0015656144	0.06714673	0.061858747	-0.23733576	0.82490134	0.7132042	11.540665	3.2782555e-06
17	17999	1354.5881555080414	329.09164	4.474358	335.16425	323.095	144.14285	340.2266	1.0177336	342.59003	339.21887	158.2	130.41798	38.44128	163.56279	-16.438274	0.6416509	0.8812722	2.7289124	37.99544	-12.044625	-133.23508	0.058667213	0.002393446	0.0625768	0.05492325	-0.33690563	0.82141876	0.6969108	10.126066	3.33786e-06
18	18999	1456.93896651268	323.18832	4.2333803	330.78354	317.46152	138.28572	339.41412	1.1717197	341.2145	336.65762	156.3	131.50063	39.54554	166.21928	-25.216038	0.59328294	0.9383274	2.750835	34.464897	-10.322578	-134.16779	0.053625114	0.0017185303	0.05608574	0.051053915	-0.18082754	0.8235884	0.7096677	9.098259	2.0954758e-07
19	19999	1559.6021165847778	301.38626	84.72541	342.23846	94.12264	136.14285	391.2417	1.9766825	393.92688	387.897	210.3	131.52513	39.91958	167.66953	-13.142429	1.0655738	1.0235898	2.780966	41.648895	-9.688394	-134.07648	0.05246804	0.0004676788	0.05317608	0.05121632	0.070062935	0.8272061	0.729166	12.766493	5.9604645e-08
20	20999	1662.666085243225	324.92438	5.62459	332.62024	315.43274	136.375	295.2822	2.692312	300.20935	291.7133	131.4	131.40956	40.684452	167.77686	-21.252146	0.6926122	0.9229246	2.7373881	31.206589	-10.006322	-133.8094	0.05141996	0.0021320228	0.054077778	0.047672253	-0.23041782	0.81091934	0.71214014	8.372026	3.0696392e-06
21	21999	1766.0619111061096	322.4292	4.103061	330.06464	317.34894	130.0	385.2494	1.1165174	386.7828	383.37982	203.5	129.22635	40.69411	168.54877	-19.917965	0.71192455	1.0580932	2.7657456	41.84134	-14.139152	-131.56256	0.049678378	0.00053904095	0.0510577	0.047745813	0.17505716	0.8179005	0.71861666	13.407576	2.1457672e-06
22	22999	1868.8753502368927	323.22723	5.598744	330.41437	316.2954	129.875	312.1661	1.4859576	314.32834	309.81558	125.7	130.73285	42.24556	169.72049	-21.899963	0.5848801	0.9899592	2.7762012	40.272537	-10.480058	-133.04057	0.051811848	0.0011197536	0.053504527	0.050295338	-0.029702194	0.84137183	0.73290765	15.303326	7.674098e-07
23	23999	1971.6288414001465	332.55783	9.190585	347.5841	317.8037	130.375	304.39578	1.035645	305.91757	303.19717	128.8	131.14934	42.708572	170.12506	-16.357012	0.6094148	0.95253235	2.702564	33.05488	-11.17977	-133.34964	0.049260743	0.0011271366	0.050447788	0.047146946	-0.14325719	0.85536516	0.72582686	10.72271	9.536743e-07
24	24999	2073.8638184070587	357.67892	17.811356	376.45267	318.7612	136.14285	316.627	0.9101551	317.29715	313.9832	126.9	131.79355	43.52808	171.78267	-15.402066	0.587978	0.9562269	2.7895758	40.68786	-12.494745	-133.95076	0.046829745	0.0014098571	0.049080398	0.04481383	-0.13438468	0.86338973	0.7431362	15.973576	1.4901161e-07
25	25999	2176.2739329338074	350.99966	11.152115	363.67825	332.63937	133.75	405.47073	1.5296309	408.00552	403.01172	150.9	135.5515	45.105186	177.31168	-21.539312	0.5971942	1.0854486	2.7810173	34.344036	-10.745506	-137.75883	0.047718506	0.0013340771	0.04976128	0.04482766	0.26120958	0.88729364	0.74658513	9.612354	1.1920929e-07
26	26999	2278.678211212158	338.98367	54.14541	384.98303	246.09763	129.0	486.44635	2.457682	489.48032	481.14542	169.4	139.22421	46.277195	183.57332	-15.673022	0.79717517	1.1266097	2.777176	40.392483	-11.734547	-141.50769	0.05368323	0.0015182426	0.057062063	0.04962205	0.37165406	0.8821391	0.7537551	13.619346	5.662441e-07
27	27999	2381.366175889969	367.6831	54.28837	439.6686	244.92175	136.625	397.02115	1.6252731	399.08414	393.4104	146.2	147.88348	50.26412	195.87164	-23.941832	1.0148422	1.1792382	2.7873049	30.76025	-9.899456	-150.29959	0.063431434	0.003805236	0.06982382	0.05709343	0.49488327	0.9025984	0.76258296	11.939518	2.3841858e-07
28	28999	2483.1538405418396	437.26108	30.817673	469.12292	393.20865	150.5	468.2618	1.7763255	471.8232	465.8317	156.7	154.29118	52.868336	198.78955	-38.583416	0.91214013	1.0843754	2.7539086	32.113052	-12.011054	-156.77373	0.07422267	0.0015692073	0.07698376	0.06984596	0.22066267	0.9165723	0.76968837	9.719607	2.4344772e-06
29	29999	2586.979965686798	493.11563	31.348515	533.7933	439.8333	164.83333	556.9562	4.1514897	563.26855	550.66986	178.4	159.2541	54.73088	206.12846	-12.705868	1.0189782	1.027532	2.7284095	30.007841	-10.545701	-161.83801	0.0785527	0.0008199612	0.07997799	0.076991946	0.07017035	0.91670996	0.76966685	9.6273365	2.682209e-07
30	30999	2691.070727825165	530.2776	66.42777	652.27325	428.027	173.5	840.8379	12.019175	856.67065	819.7492	255.7	166.38774	57.357697	219.49548	-27.523695	1.3388886	1.0581566	2.8051875	32.410557	-10.997613	-169.08743	0.08159221	0.0020574545	0.08640327	0.079740256	0.14474994	0.92153025	0.77188575	9.05868	2.5555491e-06
31	31999	2794.2607505321503	707.8277	84.20185	814.7216	619.7686	224.75	713.0607	5.074444	719.5585	705.07935	231.8	176.32655	62.147575	238.89296	-57.753723	1.4503206	1.1237483	2.8415136	33.219204	-9.199581	-179.22629	0.093920276	0.004287501	0.10120024	0.08643937	0.29331964	0.9217004	0.79468155	9.394448	1.7881393e-06
32	32999	2897.777193069458	851.65594	61.785572	929.89856	778.8485	278.33334	791.07996	2.4297857	794.9399	786.6535	258.5	185.30692	65.84728	255.30699	-45.789936	1.4568765	1.0418863	2.8546107	32.951206	-10.545351	-188.29347	0.104893185	0.0014569552	0.107000075	0.10119698	0.09485986	0.931842	0.8069196	9.296417	3.2112002e-06
33	33999	3000.4599413871765	969.93567	108.9097	1087.7743	847.48303	306.75	585.522	2.253117	589.238	582.9358	229.3	190.39224	66.76359	262.7579	-42.1804	1.5535206	1.023291	2.8368933	32.443375	-11.033797	-193.34714	0.10817979	0.0008441896	0.11042887	0.10672753	0.051767796	0.9402758	0.8042448	9.960849	4.7683716e-07
34	34999	3107.230432510376	954.9012	94.82191	1075.9607	844.41907	298.66666	2643.3452	7.3567996	2656.038	2632.6477	1000.0	195.60123	68.61467	272.37332	-36.38835	1.422293	1.0697116	2.796749	34.866154	-11.994271	-198.58304	0.11616711	0.0034341915	0.12201742	0.11045209	0.15027195	0.9422059	0.7999344	9.274949	6.571412e-06
35	35999	3210.5307264328003	1155.8945	99.87788	1284.4967	1041.002	363.66666	834.35486	5.8765016	842.0658	821.7945	258.2	199.78703	70.62028	275.403	-20.714626	1.5568904	1.0155329	2.7565453	30.044611	-11.015558	-202.81635	0.12484764	0.0008961105	0.12598011	0.12181099	0.03260777	0.9340337	0.7981926	9.334491	3.516674e-06
36	36999	3314.200439453125	1176.4479	73.8265	1240.6002	1073.0353	365.33334	1059.4539	25.29676	1129.9039	1035.975	362.0	201.13383	69.41567	273.35382	-20.506586	1.4124434	0.97817844	2.6807904	32.31366	-11.589029	-204.04057	0.12293977	0.0015705982	0.12513511	0.1200649	-0.045760892	0.9188881	0.78479093	10.417892	4.656613e-08
37	37999	3420.239330768585	2134.6497	0.0	2134.6497	2134.6497	663.0	3050.7527	9.48562	3063.2114	3038.196	1000.0	203.90573	69.25562	277.79648	-18.890755	1.3336971	0.99464303	2.6728303	32.04792	-11.335823	-206.78998	0.119891115	0.00063691195	0.12127116	0.11881553	-0.011302717	0.92241925	0.7882956	12.59692	9.536743e-07
38	38999	3526.480536699295	1483.233	358.25598	1916.2083	1038.885	453.33334	2566.0645	2.2474942	2569.617	2562.0623	1000.0	208.11414	69.744354	284.6354	-18.08284	1.4618459	1.0153604	2.6871307	31.833584	-11.206494	-210.97324	0.120546766	0.0004899251	0.12215309	0.11942944	0.03252595	0.91923803	0.78969574	9.455886	1.9520521e-06
39	39999	3629.8986418247223	1455.218	109.57434	1564.7924	1345.6437	445.0	1411.4972	9.725766	1427.45	1399.9646	425.2	211.58847	70.67856	289.02988	-34.505993	1.5087007	1.0162476	2.6912746	32.452103	-12.046135	-214.4524	0.12503286	0.0013836464	0.12657484	0.12218478	0.033989448	0.9158954	0.7911424	9.956055	1.8179417e-06
40	40999	3735.6742639541626	1224.9425	205.51013	1430.4526	1019.4324	372.5	2857.067	3.7720995	2862.0977	2849.501	1000.0	214.57278	71.65137	290.44803	-24.4819	1.5424565	0.98440546	2.7090585	33.6205	-11.857589	-217.42397	0.124852955	0.00087540393	0.12584344	0.12250395	-0.032496687	0.90823364	0.78662455	10.643169	9.313226e-09
41	41999	3838.4761159420013	1365.5327	446.7106	1956.0521	875.8748	410.33334	1220.4762	77.48606	1376.7034	1132.2659	364.2	216.81761	72.28764	293.82733	-16.639496	1.55299	0.99184966	2.6780684	31.948376	-10.707006	-219.67297	0.1211055	0.00082264363	0.12266888	0.120002195	-0.017114501	0.900594	0.78055704	11.084078	1.0728836e-06
42	42999	3943.8902316093445	1397.8314	0.0	1397.8314	1397.8314	424.0	3067.76	2.8223758	3072.4695	3062.7363	1000.0	217.78787	73.5882	296.90158	-23.362026	1.5416472	1.0048138	2.6816466	29.596546	-11.309981	-220.5513	0.121590726	0.00066342537	0.122754306	0.12052669	0.010202376	0.9031971	0.78764296	12.239763	0.0
43	43999	4046.7920212745667	2338.4854	0.0	2338.4854	2338.4854	719.0	1059.1658	3.1273925	1062.3024	1051.6757	312.5	221.65773	74.4888	301.09418	-24.111074	1.5233511	0.96869564	2.6474218	31.96658	-11.877087	-224.33095	0.11861739	0.002090906	0.12205001	0.11561693	-0.0666329	0.88895226	0.78342474	10.165926	2.3543835e-06
44	44999	4152.71958899498	2301.9292	801.50665	3103.4358	1500.4225	725.0	2983.3433	1.6284858	2984.8982	2980.0466	1000.0	224.66582	75.17698	303.39178	-21.93708	1.4905466	1.0097265	2.6511672	29.806398	-11.902946	-227.35593	0.11792446	0.00046513247	0.118822575	0.115736656	0.020969315	0.9004089	0.7905166	9.920515	2.026558e-06
45	45999	4258.12584400177	2215.2883	0.0	2215.2883	2215.2883	677.0	3022.7283	3.4630792	3027.1682	3015.2588	1000.0	225.24045	75.73372	304.97345	-58.937824	1.4862789	0.98017645	2.6348057	29.561989	-11.034049	-227.91931	0.116094895	0.001021258	0.11799249	0.1137878	-0.04270544	0.89977896	0.7885272	11.045625	3.501773e-07
46	46999	4364.3366112709045	3243.735	0.0	3243.735	3243.735	1000.0	3093.1685	1.8706187	3095.9202	3089.6167	1000.0	228.29893	76.026695	309.73102	-18.58913	1.4447644	0.9811099	2.6370685	31.904629	-10.962868	-230.94463	0.11239026	0.0012269542	0.1143819	0.110102385	-0.041293915	0.8928203	0.78470486	11.781429	9.0897083e-07
47	47999	4470.643119335175	2284.0735	970.6005	3254.674	1313.473	695.0	3230.2212	4.224855	3239.663	3223.4673	1000.0	231.00575	76.59516	313.2269	-36.285656	1.3851007	1.0169879	2.6470685	26.83672	-12.594196	-233.6399	0.11124206	0.0010111632	0.11336765	0.11012603	0.037282966	0.8904824	0.7842384	11.331687	6.854534e-07
48	48999	4576.53572678566	2074.685	377.52173	2452.2068	1697.1633	620.5	3243.8267	7.9324327	3256.9302	3228.602	1000.0	231.79341	76.95546	316.2452	-17.014002	1.4031165	1.0148377	2.618664	26.706875	-11.610636	-234.36394	0.11498604	0.00051028753	0.11579236	0.11322678	0.032202587	0.8881009	0.7806585	12.623463	6.109476e-07
49	49999	4680.444219350815	1822.8943	631.2513	2454.1455	1191.643	552.0	1273.231	245.89058	1966.7279	1140.7155	372.0	233.40494	76.78565	317.46017	-21.29935	1.4841353	0.988708	2.5962257	28.168945	-11.2653265	-235.91806	0.11526187	0.0009193949	0.116636045	0.113375485	-0.024379615	0.88845617	0.77837723	10.253032	7.003546e-07
50	50999	4786.40642786026	3203.285	0.0	3203.285	3203.285	1000.0	2453.5034	44.011475	2580.7273	2419.3728	1000.0	234.07654	77.29176	318.14417	-32.17766	1.4720246	0.9889587	2.6071694	26.87107	-10.21369	-236.55887	0.11183743	0.0006927428	0.11374961	0.11093548	-0.024051525	0.88299423	0.77500236	10.52161	5.066395e-07
51	51999	4891.921387195587	3028.0366	0.0	3028.0366	3028.0366	896.0	3212.0718	31.914732	3227.8772	3117.0088	993.0	236.13539	77.001945	318.50198	-34.916874	1.4528667	0.99110603	2.5987773	26.541298	-11.631349	-238.55672	0.11075556	0.0015013199	0.11309511	0.108613975	-0.019472152	0.8850983	0.77592945	10.219989	1.7881393e-07
52	52999	4997.440136671066	1839.4684	122.96448	1962.4329	1716.5039	543.0	3167.0337	1.6374859	3169.5586	3165.2588	1000.0	238.72781	77.0053	320.75574	-28.724508	1.502535	0.99153244	2.603882	27.097464	-12.126173	-241.11652	0.10765721	0.0011227868	0.110309616	0.10619481	-0.018670743	0.88698673	0.7766125	10.63571	3.516674e-06
53	53999	5103.83386015892	1002.9939	0.0	1002.9939	1002.9939	300.0	3098.7961	0.9174107	3101.028	3097.5947	1000.0	237.98753	77.49664	320.8613	-27.12599	1.3941662	0.9977417	2.617422	26.574402	-9.703397	-240.3585	0.10866443	0.00026718673	0.1091997	0.10796076	-0.0049720053	0.89094734	0.7799579	10.735136	1.475215e-06
54	54999	5210.082980871201	3235.6409	0.0	3235.6409	3235.6409	1000.0	3119.882	7.4334507	3133.241	3109.8494	1000.0	239.47014	76.96177	320.78635	-17.453703	1.5342534	0.9939336	2.617167	25.985073	-11.432518	-241.80565	0.10734915	0.00050117704	0.10866876	0.10663058	-0.013479759	0.89251196	0.7806388	10.955753	8.046627e-07
55	55999	5316.35760307312	3063.4338	0.0	3063.4338	3063.4338	903.0	3055.196	1.5754291	3057.623	3052.5608	1000.0	240.84248	77.24245	321.94183	-22.025208	1.3874006	0.9877404	2.598308	26.602354	-11.43965	-243.11264	0.10690243	0.0011324242	0.10855306	0.10471728	-0.027433498	0.8854161	0.771343	11.207388	6.556511e-07
56	56999	5422.384311676025	2438.5178	823.63055	3262.1484	1614.8873	737.5	3214.8022	4.04602	3225.2844	3209.5022	1000.0	242.57793	77.24039	323.6163	-25.27648	1.4683354	0.99685925	2.5955095	27.15312	-10.59582	-244.8051	0.105034254	0.00049776665	0.10593467	0.10431494	-0.0070479233	0.8808977	0.7679171	10.853163	3.784895e-06
57	57999	5524.08038520813	3210.9658	0.0	3210.9658	3210.9658	1000.0	16.314436	0.59813255	17.31729	15.77898	16.3	244.58618	77.458466	324.53134	-30.409782	1.423051	0.98002046	2.6269116	26.074053	-12.155772	-246.82341	0.10261676	0.0013457085	0.10476982	0.10061963	-0.045431327	0.8823175	0.76945704	9.786165	1.6987324e-06
58	58999	5628.883554697037	3134.3748	0.0	3134.3748	3134.3748	923.0	3295.9036	7.9630947	3310.734	3283.385	1000.0	247.13982	77.588005	326.5297	-27.193205	1.4363389	1.0003203	2.6283584	28.737347	-12.009068	-249.36508	0.10177036	0.00035622256	0.10255516	0.10094418	0.0007915936	0.8864269	0.77028394	9.676562	9.447336e-06
59	59999	5732.99965763092	2131.3286	741.52	2872.8486	1389.8086	623.0	3275.773	243.12274	3396.679	2548.25	973.1	246.37572	76.85678	326.64395	-24.720194	1.585806	1.0235875	2.6162617	26.55481	-10.961271	-248.52197	0.103208736	0.0007788047	0.104728885	0.100961484	0.053694908	0.8843432	0.7733627	10.628527	8.6426735e-07
60	60999	5839.091793298721	1973.7805	756.1564	2729.937	1217.6241	577.5	3346.9324	1.5677295	3349.6736	3344.9138	1000.0	247.59036	77.09594	328.52045	-40.104954	1.4693074	0.99424785	2.620122	28.278831	-12.04845	-249.72617	0.10623074	0.00063664734	0.10698033	0.10389339	-0.0129356	0.888207	0.7705495	9.079794	2.477318e-06
61	61999	5942.498229980469	3266.2332	0.0	3266.2332	3266.2332	1000.0	2646.9116	997.61707	3473.5457	33.556957	771.2	248.7422	76.86758	328.5579	-22.269724	1.4557669	1.0082864	2.6177738	25.87661	-13.006111	-250.89444	0.10395536	0.00031970895	0.10525335	0.10344853	0.018764835	0.8845457	0.76527894	10.700304	4.3958426e-07
62	62999	6047.243208408356	3247.6587	0.0	3247.6587	3247.6587	1000.0	3184.023	1.9372196	3187.1584	3181.1902	1000.0	251.10843	77.035614	329.5215	-24.618591	1.4096328	0.99258417	2.5964694	25.53415	-10.589992	-253.18047	0.10500487	0.0007354376	0.10609743	0.10364697	-0.016696086	0.8770172	0.76100373	10.6017475	6.482005e-07
63	63999	6152.858786821365	1695.5317	568.0781	2263.6099	1127.4536	493.0	3288.1042	6.578671	3300.254	3276.764	1000.0	252.61786	76.999886	329.77634	-29.852861	1.3595855	0.98717964	2.5840054	27.707367	-11.342206	-254.68176	0.1019747	0.0010036128	0.10412319	0.100732535	-0.029089011	0.8717039	0.7546917	9.113473	1.1599623e-06
64	64999	6255.183386802673	3276.1096	0.0	3276.1096	3276.1096	1000.0	1181.6345	77.3683	1288.947	1049.9591	340.8	253.29349	76.990486	330.37936	-28.067753	1.271476	0.99114424	2.610459	30.862303	-11.648728	-255.32492	0.101280704	0.00086089113	0.1027123	0.099776275	-0.020252388	0.87676865	0.7593721	8.917503	1.7881393e-06
65	65999	6361.3801419734955	3306.1582	0.0	3306.1582	3306.1582	1000.0	3289.984	2.4127622	3294.144	3287.013	1000.0	254.45839	76.98429	331.32837	-36.30864	1.3019005	0.99623096	2.6161695	27.643856	-13.952341	-256.47015	0.099747576	0.00036797437	0.10042952	0.09894901	-0.008638158	0.87360036	0.7608536	9.92737	1.7210841e-06
66	66999	6467.171940565109	3304.9229	0.0	3304.9229	3304.9229	1000.0	3285.8137	6.9268923	3295.6443	3272.5505	1000.0	255.40913	77.00623	331.5442	-40.35034	1.3622963	1.0009013	2.6057715	24.692427	-11.593157	-257.43018	0.10026111	0.0005227672	0.10109129	0.09932241	0.0021272756	0.87913376	0.76197463	9.380484	1.0728836e-06
67	67999	6570.415763378143	3301.115	0.0	3301.115	3301.115	1000.0	1013.38916	25.12394	1085.6365	995.35803	296.5	256.71582	77.52854	332.82285	-30.54401	1.3201538	0.9887203	2.6131523	30.482056	-10.299154	-258.70132	0.09903891	0.00086719554	0.10035841	0.09756975	-0.026060494	0.8773858	0.75941306	10.213334	1.2293458e-07
68	68999	6676.326046228409	1647.5565	0.0	1647.5565	1647.5565	474.0	3373.0728	8.577455	3381.3357	3354.599	1000.0	258.25858	77.102394	332.89944	-17.691992	1.2442328	0.9880167	2.6229827	26.737167	-10.217054	-260.23773	0.09705267	0.0008066563	0.098248035	0.095554434	-0.02792427	0.87632245	0.7613886	9.5318	2.2053719e-06
69	69999	6782.057139635086	2729.8442	613.9574	3343.8015	2115.8867	813.0	3361.5488	1.474121	3363.8857	3358.6262	1000.0	259.4276	76.91537	333.6978	-33.16094	1.2255486	1.0015088	2.626828	28.504923	-10.47176	-261.3835	0.09703679	0.000691261	0.09797585	0.095850036	0.003601885	0.8808356	0.76514703	11.670892	2.3841858e-07
70	70999	6887.109822034836	3308.0142	0.0	3308.0142	3308.0142	1000.0	3195.9565	5.448719	3205.1084	3185.4087	1000.0	259.6719	77.39837	334.44073	-45.887875	1.3148625	0.9836526	2.625042	29.943703	-11.1770735	-261.5786	0.094965525	0.0007433193	0.09671838	0.093682006	-0.038452797	0.86845636	0.7551689	11.688145	2.1904707e-06
71	71999	6991.0680232048035	1665.9316	25.796446	1691.7281	1640.1353	476.0	3395.8262	4.963593	3401.866	3386.8433	1000.0	260.999	77.11332	334.2618	-27.394062	1.3888711	0.9950562	2.6099749	28.75892	-11.202239	-262.87006	0.09337352	0.00046833715	0.09432495	0.092811756	-0.011682897	0.8656159	0.75433147	12.992506	2.1606684e-06
72	72999	7095.678044319153	3314.789	0.0	3314.789	3314.789	1000.0	3341.3613	2.374255	3346.0002	3337.6572	1000.0	261.4722	76.73987	334.98996	-19.172363	1.3547394	1.011979	2.6434584	27.423185	-14.493254	-263.35287	0.09371138	0.00041889874	0.09472258	0.09282669	0.028403219	0.87545913	0.7620743	9.496471	5.6624413e-06
73	73999	7200.139404773712	2855.9067	0.0	2855.9067	2855.9067	823.0	3226.808	1.9120795	3230.009	3223.5315	1000.0	262.0171	76.85587	334.9905	-20.979757	1.3608214	0.99717	2.6428962	25.595547	-10.495812	-263.87207	0.094702594	0.0004376483	0.0954572	0.093806274	-0.006614374	0.8791778	0.7646286	11.183336	3.4496188e-06
74	74999	7304.940992116928	1820.9045	147.5998	1968.5044	1673.3048	512.0	3351.817	2.7101803	3355.1238	3346.8865	1000.0	262.6296	76.43229	335.17773	-13.634353	1.4056003	0.98794454	2.662961	27.680952	-13.163813	-264.4185	0.09296448	0.00058884115	0.09474032	0.092102945	-0.028509052	0.88178694	0.76791453	9.837177	1.2144446e-06
75	75999	7410.918488502502	2895.4563	0.0	2895.4563	2895.4563	832.0	3400.0176	7.9268007	3412.0195	3383.4446	1000.0	264.01965	77.103294	335.87625	-24.905746	1.3535116	1.0001657	2.652685	26.313412	-11.877682	-265.85617	0.09274657	0.00041569505	0.09334913	0.091967314	0.0004586296	0.8804414	0.7660536	13.804213	4.529953e-06
76	76999	7514.254328012466	3089.6274	0.0	3089.6274	3089.6274	886.0	1418.1416	20.176123	1448.907	1385.6835	393.1	265.27386	76.90615	336.31323	-25.123579	1.3112061	0.9883508	2.6721163	28.850512	-14.120313	-267.05893	0.09067534	0.0009888334	0.09287495	0.089715235	-0.027785854	0.87970597	0.76813245	10.949495	1.706183e-06
77	77999	7620.063536643982	2360.685	82.898926	2443.584	2277.7861	666.5	3405.2827	5.5326724	3415.211	3395.6829	1000.0	265.3302	77.09107	336.78732	-25.18097	1.3053337	1.0049481	2.6646879	28.048138	-10.396698	-267.07645	0.091160625	0.00031101384	0.09168489	0.09044374	0.011906811	0.8846364	0.77026534	10.416913	3.5762787e-07
78	78999	7724.532614946365	3357.7727	0.0	3357.7727	3357.7727	1000.0	3287.187	1.1345025	3289.362	3285.0588	1000.0	265.60953	77.355255	336.89804	-32.391376	1.2680732	0.99413455	2.6721272	33.039467	-10.85084	-267.38242	0.09137404	0.0007039991	0.09268166	0.090345375	-0.014006735	0.88632566	0.7742492	15.213793	7.1525574e-07
79	79999	7830.055253982544	1236.984	0.0	1236.984	1236.984	349.0	3447.793	2.4268825	3451.7954	3443.7195	1000.0	266.12033	77.01505	336.68335	-29.401804	1.2736878	0.9942944	2.690826	27.027103	-10.260727	-267.85822	0.0903069	0.00066809286	0.0913435	0.08915757	-0.013664817	0.8872772	0.7749489	11.868071	8.940697e-08
80	80999	7935.717330932617	3397.884	0.0	3397.884	3397.884	1000.0	3367.9285	3.9076877	3372.9294	3359.4568	1000.0	266.74533	76.87642	337.19785	-22.680866	1.3786978	0.98417795	2.669823	23.820782	-10.846719	-268.47574	0.08896097	0.0010013797	0.09043102	0.08726985	-0.03831646	0.8829128	0.7723094	18.662067	3.5762787e-07
81	81999	8041.420838356018	3330.9692	0.0	3330.9692	3330.9692	1000.0	3417.9478	2.0729034	3419.9512	3414.3215	1000.0	268.11664	76.073845	337.82	-22.056644	1.2231025	0.98766994	2.704533	28.498524	-10.431281	-269.83304	0.08634569	0.0004609385	0.08734457	0.08559034	-0.03013831	0.88841033	0.775678	9.586308	2.7865171e-06
82	82999	8147.941416978836	3359.8804	0.0	3359.8804	3359.8804	1000.0	3304.3762	2.6404245	3308.494	3300.3665	1000.0	269.41925	76.54357	338.5967	-29.721542	1.199933	0.98946667	2.704199	25.591995	-11.089384	-271.11563	0.085331805	0.0005729526	0.08639967	0.08395189	-0.025915379	0.88775253	0.77575773	13.449453	1.4007092e-06
83	83999	8253.521686792374	3351.4087	0.0	3351.4087	3351.4087	1000.0	3419.6218	2.8985143	3427.003	3416.1099	1000.0	270.4399	76.51026	339.80115	-33.562035	1.2458599	1.0022886	2.6887875	25.638077	-10.258329	-272.14032	0.08464386	0.0002858581	0.08530267	0.084008254	0.0057228603	0.8853334	0.7726286	10.783368	1.4975667e-06
84	84999	8359.077748298645	3377.5366	0.0	3377.5366	3377.5366	1000.0	3420.0735	4.3809495	3425.9998	3412.5227	1000.0	271.84918	76.17845	341.24628	-21.382265	1.2474738	0.98462385	2.6749759	26.851912	-11.390743	-273.48407	0.08330332	0.0007660934	0.08466701	0.08203677	-0.038150556	0.88041335	0.76976246	10.069046	1.8924475e-06
85	85999	8462.98261976242	3399.4502	0.0	3399.4502	3399.4502	1000.0	3232.073	1.4569119	3234.3293	3229.561	1000.0	272.62228	76.300934	341.30435	-27.375135	1.1522714	1.0042826	2.6840749	24.863281	-10.306601	-274.29572	0.08257187	0.0005543521	0.08374662	0.081544586	0.010755941	0.87983	0.7674618	10.517078	3.4570694e-06
86	86999	8567.895436286926	2275.3618	1101.2147	3376.5764	1174.147	662.0	3324.4153	106.41932	3431.068	3111.168	976.1	273.33026	75.28964	341.5555	-41.807648	1.1238109	0.99931216	2.7059426	24.121832	-11.023014	-274.96442	0.08339382	0.00062656356	0.08455282	0.08255116	-0.0016408854	0.88994473	0.7745846	11.814924	5.5879354e-07
87	87999	8673.601401090622	3408.1467	0.0	3408.1467	3408.1467	1000.0	3398.3757	2.8268273	3403.5525	3392.997	1000.0	274.8999	74.81858	342.18988	-26.678043	1.1782364	1.0034292	2.6952388	25.315388	-11.163431	-276.51428	0.08331191	0.00036913174	0.08417464	0.08273762	0.0085999	0.8897738	0.7750202	18.788921	5.364418e-07
88	88999	8779.053668260574	3492.8484	0.0	3492.8484	3492.8484	1000.0	3481.7761	2.501655	3486.9558	3476.3955	1000.0	275.96558	74.66672	343.43875	-27.632717	1.1415848	1.0027144	2.6961489	23.744936	-12.246697	-277.59027	0.08395363	0.00049701054	0.084738	0.08308794	0.0068103652	0.88850766	0.7756843	11.770984	8.866191e-07
89	89999	8883.755758285522	2224.3164	1162.5918	3386.9082	1061.7246	648.0	3419.696	2.3727138	3423.9128	3417.0442	1000.0	277.78177	74.15022	344.12512	-19.006771	1.2079467	0.99503875	2.6733418	26.455242	-13.397449	-279.3728	0.08309925	0.00044095598	0.08406748	0.0824081	-0.012272554	0.88610375	0.77212775	15.418089	1.5944242e-06
90	90999	8989.5627617836	3404.7517	0.0	3404.7517	3404.7517	1000.0	3344.9946	4.878866	3356.6228	3338.7463	1000.0	277.57675	74.779915	344.45197	-27.3672	1.1360098	0.99778706	2.6934798	26.356405	-9.791106	-279.18613	0.08303861	0.00042245915	0.08365269	0.08212063	-0.005469534	0.88514906	0.7728113	11.775027	1.4603138e-06
91	91999	9094.912041187286	3400.294	0.0	3400.294	3400.294	1000.0	3344.9133	3.2447472	3348.9636	3340.4785	1000.0	277.98398	75.02276	344.40826	-32.76254	1.105216	0.97637117	2.7025156	23.653046	-11.799719	-279.58603	0.08174584	0.0012349325	0.08361728	0.07953216	-0.059306044	0.8813917	0.77045286	11.313335	2.682209e-07
92	92999	9200.808950662613	1945.8424	0.0	1945.8424	1945.8424	537.0	3436.3762	6.264162	3450.2222	3429.6458	1000.0	279.07626	75.2283	344.40735	-19.38991	1.1230662	0.9664237	2.7165942	24.264503	-12.0010395	-280.62064	0.077752195	0.0017252252	0.08007562	0.07532947	-0.085836425	0.8836845	0.7688619	11.175503	1.0877848e-06
93	93999	9303.969655752182	2470.426	969.5423	3439.9683	1500.8837	707.0	3393.641	1.5874513	3396.5227	3390.0334	1000.0	279.30087	76.174034	345.82632	-19.345818	1.1208977	1.0063967	2.7428114	29.35526	-9.862349	-280.82883	0.07622304	0.00027209203	0.076803505	0.07534249	0.016569981	0.88492954	0.7766292	15.3010025	1.6391277e-06
94	94999	9408.796479225159	2724.6357	0.0	2724.6357	2724.6357	753.0	3365.2266	1.7386713	3368.1553	3362.3828	1000.0	281.16168	75.97848	348.46	-25.026344	1.1131569	1.0117162	2.7268376	25.13489	-10.95043	-282.67508	0.07740472	0.00039097696	0.07798309	0.07607394	0.030123271	0.8874987	0.7793934	11.176548	2.1755695e-06
95	95999	9511.241338968277	3437.9395	0.0	3437.9395	3437.9395	1000.0	3351.7417	1.4524165	3354.2842	3348.9736	1000.0	281.16272	75.660965	347.88	-24.13005	1.0904839	0.9974401	2.736653	23.052435	-9.60457	-282.6769	0.077381685	0.0003221275	0.07803827	0.07673738	-0.0064854575	0.8921711	0.78049016	12.361929	2.4437904e-06
96	96999	9617.202135562897	3438.8853	0.0	3438.8853	3438.8853	1000.0	3346.8977	2.2271569	3351.1807	3343.6052	1000.0	281.9003	75.87551	348.62714	-48.27792	1.0886405	0.9946815	2.7693918	24.998379	-12.390283	-283.41025	0.077127635	0.00036638093	0.07784295	0.07635988	-0.013588744	0.8913535	0.78110784	13.453277	1.6540289e-06
97	97999	9721.462227344513	3418.7156	0.0	3418.7156	3418.7156	1000.0	1747.1442	605.47394	3445.8923	1320.1703	488.3	284.11774	75.7598	350.1669	-33.474705	1.1539325	0.9810908	2.8097036	25.045368	-14.745426	-285.63278	0.07581181	0.0010912003	0.07732841	0.07429948	-0.04879665	0.9000973	0.78565913	12.8692045	1.7285347e-06
98	98999	9824.864003896713	2184.4006	1254.2295	3438.6301	930.17114	633.0	3406.4	2.7124233	3411.7026	3402.6956	1000.0	284.86926	76.127	350.0182	-28.968782	1.0795889	1.002838	2.8005185	24.808125	-10.683621	-286.3443	0.07441932	0.00051346194	0.07518116	0.07355473	0.007434515	0.90857536	0.7913128	19.93935	1.4156103e-06
99	99999	9929.892872095108	2197.7778	1226.7755	3424.5532	971.00226	637.5	3448.4688	5.5397854	3458.9873	3439.347	1000.0	285.1402	75.972404	350.28528	-27.18875	1.0612671	0.993911	2.7404642	25.137337	-10.348643	-286.61288	0.07420836	0.0005274247	0.07509105	0.0732693	-0.01578741	0.8983091	0.78376013	10.954916	9.23872e-07
