Epoch	TotalEnvInteracts	Time	AverageEpRet	StdEpRet	MaxEpRet	MinEpRet	EpLen	AverageTestEpRet	StdTestEpRet	MaxTestEpRet	MinTestEpRet	TestEpLen	AverageQ1Vals	StdQ1Vals	MaxQ1Vals	MinQ1Vals	LossQ1	AverageLogPi	StdLogPi	MaxLogPi	MinLogPi	LossPi	AverageAlpha	StdAlpha	MaxAlpha	MinAlpha	LossAlpha	AveragePreTanh	StdPreTanh	MaxPreTanh	MinPreTanh
0	999	1.5974078178405762	21.867727	16.199148	88.12324	7.9728937	24.55	9.207225	0.22911604	9.605422	8.813919	38.3	0.0	0.0	0.0	0.0	0.0	0.0	0.0	0.0	0.0	0.0	0.0	0.0	0.0	0.0	0.0	0.0	0.0	0.0	0.0
1	1999	1.934410810470581	21.89739	19.323784	91.71036	6.8197417	24.390244	9.207225	0.22911604	9.605422	8.813919	38.3	0.0	0.0	0.0	0.0	0.0	0.0	0.0	0.0	0.0	0.0	0.0	0.0	0.0	0.0	0.0	0.0	0.0	0.0	0.0
2	2999	2.299107074737549	17.015001	11.203094	63.820225	6.1277585	21.404255	9.224884	0.3388997	9.823537	8.630303	38.3	0.0	0.0	0.0	0.0	0.0	0.0	0.0	0.0	0.0	0.0	0.0	0.0	0.0	0.0	0.0	0.0	0.0	0.0	0.0
3	3999	2.6943442821502686	18.893555	13.409136	77.89592	6.398895	21.644444	9.196348	0.17021175	9.584463	9.011229	38.2	0.0	0.0	0.0	0.0	0.0	0.0	0.0	0.0	0.0	0.0	0.0	0.0	0.0	0.0	0.0	0.0	0.0	0.0	0.0
4	4999	3.1319420337677	14.7635565	9.767971	51.274837	5.4382825	20.22449	9.321554	0.15404956	9.58349	9.060116	38.1	0.0	0.0	0.0	0.0	0.0	0.0	0.0	0.0	0.0	0.0	0.0	0.0	0.0	0.0	0.0	0.0	0.0	0.0	0.0
5	5999	104.35444784164429	127.62675	56.969837	204.47675	16.873861	70.14286	204.94235	1.9244022	207.004	201.69064	94.3	92.71757	54.60598	182.46065	-24.797619	7.5342717	-0.7265534	1.8477099	14.052956	-10.153023	-99.253334	0.8835328	0.06216806	0.99970007	0.78107154	-0.19325171	0.81989413	0.6022067	4.4999223	1.2367964e-06
6	6999	206.15062618255615	179.08081	37.198406	239.2828	125.09727	100.6	87.6796	0.77618283	88.79606	86.8338	58.4	173.73877	52.988518	219.87436	-29.53915	11.830883	-0.31503913	2.2113636	17.009317	-13.124587	-183.05066	0.68864477	0.05162994	0.78088707	0.60390085	-0.4893967	0.8428977	0.6431021	5.3844647	2.3841858e-07
7	7999	311.4885241985321	283.9276	117.01893	441.0981	160.47345	219.33333	999.3286	0.6695254	1000.2872	998.08014	1000.0	182.48232	54.464146	223.48381	-24.484491	9.385752	-0.1411738	2.333068	18.784199	-9.431025	-191.06865	0.5321009	0.03989169	0.60375965	0.4664291	-0.7195861	0.84825075	0.6604224	5.2552176	2.4437904e-06
8	8999	416.77962017059326	1055.1365	0.0	1055.1365	1055.1365	1000.0	1016.11096	0.5910927	1017.06415	1015.1836	1000.0	165.02762	51.210873	216.86177	-27.572086	4.5008516	-0.07110918	2.3788743	23.978077	-12.352398	-172.21077	0.40975383	0.032269437	0.46631944	0.3551143	-0.9608795	0.8401164	0.66579324	5.777974	1.9073486e-06
9	9999	521.7788825035095	608.13544	0.0	608.13544	608.13544	433.0	1031.7844	0.5324236	1033.0894	1031.0902	1000.0	147.28471	46.019955	200.53934	-24.04701	2.874212	-0.19951575	2.3648381	20.789265	-11.935331	-152.95178	0.30709985	0.027288824	0.35501713	0.2601577	-1.4298959	0.83084106	0.66378075	5.7760205	4.3213367e-07
10	10999	627.0775992870331	1018.08374	24.898346	1042.982	993.18536	902.5	1035.7664	0.29578817	1036.1971	1035.357	1000.0	132.70767	33.03615	168.66287	-23.56619	1.6878755	-0.2870185	2.386126	21.124931	-11.551148	-137.12794	0.22257468	0.019825934	0.2600707	0.19134817	-1.931471	0.80289114	0.6503125	5.5436163	6.4373016e-06
11	11999	732.110925912857	359.66217	162.90315	601.879	189.27086	220.8	1051.1609	0.5611074	1052.2137	1050.3965	1000.0	137.96031	31.938517	175.7981	-30.264158	2.4043996	0.29611215	2.470633	28.64475	-10.647321	-142.33316	0.1728056	0.009298864	0.19129787	0.15855813	-1.2270994	0.839923	0.6808138	6.8289127	2.3245811e-06
12	12999	837.3214280605316	327.54785	6.883486	339.44073	315.20456	145.0	1040.8955	0.5973687	1041.8724	1039.7212	1000.0	148.09544	35.879864	187.5361	-23.615446	1.8179888	0.52231914	2.458169	23.71054	-10.719651	-152.4584	0.14590454	0.007212147	0.15852848	0.13261577	-0.92025864	0.88795906	0.69188666	6.153936	1.0672957e-06
13	13999	939.3904976844788	243.5892	46.050247	361.51685	210.2147	115.875	326.51508	0.64718235	327.608	325.4114	143.2	139.25041	37.54311	182.3719	-34.71581	1.4431031	0.324816	2.5578215	25.047129	-11.304392	-143.14719	0.11387595	0.009724312	0.13258353	0.1008542	-1.4566765	0.8499453	0.68115425	6.5576687	9.536743e-07
14	14999	1040.9030952453613	347.41992	46.41654	432.5252	301.83557	159.42857	359.21832	1.0382558	360.94165	357.50824	171.7	132.1846	35.714302	174.84433	-21.071617	1.1119807	0.6141137	2.5518217	26.117195	-11.388129	-135.56862	0.091068596	0.005344233	0.10084144	0.08423155	-0.9187802	0.83131415	0.68907195	6.831357	3.1923992e-07
15	15999	1142.598168373108	334.7584	10.477168	348.68692	314.24008	147.16667	316.3928	1.6578484	318.78207	314.33612	131.9	134.65979	37.671917	173.38908	-19.999178	0.9771721	0.6547257	2.5757322	28.840633	-12.629766	-137.86618	0.07706717	0.005183062	0.08432044	0.068026066	-0.89029485	0.82557595	0.6937777	7.1128907	9.23872e-07
16	16999	1245.265605211258	290.0969	61.275227	329.6368	134.71365	120.333336	361.16754	2.129536	364.6457	357.9234	171.9	131.6083	37.301437	167.91212	-21.122358	1.0241929	0.8912119	2.6414022	34.210896	-10.014056	-134.60184	0.065493695	0.0022621884	0.068290375	0.062370688	-0.2967469	0.855064	0.7156948	8.524251	1.7434359e-06
17	17999	1347.403319120407	321.7509	7.919352	332.42535	310.47958	130.57143	327.99835	1.5996041	330.94827	326.3922	141.6	133.31905	38.19168	169.17879	-42.832497	1.0515385	1.0097488	2.6533217	28.558178	-12.168457	-136.31123	0.06304451	0.0004196531	0.06383736	0.062368218	0.027099319	0.87529355	0.72722	7.9147205	4.6491623e-06
18	18999	1449.5215330123901	325.18008	21.043577	341.8852	273.29605	135.0	344.80338	2.5442698	347.93744	339.74988	152.7	132.79599	38.894382	169.6458	-30.754625	0.8511439	0.8987402	2.6288846	30.910198	-10.486191	-135.5599	0.060967546	0.002579788	0.064063445	0.05617819	-0.28538674	0.85275066	0.71892744	8.360843	2.9802322e-08
19	19999	1551.4133849143982	326.92743	7.109087	342.35358	320.6252	129.75	324.74335	1.0479939	326.63992	323.56873	135.4	132.17516	38.88686	170.69432	-21.798422	0.75334996	0.9775641	2.6463845	30.487633	-11.086711	-134.81276	0.05549195	0.0005381085	0.05644228	0.054509245	-0.06485106	0.8550804	0.73313344	8.385537	2.6971102e-06
20	20999	1652.8063204288483	318.09882	18.74613	339.18515	279.78967	126.71429	327.45932	2.1708345	331.5245	324.06583	151.5	133.14099	39.119255	172.1758	-31.758131	0.7582455	0.9916998	2.7100182	29.323275	-11.962263	-135.66647	0.053580936	0.0007089127	0.055017456	0.05249403	-0.024046788	0.84344923	0.7271442	8.510738	5.9604645e-08
21	21999	1755.0057082176208	293.83008	45.857494	333.30716	205.69751	121.888885	303.95728	1.4430171	306.58615	302.2118	115.7	132.55421	40.503296	173.02863	-16.758137	0.8309247	1.0131922	2.7168949	30.667099	-14.829662	-135.01886	0.05487452	0.00054674334	0.055799086	0.053772226	0.038573984	0.84780186	0.72639257	9.986679	1.989305e-06
22	22999	1857.8479642868042	316.8254	10.7643585	336.17752	297.9625	123.0	446.43744	3.7585156	452.49622	439.0561	267.1	133.03503	41.48341	171.89502	-22.801926	0.8517266	1.0365455	2.6738772	31.537148	-11.915344	-135.43452	0.05767731	0.0011190413	0.059618425	0.054871198	0.10539798	0.8564043	0.73613155	10.431527	4.61936e-07
23	23999	1960.5561571121216	334.3539	6.7495255	345.64862	325.15308	133.57143	325.93582	0.95515585	328.00934	324.84515	134.2	131.99489	41.37836	170.47665	-30.877344	0.69229954	1.0121377	2.6222532	30.330334	-10.396371	-134.26347	0.05820482	0.00024332387	0.058763184	0.057509635	0.034647934	0.8369808	0.71684855	11.083435	5.9604645e-08
24	24999	2063.338965654373	334.86682	6.479649	344.89758	322.27142	133.75	338.97748	0.67733765	340.6666	338.17435	134.1	134.54143	42.08948	175.20221	-25.018692	0.71319354	0.9598934	2.6135786	31.152592	-12.484207	-136.81522	0.05750296	0.0009522037	0.059153274	0.0552234	-0.11485544	0.8279167	0.70624435	10.329195	4.4703484e-07
25	25999	2165.3827979564667	336.96332	7.1556215	347.29214	324.47916	131.85715	327.37198	1.2105684	329.45743	324.8753	125.8	134.46016	42.313747	174.04332	-23.511768	0.61687624	0.9523297	2.6557827	31.251637	-11.190545	-136.61728	0.052474514	0.0013569909	0.055386625	0.051170938	-0.13964954	0.82141596	0.71108884	10.691595	3.7495047e-06
26	26999	2267.7681086063385	346.27148	7.706901	359.23566	337.84418	131.125	305.35858	1.5822548	308.8436	302.78607	113.8	135.38368	42.821445	174.60217	-25.288233	0.6231304	1.0033592	2.6920118	30.675589	-12.287476	-137.53638	0.05104895	0.0005538794	0.052205455	0.05042013	0.010085408	0.8363912	0.7237828	10.406696	4.7683716e-07
27	27999	2369.299075126648	360.0096	17.922726	377.83737	321.9744	131.14285	374.0431	1.5036577	377.28433	371.15213	150.0	136.90666	43.303677	176.1472	-17.28827	0.6277927	1.027861	2.6681738	30.282967	-10.422319	-138.98189	0.05179532	0.000889797	0.05383077	0.05042887	0.08210616	0.84052	0.7298281	10.461998	4.4107437e-06
28	28999	2471.0858097076416	369.79626	48.442787	411.57516	245.78694	133.5	384.12347	2.7676704	389.4726	379.86884	131.7	140.53923	45.001606	182.48405	-24.509916	0.7033865	1.1013389	2.68022	30.176765	-11.249547	-142.65819	0.05786263	0.0025095448	0.061719194	0.053848844	0.2894474	0.8435068	0.73580086	10.38154	8.698553e-07
29	29999	2573.5264048576355	404.23904	5.9914937	411.78625	395.42184	139.28572	325.77316	58.627518	346.60715	149.9221	117.6	147.20831	47.71748	190.99841	-26.63492	0.70202756	1.0802103	2.685437	29.797388	-11.932983	-149.47029	0.065582246	0.002036869	0.068392575	0.061581455	0.21948723	0.84708494	0.7396943	10.365924	4.7683716e-07
30	30999	2676.1875369548798	393.0391	15.103528	412.52866	371.88544	135.625	408.97073	1.7770132	412.8085	406.2451	137.9	152.36739	50.416855	195.25487	-18.139729	0.77290505	1.0190321	2.6685088	29.313538	-11.395649	-154.6483	0.06978766	0.0004905108	0.070515186	0.06840684	0.05087148	0.8398261	0.7417062	10.184313	1.0691583e-05
31	31999	2778.5139071941376	407.0564	5.124516	411.05112	395.55417	139.28572	400.42157	2.0224643	403.18335	397.10547	138.0	153.57077	51.345318	195.76501	-17.101292	0.71413195	0.99757457	2.6997097	29.71302	-13.313161	-155.82272	0.07138562	0.0006755393	0.072135925	0.06989644	-0.006339035	0.8470283	0.7480278	10.112513	3.2782555e-06
32	32999	2881.042336463928	380.78568	69.72938	420.12418	211.74982	132.0	398.39224	1.8924031	401.36307	395.64197	136.1	154.49522	51.340397	196.72113	-19.123053	1.144655	0.99005413	2.7081006	29.503288	-10.1578045	-156.7118	0.069399476	0.00057195895	0.07059559	0.06862063	-0.026444128	0.8369141	0.74640965	12.153697	2.8014183e-06
33	33999	2983.025024175644	412.68277	5.9002943	420.35358	401.08563	140.28572	412.7286	1.3061409	414.19687	410.8159	143.6	156.29776	52.09551	200.12889	-17.117771	1.2904054	1.0090108	2.7367926	30.700531	-10.181436	-158.47122	0.06904034	0.00039750012	0.06991932	0.06844372	0.02411317	0.84156716	0.7549305	11.325221	3.0994415e-06
34	34999	3084.8707177639008	396.1048	18.202662	415.341	366.04495	136.125	406.9952	1.1352916	408.28326	404.82355	145.8	157.30429	52.350067	201.18526	-33.951817	1.2875993	1.0347216	2.7685804	30.837633	-11.883983	-159.47081	0.07310506	0.0012917782	0.07431925	0.06992427	0.09155382	0.8619724	0.7675361	11.6700115	5.9604645e-08
35	35999	3187.2433364391327	408.62555	7.1223083	424.91318	402.5376	140.85715	433.8019	2.3084729	437.8672	431.57132	148.7	157.63516	52.37795	200.24342	-24.961052	0.8615668	0.9806554	2.7623065	29.578903	-11.227776	-159.77286	0.072628774	0.00079594087	0.07392708	0.071529746	-0.05067414	0.86422455	0.77168113	10.547956	2.6673079e-06
36	36999	3289.1599230766296	451.59604	57.987648	560.7887	365.91904	155.5	426.847	1.8634965	428.98575	424.08456	146.6	158.20316	52.195312	200.1576	-66.97604	0.9576277	1.0085123	2.7339838	32.058594	-10.671453	-160.23656	0.070424564	0.0008313085	0.072213806	0.06938038	0.022545608	0.8557567	0.7633144	10.933683	1.5199184e-06
37	37999	3392.218518972397	508.10995	57.513992	607.6906	433.504	165.66667	816.4372	4.0645156	823.40424	811.7702	260.4	167.58055	58.32355	232.73901	-31.394848	1.485819	1.2536001	2.8572094	31.62343	-12.552965	-169.96178	0.08512817	0.0075403396	0.09734436	0.072239555	0.6266624	0.88752955	0.79609424	11.904155	1.9669533e-06
38	38999	3494.1628642082214	661.1043	36.44849	710.80914	607.2367	211.6	787.23425	1.696999	789.7081	783.404	255.5	176.34071	63.417095	232.01129	-21.940115	1.3295547	1.0695081	2.74797	32.063892	-10.649534	-178.8019	0.1033738	0.0020833968	0.10596072	0.09738397	0.15937267	0.87723374	0.78061277	11.238163	8.34465e-07
39	39999	3596.731499195099	670.9064	41.95588	737.50446	625.13324	215.5	1030.9615	5.3445716	1040.3765	1022.97363	320.3	180.53204	64.37858	240.81076	-18.33973	1.3175114	1.0284545	2.7185092	30.213814	-11.90374	-183.04353	0.10596451	0.0012268993	0.109209046	0.10412776	0.063613184	0.8783525	0.7689376	9.960354	2.4922192e-06
40	40999	3699.717851161957	811.4924	34.77348	843.56146	759.10944	256.75	1110.7382	31.990677	1137.894	1024.1986	349.2	186.69151	67.28921	250.28467	-48.8657	1.3940275	1.0506368	2.7375748	30.682892	-10.900642	-189.31425	0.115692385	0.0026735442	0.118083864	0.10922977	0.11036803	0.8952817	0.77458715	12.064701	1.2516975e-06
41	41999	3802.3015513420105	909.25085	60.811436	961.65106	805.8973	284.25	278.5132	1.1946441	280.53656	277.1767	119.4	190.217	68.6171	263.54688	-31.892452	1.434448	1.0323701	2.733681	30.639572	-10.536988	-192.88484	0.118761264	0.0014875752	0.123293646	0.11733529	0.06862551	0.8983	0.7761722	11.220021	2.2947788e-06
42	42999	3905.6117103099823	1152.2719	112.31726	1264.5891	1039.9546	359.0	953.5001	248.85051	1700.0238	867.6133	352.2	196.66805	71.74653	270.1737	-47.343994	1.696303	1.0627745	2.6981838	29.817131	-10.795252	-199.39412	0.12999286	0.0038617775	0.13568725	0.12330197	0.12847142	0.904415	0.7776242	10.449749	2.682209e-07
43	43999	4010.907323360443	1137.7501	41.236572	1191.1506	1090.7528	336.66666	2797.6616	11.975452	2805.3384	2762.498	1000.0	201.76752	73.091415	276.63116	-34.928116	1.7160151	1.0286031	2.6492195	30.39613	-9.956524	-204.4561	0.14022443	0.0015348203	0.14228375	0.13570856	0.056563165	0.8976228	0.7694282	9.044411	1.4901161e-07
44	44999	4113.7367396354675	1262.215	368.3181	1653.4844	768.8076	387.66666	794.2345	1.681267	796.9465	790.65063	259.0	205.2775	74.01942	282.42252	-24.545717	2.954671	1.0036839	2.644493	31.25579	-11.777977	-208.02954	0.14259279	0.00044879466	0.14351855	0.14171061	0.007238767	0.90009415	0.76791507	9.11287	3.1292439e-07
45	45999	4216.222835302353	1437.0979	62.230957	1499.3289	1374.867	426.5	293.69244	1.4088438	296.7056	292.29053	124.5	208.87079	74.03732	287.27713	-47.095676	2.0137012	1.0028503	2.6550786	33.500977	-10.765541	-211.65022	0.14493966	0.0011603412	0.14670491	0.14249878	0.0056276605	0.9004699	0.7705754	10.259527	2.7120113e-06
46	46999	4319.547929048538	1332.8285	214.68346	1631.2949	1135.41	395.66666	1132.8601	2.1818519	1136.1298	1130.0812	354.0	212.24905	74.73484	293.31726	-33.23292	2.0380301	1.0018976	2.6582673	27.998957	-11.163028	-215.00876	0.1422233	0.0011582064	0.14406437	0.14007027	0.003736641	0.90176284	0.7740038	11.73478	1.157634e-06
47	47999	4425.22852396965	1021.87646	275.43777	1297.3142	746.43866	322.0	2808.2563	2.03104	2811.8022	2806.0935	1000.0	213.05911	75.83405	295.4371	-26.85759	2.0637763	1.0013089	2.6207483	27.971788	-11.134758	-215.793	0.14437154	0.0008116817	0.14633955	0.14294788	0.0025958177	0.9047421	0.77180713	9.2917	4.4703484e-07
48	48999	4529.14129281044	1699.1948	44.60675	1743.8015	1654.588	512.0	2191.5723	324.06644	2703.9673	1735.8044	656.5	214.8375	76.09608	295.62454	-34.087128	2.851315	1.0217632	2.6229453	30.284939	-14.146513	-217.5354	0.14781909	0.0011383427	0.14914048	0.1440502	0.041849814	0.91194654	0.7762954	9.622165	8.34465e-07
49	49999	4634.520198583603	1482.6411	0.0	1482.6411	1482.6411	450.0	2676.4272	1.134303	2678.536	2674.5789	1000.0	214.81271	75.21224	293.93616	-69.44279	2.0315132	0.9853318	2.5974233	28.83609	-10.665959	-217.39232	0.1470584	0.00089209893	0.14931703	0.14552079	-0.02802842	0.9027069	0.7735715	11.522715	1.1026859e-06
50	50999	4740.279981136322	2362.34	683.5013	3045.8413	1678.8387	746.0	2772.2898	1.7231677	2774.1348	2768.244	1000.0	215.65367	75.40034	294.76968	-55.658466	1.9633621	0.9971894	2.5915961	31.375963	-11.780981	-218.20918	0.14557874	0.00044208046	0.14651746	0.14460303	-0.0053760353	0.90451825	0.77382225	11.014884	1.8626451e-07
51	51999	4846.253172874451	2015.1318	842.74286	2857.8748	1172.389	619.5	2860.2363	1.0941226	2862.246	2857.6492	1000.0	216.99431	75.18415	294.3605	-21.835617	1.8667866	0.98157924	2.5630655	31.185833	-10.560408	-219.50478	0.1438672	0.0013025041	0.14612114	0.14049605	-0.035796557	0.89350486	0.7687996	9.265556	1.1324883e-06
52	52999	4951.942450761795	3203.304	0.0	3203.304	3203.304	1000.0	3033.3208	1.7645752	3035.9727	3028.635	1000.0	217.50873	75.382484	295.71533	-23.887615	1.974374	1.0092151	2.5443997	29.49824	-11.994776	-219.97997	0.14289637	0.0008670359	0.14418331	0.14053796	0.018069755	0.8889293	0.7715066	10.348815	2.6971102e-06
53	53999	5056.282342433929	3118.1387	0.0	3118.1387	3118.1387	1000.0	2561.6497	152.42218	2778.4856	2322.2417	789.7	221.28082	75.66518	298.58182	-54.47748	1.7051135	0.96727794	2.589481	28.4045	-11.328795	-223.78696	0.14051105	0.0025251892	0.14451839	0.13530734	-0.06453546	0.8866789	0.77187836	10.3292055	2.6226044e-06
54	54999	5161.583906650543	1845.2383	612.30304	2457.5413	1232.9352	541.0	3304.0632	74.39505	3413.779	3204.4165	958.7	224.47113	76.77265	302.72266	-51.78092	1.6693088	0.99002707	2.619966	28.092793	-10.202261	-226.93997	0.13309588	0.0019144427	0.13632412	0.1304316	-0.019966312	0.87750906	0.76822317	10.112929	2.9802322e-08
55	55999	5267.615959882736	898.2783	354.2013	1252.4796	544.077	278.0	3077.2007	1.1943628	3079.1797	3075.5388	1000.0	224.92593	77.002655	305.08545	-36.3199	1.8783795	0.9988132	2.6104786	27.305948	-12.017902	-227.29448	0.13345747	0.00082412735	0.13506947	0.13207608	-0.0023280128	0.87214404	0.7693403	9.618716	3.2186508e-06
56	56999	5373.5518164634705	2703.7395	0.0	2703.7395	2703.7395	793.0	3075.293	1.3883294	3077.5283	3072.1355	1000.0	225.86638	76.81212	304.03897	-48.122467	2.0008945	1.0197834	2.5844753	30.248585	-12.992764	-228.227	0.13474429	0.0014536396	0.13716845	0.1324401	0.039696198	0.878789	0.7752497	11.530932	3.3900142e-07
57	57999	5478.602597475052	2494.772	731.14197	3225.9138	1763.6299	761.5	3118.602	1.7023287	3121.3884	3115.9907	1000.0	228.3249	76.70775	305.9559	-51.32514	1.7744172	0.99734926	2.58753	28.17369	-12.671888	-230.66013	0.13793549	0.0008450769	0.1392528	0.13641803	-0.0051867445	0.87286645	0.77061516	8.538391	1.616776e-06
58	58999	5584.181431293488	1837.7146	524.00165	2361.7163	1313.713	541.5	2893.0269	27.837648	2965.6072	2868.2034	1000.0	229.89914	77.18693	307.93762	-24.65798	1.8242548	0.99345714	2.5653849	27.681778	-11.845686	-232.23209	0.13614011	0.0009874137	0.13849607	0.1351648	-0.012999029	0.8667384	0.7680755	9.664389	1.1399388e-06
59	59999	5690.544734716415	1036.2819	0.0	1036.2819	1036.2819	342.0	2900.3582	0.9976392	2903.0364	2899.1272	1000.0	230.96075	77.2694	309.46945	-75.35843	3.276494	1.01371	2.5763884	25.657251	-11.351665	-233.25221	0.13708887	0.0010855007	0.13874215	0.13485655	0.027335502	0.8696926	0.7667874	12.460239	1.0430813e-06
60	60999	5795.643146038055	2025.2455	813.85236	3144.7417	1234.0247	619.3333	2788.17	0.6903947	2789.4788	2786.6702	1000.0	232.66249	76.557014	308.61456	-24.47912	2.3781543	1.000511	2.560038	27.056372	-10.20553	-234.93759	0.13917385	0.0006857451	0.14053124	0.13799493	0.0010754241	0.87489104	0.7706465	11.037067	5.364418e-07
61	61999	5901.29847407341	1614.7147	288.55627	1903.271	1326.1584	477.5	2991.6892	1.017226	2993.218	2989.895	1000.0	231.39984	77.16607	308.35034	-69.976974	2.2284994	1.0090188	2.5290549	26.311974	-11.324217	-233.66016	0.13937849	0.0006472799	0.14044286	0.13806233	0.017831514	0.8666262	0.76669556	10.968534	5.364418e-07
62	62999	6007.177744150162	3368.7202	0.0	3368.7202	3368.7202	1000.0	3051.9727	1.6336379	3054.4253	3049.1216	1000.0	231.85277	76.89377	312.238	-58.64175	1.9570359	1.0034317	2.510531	25.332512	-11.611142	-234.02824	0.14065538	0.00071113434	0.14193784	0.13955963	0.0067787585	0.8620829	0.7631163	11.514952	2.6226044e-06
63	63999	6112.8118216991425	2431.3223	0.0	2431.3223	2431.3223	738.0	3062.392	1.8878858	3065.958	3060.1167	1000.0	232.91713	76.27613	307.89017	-48.722836	1.9102297	0.97336733	2.5078557	25.477743	-10.469485	-235.0883	0.14000028	0.002127915	0.14311652	0.13511708	-0.05262783	0.86559415	0.76314765	11.504856	9.685755e-08
64	64999	6218.348548173904	3126.7327	0.0	3126.7327	3126.7327	1000.0	2947.3018	0.74876076	2948.4402	2946.493	1000.0	233.55598	76.62907	307.80713	-55.54449	1.8544319	1.0042664	2.5199738	25.951597	-11.310464	-235.6956	0.1348297	0.0009501399	0.13627736	0.13318142	0.008581409	0.8689744	0.764913	9.941513	8.940697e-08
65	65999	6323.644782304764	1911.5734	0.0	1911.5734	1911.5734	560.0	3291.1626	6.6291904	3300.5027	3275.5142	1000.0	235.47417	76.70838	309.82672	-65.57988	1.6189218	0.9613011	2.5399904	27.668182	-13.802329	-237.554	0.13220805	0.0026019958	0.13633962	0.12736627	-0.07841016	0.86732346	0.7658399	9.431015	2.2351742e-08
66	66999	6429.091826915741	3016.4453	237.86792	3254.3132	2778.5774	886.5	3179.177	2.0664098	3181.852	3174.611	1000.0	236.86253	77.31842	310.1684	-64.501465	1.815343	0.99887013	2.5526235	24.50834	-10.609158	-238.95882	0.12607604	0.0006361931	0.12737256	0.12481307	-0.002264557	0.86739886	0.7693926	8.625228	2.9355288e-06
67	67999	6535.167429685593	3262.1018	0.0	3262.1018	3262.1018	1000.0	3168.1191	4.800353	3177.6392	3160.7358	1000.0	237.71127	77.60263	311.34906	-34.489254	1.6134875	1.0005931	2.5478911	24.69312	-11.3206215	-239.77077	0.12770653	0.0010419093	0.12954943	0.1259061	0.0012891802	0.867514	0.77413785	9.448002	1.4901161e-07
68	68999	6640.344858169556	3277.945	0.0	3277.945	3277.945	1000.0	3187.1099	2.3959453	3190.5547	3182.0745	1000.0	239.65063	77.42028	312.54037	-22.871162	1.6242657	0.9973068	2.5376308	25.349434	-11.612089	-241.70284	0.1272459	0.00075740746	0.12871549	0.12600426	-0.0055125575	0.862257	0.76681817	10.317216	4.0978193e-07
69	69999	6745.904163599014	1647.627	499.79028	2147.4172	1147.8367	485.5	3037.7808	1.5258739	3039.4885	3035.0034	1000.0	241.67987	77.559975	315.61554	-42.952015	1.5862145	0.9847521	2.5334203	27.779943	-13.687149	-243.70882	0.12587157	0.00088201236	0.12710878	0.12319472	-0.03166635	0.85283405	0.7625819	10.160992	1.3465105e-06
70	70999	6849.205413341522	1723.421	0.0	1723.421	1723.421	516.0	1252.7207	51.79564	1402.119	1225.5692	368.2	242.5029	77.033005	314.4612	-24.252092	1.5146824	0.99331653	2.5571425	28.427322	-12.290449	-244.48444	0.12237969	0.000649626	0.12365934	0.12137718	-0.013971051	0.84934163	0.7634933	9.743037	1.1920929e-07
71	71999	6954.46749830246	1944.3145	0.0	1944.3145	1944.3145	568.0	2886.516	5.8594418	2897.3584	2873.7559	1000.0	242.17981	77.21778	315.37238	-23.596283	1.5540292	1.0033923	2.5427632	28.153063	-10.642441	-244.11429	0.12234945	0.0004943155	0.123410024	0.12124842	0.0071790875	0.84740233	0.76511157	9.533638	9.313226e-07
72	72999	7060.658099889755	2965.4526	197.38074	3162.8333	2768.0718	904.0	2976.77	1.7857994	2979.8882	2973.6543	1000.0	243.25162	76.89809	314.94672	-23.186113	1.719509	1.0026617	2.5330303	26.105118	-12.129548	-245.18163	0.12164154	0.0008335445	0.12323725	0.12017525	0.0056501273	0.8449344	0.7630606	11.534982	2.9802322e-08
73	73999	7166.718293190002	3190.4595	0.0	3190.4595	3190.4595	1000.0	2624.7495	1.0077672	2625.886	2623.2034	1000.0	244.67752	76.80641	315.39172	-44.801594	1.7603999	0.9903514	2.5155737	27.702446	-10.266743	-246.61801	0.12322465	0.0009412521	0.12452585	0.12080998	-0.020234123	0.8461939	0.7637452	11.481899	8.046627e-07
74	74999	7271.8688225746155	3208.864	0.0	3208.864	3208.864	1000.0	3076.0933	54.45866	3232.5195	3041.11	1000.0	245.44482	76.39236	315.61636	-45.71912	1.5700905	0.9878995	2.5286472	26.611088	-12.04842	-247.31793	0.12064965	0.0009728819	0.121801436	0.118315145	-0.02563102	0.84085417	0.7624303	10.108341	2.2351742e-07
75	75999	7377.592507362366	3391.3357	0.0	3391.3357	3391.3357	1000.0	3005.3987	4.6698155	3013.484	2998.622	1000.0	247.31052	76.34067	317.09653	-36.05223	1.5701718	0.9882889	2.546063	25.922165	-12.33505	-249.22057	0.11795485	0.0013711737	0.11986366	0.11589059	-0.025017127	0.83628255	0.76407355	11.085236	2.6077032e-06
76	76999	7481.943865060806	3352.7222	0.0	3352.7222	3352.7222	1000.0	1683.9885	330.81256	2228.1523	1410.4001	489.3	247.96188	75.85061	317.2371	-63.12921	1.56546	0.98895144	2.5461657	27.050566	-13.192168	-249.83096	0.115143314	0.0007312247	0.11668703	0.113951266	-0.023828123	0.8325358	0.7662275	9.843109	1.0728836e-06
77	77999	7584.906849145889	1347.6664	22.783081	1370.4495	1324.8833	391.0	2098.143	312.4468	2456.4778	1566.795	620.8	248.52005	75.93819	317.61716	-67.07074	1.4967595	0.99334526	2.5403051	26.914558	-12.483031	-250.3781	0.114037566	0.0008359972	0.11550281	0.11285733	-0.014430752	0.8344685	0.76545244	10.520068	1.4528632e-07
78	78999	7691.094062566757	2894.5176	0.0	2894.5176	2894.5176	842.0	3312.1284	4.143242	3321.406	3305.4783	1000.0	249.99898	75.99572	319.81427	-31.316301	1.5147787	0.9864236	2.5236092	26.668293	-10.639294	-251.84091	0.11206196	0.0010185394	0.11338327	0.10992869	-0.029735768	0.829934	0.76202214	9.922697	8.046627e-07
79	79999	7794.083123445511	1629.9863	258.35352	1822.7108	1264.8069	470.0	1121.8776	18.70339	1166.6343	1102.4963	325.7	249.92827	75.8738	320.175	-33.28789	1.6859329	0.9968837	2.547631	24.343834	-10.821033	-251.7313	0.11033716	0.0006462406	0.11158548	0.10916674	-0.0068295496	0.8249947	0.76415974	9.801902	1.1622906e-06
80	80999	7899.090620994568	3158.1912	0.0	3158.1912	3158.1912	912.0	3299.325	4.8991113	3308.6462	3292.1772	1000.0	250.72185	75.69089	320.15335	-46.420174	1.4840122	1.0142205	2.5263486	25.885117	-12.107493	-252.5201	0.112082355	0.0006516397	0.11292599	0.10954652	0.03133732	0.8291813	0.76533395	10.567596	1.4305115e-06
81	81999	8001.925539255142	1723.0327	386.3238	2109.3564	1336.7089	487.5	852.84375	275.91	1680.4751	751.76587	288.8	251.22008	75.73422	321.09866	-56.875057	1.5781565	1.0006788	2.5247948	28.339647	-11.153095	-253.0032	0.113813914	0.000724421	0.11509084	0.11231031	0.0015681973	0.8277601	0.7628192	9.817172	8.046627e-07
82	82999	8107.601264953613	2647.55	0.0	2647.55	2647.55	757.0	3342.298	8.90634	3360.5747	3327.3767	1000.0	251.4879	75.62713	320.76572	-43.84136	1.5499474	1.0059966	2.5261862	28.670464	-10.198479	-253.2909	0.11376638	0.0007637059	0.1152712	0.11245725	0.013138197	0.82659864	0.7643223	15.68978	1.2926757e-06
83	83999	8210.764125347137	3349.2295	0.0	3349.2295	3349.2295	1000.0	1382.5459	73.60617	1539.7512	1320.1569	387.4	252.58682	75.67057	321.765	-44.049133	1.5729167	0.9954671	2.5218298	27.551533	-9.724733	-254.35452	0.112924255	0.00063229696	0.11445793	0.11173105	-0.009805703	0.8270272	0.76228106	10.83521	4.23193e-06
84	84999	8314.835492372513	1706.7875	376.4912	2167.3381	1245.1288	485.66666	3336.1543	202.95007	3539.2026	2745.597	976.7	253.05807	75.65567	322.60587	-70.32539	1.64597	0.9841788	2.5277863	27.511997	-10.146795	-254.76276	0.111665405	0.0014157711	0.1139542	0.10967052	-0.034673654	0.8205271	0.75922436	12.70924	6.2584877e-07
85	85999	8419.844784021378	1429.53	0.0	1429.53	1429.53	406.0	3184.4048	81.86955	3275.7712	2981.2388	986.4	254.41724	75.49327	323.2458	-25.339455	1.6847798	0.9901776	2.5275998	27.193981	-10.864241	-256.1558	0.10891894	0.0011185546	0.11087633	0.10720423	-0.021717949	0.8192606	0.7599147	12.5774	2.6226044e-06
86	86999	8525.892323732376	2284.047	0.0	2284.047	2284.047	651.0	3371.632	7.9785943	3387.2683	3359.5366	1000.0	254.0171	75.904724	323.2554	-24.112808	1.6357844	1.0012048	2.5346472	28.857496	-11.321956	-255.7274	0.10928762	0.0005491091	0.11016918	0.10775969	0.0027516899	0.82661355	0.76103836	12.556469	2.9802322e-07
87	87999	8631.407396554947	2574.5715	768.1509	3342.7224	1806.4207	756.5	3326.3657	7.721754	3338.787	3313.3662	1000.0	255.65271	75.14308	323.86682	-30.365683	1.5448157	0.9825775	2.5284	25.72657	-11.32859	-257.3298	0.106452405	0.0009845031	0.10858259	0.10497832	-0.03895378	0.817177	0.7562831	9.224774	6.7055225e-07
88	88999	8737.47982287407	3366.752	0.0	3366.752	3366.752	1000.0	3294.4148	4.182404	3301.4497	3288.6113	1000.0	256.6188	75.79117	324.71283	-32.291683	1.4701186	1.0142949	2.5401123	27.61029	-12.228581	-258.31458	0.10593356	0.00078975025	0.107776545	0.104986385	0.032102417	0.8187359	0.7608565	9.422853	2.682209e-07
89	89999	8840.910400152206	3164.2166	0.0	3164.2166	3164.2166	895.0	2032.2039	197.83897	2453.4382	1843.6351	569.4	257.51944	75.91916	326.21982	-41.296104	1.549386	0.99066246	2.5109398	25.703127	-17.045994	-259.19672	0.10703447	0.0011196788	0.1091435	0.10549529	-0.020819778	0.81847316	0.7612121	9.580584	9.983778e-07
90	90999	8946.274607896805	3449.7126	0.0	3449.7126	3449.7126	1000.0	3352.4355	5.723559	3362.1436	3342.7417	1000.0	258.5655	75.72495	328.6495	-57.101192	1.5495476	1.0046202	2.5246327	26.04765	-10.385238	-260.25146	0.10662756	0.00041600066	0.107535504	0.105764784	0.010427801	0.820104	0.76347095	8.658993	1.8626451e-07
91	91999	9051.670852184296	2613.621	765.8918	3379.513	1847.7294	761.0	3385.1008	5.4119153	3390.516	3372.8726	1000.0	259.47928	75.906975	327.63855	-65.114746	1.4803399	0.9918054	2.5143654	28.479893	-10.480539	-261.1589	0.10545905	0.0006343539	0.10672911	0.104515344	-0.018350072	0.814929	0.76135015	11.398062	2.0861626e-07
92	92999	9155.378162622452	2881.3918	0.0	2881.3918	2881.3918	813.0	1918.1283	74.39327	1993.79	1752.8098	547.6	260.95163	76.494835	329.15137	-64.04938	1.4607805	1.0017859	2.5166755	25.467579	-11.912541	-262.57516	0.105344355	0.00049361534	0.10610836	0.10452354	0.004081872	0.8140415	0.7609883	9.220522	7.748604e-07
93	93999	9258.972750425339	3379.3103	0.0	3379.3103	3379.3103	1000.0	2350.8618	203.44238	2750.807	2010.1216	656.8	260.96808	76.20039	331.30154	-64.55895	1.4282569	0.9973301	2.5125992	28.75085	-9.603762	-262.53918	0.10577417	0.0005971334	0.10659545	0.10432815	-0.0059497776	0.81399596	0.7602499	9.583181	1.6093254e-06
94	94999	9364.337044000626	3381.8528	0.0	3381.8528	3381.8528	1000.0	3362.9702	4.3208694	3367.6948	3355.199	1000.0	261.84924	76.58305	332.01355	-47.32402	1.6333634	1.0126792	2.5166187	24.870625	-11.90633	-263.4445	0.106713325	0.000799623	0.1083923	0.1048604	0.028503478	0.81409603	0.7645334	9.822855	1.3113022e-06
95	95999	9469.791596889496	3391.0945	0.0	3391.0945	3391.0945	1000.0	3338.1902	1.137511	3339.946	3336.2878	1000.0	263.557	76.16932	332.855	-43.663433	1.4926213	0.99404496	2.5172465	28.655052	-10.638209	-265.1302	0.10656482	0.00067282567	0.10776226	0.10562077	-0.013266319	0.8160314	0.7630821	9.60231	2.976507e-06
96	96999	9575.612615346909	2367.987	0.0	2367.987	2367.987	668.0	3326.0872	182.30452	3464.1123	2832.5486	968.9	264.53134	76.01741	332.4933	-59.495132	1.5075115	0.98152053	2.5247846	28.684505	-10.84689	-266.10187	0.10424924	0.0015833252	0.10702906	0.102128305	-0.041657038	0.81158775	0.76014084	9.520702	8.493662e-07
97	97999	9681.131739139557	3396.2202	0.0	3396.2202	3396.2202	1000.0	3401.416	3.45804	3407.588	3395.4397	1000.0	265.54297	76.51459	332.8189	-50.707577	1.4490747	1.0047905	2.5199885	24.416489	-15.867652	-267.10587	0.10286378	0.0005974659	0.10374428	0.10162244	0.010942266	0.8116584	0.760916	12.966673	1.758337e-06
98	98999	9785.978179454803	2316.5864	174.19788	2490.7844	2142.3887	652.5	3308.4956	1.5562366	3312.086	3306.3782	1000.0	266.3173	76.58963	333.62558	-25.902708	1.5268877	1.0102544	2.5103219	27.342533	-9.876194	-267.85532	0.10459545	0.00053373864	0.10584003	0.103522554	0.023218546	0.8155471	0.76663244	11.592247	4.8428774e-06
99	99999	9892.193638563156	2156.2551	785.1569	2941.412	1371.0983	608.0	3397.5918	2.8555827	3401.498	3393.5269	1000.0	265.5489	76.503586	334.05078	-24.746943	1.3704089	0.9906574	2.4954736	25.625076	-11.335703	-267.06763	0.10526749	0.000693235	0.106205545	0.10375549	-0.021042196	0.8167977	0.76578647	9.518919	3.7550926e-06
