Epoch	TotalEnvInteracts	Time	AverageEpRet	StdEpRet	MaxEpRet	MinEpRet	EpLen	AverageTestEpRet	StdTestEpRet	MaxTestEpRet	MinTestEpRet	TestEpLen	AverageQ1Vals	StdQ1Vals	MaxQ1Vals	MinQ1Vals	LossQ1	AverageLogPi	StdLogPi	MaxLogPi	MinLogPi	LossPi	AverageAlpha	StdAlpha	MaxAlpha	MinAlpha	LossAlpha	AveragePreTanh	StdPreTanh	MaxPreTanh	MinPreTanh	AverageMCDisRet	StdMCDisRet	MaxMCDisRet	MinMCDisRet	AverageMCDisRetEnt	StdMCDisRetEnt	MaxMCDisRetEnt	MinMCDisRetEnt	AverageQPred	StdQPred	MaxQPred	MinQPred	AverageQBias	StdQBias	MaxQBias	MinQBias	AverageQBiasAbs	StdQBiasAbs	MaxQBiasAbs	MinQBiasAbs	AverageNormQBias	StdNormQBias	MaxNormQBias	MinNormQBias	AverageQBiasSqr	StdQBiasSqr	MaxQBiasSqr	MinQBiasSqr	AverageNormQBiasSqr	StdNormQBiasSqr	MaxNormQBiasSqr	MinNormQBiasSqr
0	999	2.9644381999969482	117.64366	35.242546	246.32356	83.36877	23.547619	102.83615	0.0	102.83615	102.83615	21.0	0.0	0.0	0.0	0.0	0.0	0.0	0.0	0.0	0.0	0.0	0.0	0.0	0.0	0.0	0.0	0.0	0.0	0.0	0.0	77.086655	44.172222	200.84534	3.8264585	-475.85483	302.87955	6.105017	-1368.3259	-0.06788083	0.43779498	1.548891	-1.447505	475.7869	302.89786	1369.0072	-6.826358	476.12018	302.37384	1369.0072	4.110317	0.95133847	0.26759785	1.0224826	-0.6826358	318120.3	336975.47	1874180.6	16.894707	475.97922	302.5073	1369.6887	1.6894706
1	1999	4.563457727432251	114.603645	30.699991	216.75778	78.325874	22.704546	102.83615	0.0	102.83615	102.83615	21.0	0.0	0.0	0.0	0.0	0.0	0.0	0.0	0.0	0.0	0.0	0.0	0.0	0.0	0.0	0.0	0.0	0.0	0.0	0.0	77.086655	44.172222	200.84534	3.8264585	-475.85483	302.87955	6.105017	-1368.3259	-0.06788083	0.43779498	1.548891	-1.447505	475.7869	302.89786	1369.0072	-6.826358	476.12018	302.37384	1369.0072	4.110317	0.95133847	0.26759785	1.0224826	-0.6826358	318120.3	336975.47	1874180.6	16.894707	475.97922	302.5073	1369.6887	1.6894706
2	2999	6.238935947418213	120.11217	34.498634	236.41992	78.29635	24.071428	107.59856	0.0	107.59856	107.59856	22.0	0.0	0.0	0.0	0.0	0.0	0.0	0.0	0.0	0.0	0.0	0.0	0.0	0.0	0.0	0.0	0.0	0.0	0.0	0.0	78.404755	47.953247	244.49245	3.7722921	-476.67368	309.1825	5.996535	-1480.381	-0.071065985	0.45097494	1.3436357	-1.5846364	476.6026	309.219	1480.9142	-6.211041	476.93558	308.7052	1480.9142	3.7634854	0.951057	0.2676042	1.0252953	-0.6211041	322766.44	361362.53	2193106.8	14.163822	476.79108	308.8554	1481.4474	1.4163822
3	3999	7.8986310958862305	118.93443	40.06673	269.6806	78.65518	23.809525	108.12913	0.0	108.12913	108.12913	22.0	0.0	0.0	0.0	0.0	0.0	0.0	0.0	0.0	0.0	0.0	0.0	0.0	0.0	0.0	0.0	0.0	0.0	0.0	0.0	81.755135	46.888737	211.94609	4.2770367	-504.02393	316.29736	6.159493	-1389.135	-0.05471944	0.45975947	1.6960938	-1.4859393	503.9692	316.303	1389.2296	-6.367915	504.27493	315.8154	1389.2296	3.9423532	0.9548135	0.2572779	1.0673892	-0.6367915	354032.6	365475.3	1929958.8	15.54215	504.1477	315.93723	1389.3241	1.554215
4	4999	9.569092273712158	124.7724	37.351788	268.74188	78.77655	24.875	107.68621	0.0	107.68621	107.68621	22.0	0.0	0.0	0.0	0.0	0.0	0.0	0.0	0.0	0.0	0.0	0.0	0.0	0.0	0.0	0.0	0.0	0.0	0.0	0.0	86.591255	52.949806	244.67007	3.9140024	-539.70483	355.25848	6.198375	-1600.2959	-0.065472536	0.44776952	1.3637273	-1.5239189	539.6393	355.25876	1600.8247	-6.0904846	539.93945	354.80243	1600.8247	3.9765952	0.95535725	0.25521508	1.0242797	-0.6090485	417419.38	466836.78	2562639.5	15.813309	539.80194	354.9127	1601.3535	1.5813309
5	5999	120.34059238433838	225.33377	105.25125	396.49	82.67043	43.391304	365.0146	0.0	365.0146	365.0146	67.0	219.7033	194.5274	574.02203	-53.2708	259.44458	-3.6077106	14.971041	207.84686	-21.839302	-234.80069	0.95799273	0.042557802	1.0137533	0.87887377	-0.39478862	0.9434259	1.1068714	35.617233	1.0728836e-06	160.59912	80.26894	326.0412	4.2301297	212.9378	110.368004	449.27844	4.2301297	435.38803	137.9838	569.07935	49.389458	222.45021	87.773674	499.5037	26.843191	222.45021	87.773674	499.5037	26.843191	1.950515	3.6873348	49.95037	0.1832993	57188.316	43431.188	249503.94	720.5569	537.29236	1564.5841	24950.395	5.9453897
6	6999	234.0001096725464	379.4551	80.56092	577.6218	269.2256	75.46154	381.20377	0.0	381.20377	381.20377	74.0	380.14914	217.5763	614.7149	-10.660179	293.21625	-4.819765	6.350803	29.95917	-20.963596	-406.1538	0.79945385	0.046550173	0.8787148	0.71648306	-1.5357937	0.8653902	0.65858537	5.8378763	4.4703484e-08	165.72237	89.192566	376.68683	3.5211477	215.45216	119.33968	504.14337	3.5211477	372.04773	192.90413	599.1016	3.6386075	156.59557	129.18222	424.68295	-155.96555	165.51228	117.541115	424.68295	0.025014766	0.88318473	0.8986349	6.501731	-0.71853197	41210.22	42921.6	180355.62	0.0006257385	217.32396	283.8179	1972.9193	1.7476152e-05
7	7999	348.4559631347656	389.71222	86.527	572.5876	261.9475	79.0	273.9798	0.0	273.9798	273.9798	53.0	331.77927	195.79573	603.78613	-9.392735	188.58752	-4.4910173	5.665526	30.330189	-20.317652	-353.2565	0.6360758	0.044916593	0.7163106	0.5595017	-2.9423716	0.8609896	0.6585722	5.765027	4.7683716e-07	157.07607	81.325035	316.04413	3.2281215	206.50343	110.92099	430.62445	3.2281215	313.02344	159.6635	515.44543	13.777323	106.520035	72.96083	285.12814	-56.266483	110.22301	67.23607	285.12814	0.24333079	0.59107137	0.5075276	5.1275134	-0.59048104	16669.8	15968.864	81298.055	0.059209876	78.62132	78.118866	518.0617	0.0005701618
8	8999	462.8843996524811	399.3641	83.25619	614.3392	298.28333	79.5	409.15546	0.0	409.15546	409.15546	76.0	261.61395	149.01013	519.22845	-9.108326	99.83445	-4.9041367	5.2713847	25.945826	-22.028708	-276.62402	0.48607105	0.040826257	0.55934507	0.4186869	-5.004446	0.8473228	0.6444559	5.7623158	5.327165e-07	174.50902	92.86268	388.52454	3.4104865	226.66174	124.952805	519.63654	3.4104865	270.3136	113.932945	422.21442	11.862036	43.65184	61.6708	175.51581	-173.17087	61.85851	43.38543	175.51581	0.074254915	0.37429604	0.49270394	5.261669	-0.37673888	5708.771	6393.549	30805.8	0.005513793	31.64827	37.020332	276.85162	1.4235359e-05
9	9999	577.9449214935303	440.78857	62.323288	526.5755	320.03787	87.454544	495.4344	0.0	495.4344	495.4344	98.0	227.10106	123.42015	424.2816	-8.864664	61.25647	-4.806766	5.3358207	28.981266	-22.068634	-238.44543	0.36278826	0.03065801	0.41856432	0.31241882	-6.91783	0.8455581	0.64089483	5.7826443	8.940697e-08	178.39496	91.45853	356.28015	3.3638785	230.81985	121.52038	468.2799	3.3638785	222.41534	109.31704	373.96225	8.651279	-8.40451	39.804836	104.543144	-111.759575	30.38863	27.047958	111.759575	0.039959233	0.014654246	0.27807856	3.1484492	-0.6390579	1655.0608	2506.5867	12490.202	0.0015967404	6.711364	9.812157	99.12732	2.976612e-05
10	10999	694.643994808197	448.9945	78.41657	601.0037	353.9724	84.916664	443.69028	0.0	443.69028	443.69028	86.0	208.48708	112.38943	373.67322	-7.636303	47.638515	-4.081423	5.7385464	34.838562	-21.698284	-217.88943	0.27244362	0.021672733	0.3123274	0.23760241	-7.8957295	0.8522862	0.6493955	5.7282486	2.2351742e-07	180.90822	90.37748	349.93628	3.349448	226.73651	117.526215	448.18365	3.349448	219.94467	105.310356	354.0733	1.3098667	-6.7918463	47.105804	138.54633	-104.447845	37.54012	29.2545	138.54633	0.0017904806	0.016724288	0.2917976	2.3653562	-0.7931815	2265.0862	2974.5088	19195.084	3.2058206e-06	10.104273	15.728281	122.21505	1.3816486e-08
11	11999	809.5082409381866	504.33563	159.08092	799.9917	327.5712	101.1	411.18146	0.0	411.18146	411.18146	83.0	201.4807	108.964165	355.68222	-6.3400226	42.057	-2.5740287	6.3807716	36.781994	-22.794395	-209.85666	0.21101888	0.014339292	0.23754248	0.18766178	-7.0955215	0.8792645	0.67089015	6.1152964	4.7683716e-07	209.98785	108.55327	428.36053	3.0677233	252.86125	139.40424	538.0542	3.0677233	208.54935	105.99245	350.21118	0.8630522	-44.311893	71.63295	84.12823	-288.72055	55.721916	63.165592	288.72055	0.0060945787	-0.1223859	0.266131	1.8595166	-0.6375007	7094.8247	15637.217	83359.56	3.7143887e-05	18.3627	33.101707	181.31346	1.902562e-07
12	12999	922.8364014625549	506.8553	87.09447	623.4973	348.8458	99.7	501.56152	0.0	501.56152	501.56152	97.0	195.76797	107.3663	350.50296	-5.9492044	41.095226	-1.3109871	6.574277	41.292027	-22.300608	-203.51001	0.16854145	0.01035776	0.18761928	0.15181264	-5.8760805	0.8962653	0.6909288	6.9231634	2.0861626e-07	191.50723	97.50712	382.15662	3.1863518	221.60982	120.66288	473.97534	3.1863518	206.3317	113.086105	347.00006	5.2990675	-15.278106	50.501137	125.53999	-165.04791	38.925278	35.617523	165.04791	0.03052832	-0.017222924	0.38007998	3.807949	-0.65359837	2783.7854	4593.514	27240.814	0.0009319783	13.075372	20.483238	162.43622	2.1534308e-05
13	13999	1035.9441230297089	535.0178	148.15134	842.8133	333.4498	107.77778	426.09583	0.0	426.09583	426.09583	97.0	193.75298	107.74343	354.59567	-4.328052	40.32232	0.20566899	6.9534907	43.645447	-22.37249	-201.11597	0.13993779	0.0062074712	0.15178107	0.13010406	-3.5127435	0.922286	0.7123476	7.8822255	2.0861626e-07	173.8324	88.96363	341.1339	3.4568546	180.64363	113.10089	413.52963	-10.417161	197.45244	118.710014	353.73175	-1.7581621	16.808794	39.370884	130.84338	-66.85986	32.728806	27.593971	130.84338	0.025998304	0.22610368	0.6197411	4.8553033	-0.70931995	1832.6019	2815.6401	17119.99	0.00067591184	13.482604	24.41251	235.73972	1.2366665e-05
14	14999	1150.653177022934	545.77185	116.45889	777.5339	426.30392	108.44444	554.1265	0.0	554.1265	554.1265	103.0	191.90486	107.56338	354.36826	-3.919136	38.618225	1.0079083	7.2131314	44.531	-19.368204	-198.89685	0.122166	0.004615545	0.13008694	0.11471572	-2.081694	0.9345116	0.71965617	7.2811046	1.1920929e-07	211.47615	103.606735	382.52438	3.527494	242.14697	120.73532	444.1462	3.527494	188.53117	104.7599	351.42902	6.2303734	-53.615807	46.35495	85.962494	-169.45244	61.203033	35.74387	169.45244	0.18260336	-0.18190522	0.47269154	7.292601	-0.7385903	5023.4355	5588.806	28714.127	0.033343986	21.633528	33.13602	581.5007	0.0005535559
15	15999	1264.275321006775	539.601	99.47261	751.3321	401.02133	106.8	550.2292	0.0	550.2292	550.2292	103.0	194.06248	107.577095	361.46442	-5.2235613	37.917828	1.7817336	7.472141	45.015842	-21.388756	-200.90831	0.112165876	0.001317844	0.11470617	0.110023394	-0.47684374	0.9450222	0.72732073	8.814512	1.7881393e-07	198.8375	98.30764	365.7108	3.3401275	228.70972	117.93539	432.31845	3.3401275	202.72539	117.59686	360.26486	6.4934726	-25.984346	30.448975	80.76737	-87.58286	34.6161	20.101046	87.58286	0.0027645112	-0.13160232	0.20702909	1.2958444	-0.79450434	1602.3263	1525.2356	7670.758	7.642521e-06	7.492686	6.9029856	38.771965	4.3022754e-07
16	16999	1376.8980915546417	583.4254	96.88307	755.76044	424.68094	116.375	472.19272	0.0	472.19272	472.19272	104.0	195.53517	108.76054	362.9269	-4.897344	39.777157	1.9427179	7.6626616	47.563454	-20.320662	-202.22456	0.10919395	0.0004943834	0.11001894	0.108098686	-0.12682563	0.94614744	0.7314068	7.608269	0.0	197.93233	97.89845	373.03928	3.5472276	218.13489	118.22882	435.57782	-3.8576818	219.35152	113.67977	357.16022	2.8862984	1.2166487	40.1894	131.78891	-81.762505	29.515419	27.303997	131.78891	0.008574177	0.0517192	0.344148	3.0889366	-0.8104707	1616.6682	2674.2751	17368.316	7.351651e-05	7.7206116	13.797428	106.86484	8.46538e-07
17	17999	1477.1815011501312	530.42755	120.461945	785.4101	379.27905	104.4	766.6923	0.0	766.6923	766.6923	145.0	197.06644	109.42056	363.05624	-6.340435	38.967903	1.8703078	7.607714	54.686153	-18.722189	-203.41763	0.105474405	0.0015684842	0.1081316	0.10280207	-0.29152888	0.9351576	0.7251868	7.992958	2.3841858e-07	171.2524	93.787025	370.9193	3.1893146	183.50653	105.696175	411.03052	3.1893146	190.91563	116.86544	362.8097	6.8663416	7.409101	40.844757	120.84025	-103.7147	31.292025	27.27633	120.84025	0.0622982	0.05948796	0.25382093	2.0697424	-0.40628883	1723.1891	2575.0378	14602.365	0.0038810659	7.974679	10.999614	66.95669	5.3862623e-05
18	18999	1580.642284154892	500.46777	102.5594	693.6416	371.1609	101.7	565.4869	0.0	565.4869	565.4869	107.0	194.40015	107.4935	362.60773	-7.221532	39.06075	1.9533738	7.407228	53.874794	-20.774448	-200.5158	0.10321843	0.0013826435	0.10513352	0.10028455	-0.106484175	0.9336622	0.7234087	6.6281495	5.9604645e-08	224.53564	103.91053	397.9527	3.637267	254.87885	122.95672	461.27243	3.637267	213.4309	105.49294	354.48962	5.778366	-41.447945	38.213493	85.81354	-140.48038	46.697304	31.584248	140.48038	0.014254009	-0.1424121	0.1901292	1.8476553	-0.467999	3178.203	3584.1453	19734.734	0.00020317678	10.705429	10.073779	55.40878	3.073683e-06
19	19999	1683.6214652061462	564.1703	101.53999	703.10297	410.96646	114.111115	623.55634	0.0	623.55634	623.55634	131.0	193.12187	106.090065	354.9249	-4.4187765	36.671967	1.9413537	7.427806	46.92563	-19.609177	-198.85822	0.09903456	0.0010908927	0.1003548	0.097115405	-0.13567297	0.94112515	0.7255635	7.8182707	4.4703484e-07	216.74464	110.45616	438.46103	3.5249052	233.57443	123.26065	485.34247	3.5249052	213.05057	109.38997	350.6692	4.92039	-20.523851	61.473877	118.18452	-205.28792	47.249435	44.359398	205.28792	0.010923467	-0.061335437	0.26852915	1.6829646	-0.87679815	4200.2656	7313.045	42143.13	0.000119322125	14.400149	19.88741	112.278656	3.6643894e-07
20	20999	1786.2934892177582	713.1536	193.84924	988.0251	451.09674	140.42857	650.23627	0.0	650.23627	650.23627	125.0	193.83218	106.7762	354.9061	-4.9650917	36.09577	1.9802043	7.4136057	45.942303	-21.904749	-199.374	0.095443405	0.00062821875	0.09722837	0.0943689	-0.04605503	0.93645287	0.7269044	6.7830586	2.9802322e-08	215.17969	102.62944	385.67404	3.4795566	237.22865	114.61665	432.6509	3.4795566	210.70279	106.37558	355.92834	0.668861	-26.52586	39.0592	88.62144	-139.38412	37.34839	28.884954	139.38412	0.03282325	-0.11642161	0.18761423	1.4343929	-0.9211889	2229.2424	2968.7917	19427.932	0.0010773657	8.246718	9.405481	62.9595	1.0915565e-05
21	21999	1888.6716413497925	594.70197	128.69205	749.5019	402.019	115.875	744.25446	0.0	744.25446	744.25446	146.0	198.47331	110.15037	364.495	-5.9601707	37.334095	2.0250032	7.4181285	45.580967	-21.028574	-204.09296	0.09645236	0.00038892173	0.09746301	0.09583397	0.05852761	0.93617356	0.7255312	8.611813	2.2351742e-08	217.75034	107.16318	415.97247	3.4104185	232.29578	118.67788	463.00253	3.4104185	224.57788	113.70746	363.7519	2.8546576	-7.7178802	41.00871	106.69119	-102.7523	32.429478	26.260406	106.69119	0.023366721	0.004749443	0.42160106	7.67463	-0.61955523	1741.28	2402.1108	11383.01	0.00054600363	8.682655	27.994905	588.9995	6.613066e-06
22	22999	1991.1970369815826	635.4138	129.63112	876.6235	403.77756	126.125	654.7971	0.0	654.7971	654.7971	124.0	201.64023	112.25404	367.2477	-6.1808167	37.643375	2.0001705	7.4707904	46.901577	-18.391407	-207.2426	0.097536474	0.00044427515	0.0983656	0.09662637	0.000541996	0.9386248	0.7266631	6.8659163	1.7881393e-07	228.67857	107.153625	419.1044	3.291723	251.68007	120.87605	468.49265	3.291723	227.37798	115.453	366.77032	3.3790298	-24.30212	39.314564	91.91842	-122.30007	36.888355	27.847387	122.30007	0.16748363	-0.09669966	0.22725311	2.6421752	-0.82781374	2136.228	2713.6516	14957.308	0.028050765	8.040818	8.990743	69.8109	7.760163e-05
23	23999	2093.6615397930145	744.1084	308.66785	1418.183	416.98593	153.14285	472.75464	0.0	472.75464	472.75464	102.0	203.16443	113.40212	371.69934	-6.2312627	38.31043	1.9905132	7.595986	45.187798	-19.912247	-208.65265	0.097246274	0.00041544484	0.098001264	0.09671479	-0.02198893	0.9363483	0.72418565	8.064255	0.0	219.57541	105.62851	408.37256	3.1270247	241.52098	117.37271	437.06366	3.1270247	245.38951	112.302	371.061	7.208311	3.868536	53.25686	164.30278	-127.71931	40.539825	34.753147	164.30278	0.046410937	0.14849722	0.9269724	14.365184	-0.51541084	2851.2583	4360.3296	26995.402	0.002153975	26.100243	114.05092	2063.585	5.537434e-05
24	24999	2195.952378988266	648.15564	87.44465	765.5545	506.42892	128.875	576.21106	0.0	576.21106	576.21106	110.0	204.44278	113.674126	373.37308	-6.8621917	37.532913	1.9819728	7.5132804	46.71201	-20.366627	-209.81068	0.09681273	0.0006164774	0.09801851	0.095765084	-0.041974854	0.93523866	0.72332096	7.363723	5.9604645e-08	209.63573	105.826065	415.12613	3.7292697	237.0977	119.19649	472.62473	3.7292697	250.60771	115.09295	373.6906	-0.96679246	13.509992	50.813244	172.85768	-101.53783	38.921352	35.35016	172.85768	0.05691563	0.14651752	0.79553294	14.160238	-0.6626181	2764.5056	5096.035	29879.78	0.0032393888	21.720232	105.848694	2005.1234	1.4747518e-05
25	25999	2298.661320209503	673.9051	186.3366	914.5519	459.7032	134.71428	554.2578	0.0	554.2578	554.2578	105.0	205.40094	114.073494	374.90622	-4.324086	37.5401	1.9827197	7.370471	46.907055	-20.644386	-210.6854	0.09521767	0.00032488155	0.095891334	0.09431503	-0.040438425	0.9316074	0.7230929	7.7816877	8.195639e-08	224.12306	106.96538	400.76382	3.4507716	244.28499	116.724045	445.56995	3.4507716	228.00102	116.45954	375.552	6.88806	-16.283978	40.465366	81.31188	-120.892365	35.392757	25.49444	120.892365	0.09630224	-0.07075942	0.20437482	1.1858404	-0.67616737	1902.6136	2555.4011	14614.964	0.009274122	7.583831	8.386737	59.266136	2.5514066e-05
26	26999	2401.189215898514	726.17224	189.3329	1144.1626	526.2003	142.28572	1013.1747	0.0	1013.1747	1013.1747	198.0	208.8188	114.71505	373.92664	-6.050631	37.20416	1.9723505	7.4320445	45.446617	-21.290665	-214.0112	0.09459328	0.00078404084	0.09576709	0.093189694	-0.06518796	0.936133	0.7252799	9.634869	3.427267e-07	219.58897	113.71999	423.38892	3.4883435	233.59256	122.288864	469.66885	3.4883435	227.71788	117.57596	375.18668	7.0711102	-5.874681	46.59955	115.10487	-105.6399	37.02805	28.895563	115.10487	0.0165509	-0.0025378878	0.2745067	2.750586	-0.623364	2206.03	2951.1858	13249.133	0.00027393232	8.476808	10.780816	75.657234	4.5876513e-06
27	27999	2504.0066895484924	830.23944	311.56747	1346.2983	394.9367	161.66667	447.50424	0.0	447.50424	447.50424	86.0	213.68303	119.05639	385.19943	-7.2730293	38.346207	2.0425932	7.4995303	52.498043	-20.50364	-218.95403	0.095204666	0.0007717918	0.09620706	0.09346311	0.100636445	0.93529683	0.72303516	8.284355	2.9802322e-07	226.81909	110.847115	416.05054	3.287176	245.72725	120.2714	470.41968	3.287176	248.46312	122.11397	385.7008	4.2680736	2.73589	47.48333	115.21265	-93.530174	39.872234	25.92984	115.21265	0.19787657	0.030822502	0.33559448	4.221916	-0.61548537	2262.1519	2509.0452	13273.953	0.039155137	10.343512	12.581414	178.24576	0.00027572195
28	28999	2607.2566468715668	819.7249	178.91443	1128.2906	574.0955	164.16667	566.3324	0.0	566.3324	566.3324	105.0	217.73074	121.16177	388.93863	-8.794495	40.709015	2.0347226	7.4911275	54.55986	-19.036732	-223.0526	0.097191125	0.0006630403	0.09839346	0.09575116	0.0812191	0.9296068	0.7219017	9.416937	6.556511e-07	236.04411	111.835976	439.7298	3.680083	259.3755	122.902214	495.7936	3.680083	250.73683	129.05702	388.02502	4.627743	-8.63867	48.952553	112.74391	-127.841866	40.662643	28.59245	127.841866	0.034827292	-0.042829596	0.30871907	3.144959	-0.6731454	2470.9792	2912.3	16343.543	0.0012129402	11.661527	15.081369	112.29244	5.879939e-06
29	29999	2710.435256958008	685.8415	102.023384	852.4173	554.82294	136.85715	883.2788	0.0	883.2788	883.2788	189.0	221.77557	123.46316	394.04822	-8.715073	41.662056	2.0184996	7.529544	46.740307	-22.017239	-227.12181	0.09800221	0.0004147339	0.098849475	0.09695531	0.043041818	0.92699534	0.7217608	7.945678	7.8976154e-07	299.22507	123.89238	458.77594	3.4390533	329.0601	135.04453	508.40128	3.4390533	264.8977	121.346085	392.95312	2.4679887	-64.162346	48.733555	88.61856	-237.4244	70.00027	39.896473	237.4244	0.08787913	-0.19390981	0.21057507	1.7892779	-0.63558865	6491.766	6751.6777	56370.344	0.0077227415	19.173223	18.058952	123.19233	0.00024653398
30	30999	2813.3775374889374	828.9744	248.913	1260.336	576.79596	173.83333	644.8833	0.0	644.8833	644.8833	140.0	224.0962	125.73415	399.06955	-6.6182375	44.09304	2.0347452	7.5322723	48.61731	-21.98624	-229.49704	0.10072328	0.0007495538	0.10186394	0.09882606	0.08020817	0.9323289	0.7246527	9.017996	2.9802322e-07	324.5228	131.08505	477.34827	3.2006755	360.85986	150.70982	551.3166	3.2006755	310.50705	112.954765	398.13965	9.739566	-50.352837	64.05624	73.913864	-172.92087	62.162445	52.672947	172.92087	0.016013447	-0.10343608	0.17133503	1.2461971	-0.35262495	6638.61	8379.351	29901.629	0.0002564305	14.018701	15.327855	54.663044	7.118942e-07
31	31999	2916.077205657959	819.19366	333.0929	1428.3334	337.42505	162.33333	501.41156	0.0	501.41156	501.41156	94.0	226.6471	126.4945	403.24472	-5.9687257	44.523155	2.0436206	7.525383	47.509502	-21.784477	-231.97833	0.1019803	0.00092524063	0.103555016	0.100525394	0.09962924	0.9312492	0.72381604	11.556842	1.4901161e-07	285.40622	122.03928	442.10785	3.6489465	304.36115	134.61353	484.07227	3.6489465	290.58038	110.04412	402.27496	3.8619404	-13.780752	44.233574	149.75807	-143.50685	36.063217	29.085442	149.75807	0.03955843	0.0046601766	0.20773397	1.6845497	-0.47872332	2146.5183	3035.5598	22427.48	0.0015648694	7.2362146	13.953589	156.92627	4.6047785e-06
32	32999	3018.777604341507	773.6241	230.84329	1144.3245	430.72363	155.0	526.2338	0.0	526.2338	526.2338	103.0	229.39066	126.847374	404.9419	-4.8382835	44.79619	2.0037196	7.5555334	49.77829	-22.20153	-234.71202	0.103733495	0.00037032377	0.10461947	0.10308157	0.008559518	0.9325926	0.724747	8.575384	3.5762787e-07	329.05807	128.309	474.6011	3.695108	361.0516	149.835	548.8269	3.695108	306.82455	105.00038	404.96814	17.57627	-54.22702	66.955864	106.903465	-189.32297	69.47721	50.956593	189.32297	0.030813608	-0.07361139	0.30496022	3.4932003	-0.40076572	7423.658	8163.056	35843.184	0.0009494784	17.096691	16.531126	122.02449	2.690249e-06
33	33999	3121.5161979198456	882.0602	76.91651	952.56226	788.21594	173.4	752.3943	0.0	752.3943	752.3943	161.0	230.2558	127.4229	404.8582	-4.792716	45.30165	1.966599	7.6179633	50.56236	-21.023916	-235.4858	0.102450415	0.00039521357	0.10377263	0.10185593	-0.07585408	0.9318682	0.7244566	11.617256	3.5762787e-07	271.46906	120.64205	465.48346	5.301611	294.8939	136.04482	527.2349	5.301611	273.91705	120.52632	402.0453	4.03883	-20.976862	46.668617	101.087975	-147.88799	37.568165	34.736454	147.88799	0.11209694	-0.06169321	0.18396813	2.3819888	-0.65689087	2617.9883	4490.8623	21870.855	0.012565724	7.403915	10.332388	56.738705	6.819235e-05
34	34999	3224.8780760765076	790.7088	146.59908	958.94775	523.6338	156.42857	618.0146	0.0	618.0146	618.0146	116.0	229.0591	125.856865	403.3562	-6.374111	43.599316	1.9721427	7.5847397	59.93409	-21.33156	-234.15742	0.10092116	0.00085097406	0.10219419	0.099797025	-0.06373632	0.93119675	0.7235069	7.3177104	2.3841858e-07	343.2006	127.404335	488.62744	5.069459	360.84943	140.52655	549.3074	5.069459	293.2158	105.173805	403.522	4.0523624	-67.63363	67.96837	70.005	-191.74788	76.713936	57.52372	191.74788	0.23886202	-0.15703854	0.18218301	1.5499312	-0.5714755	9194.007	9928.909	36767.25	0.057055064	20.790781	20.293041	82.41358	0.00023690544
35	35999	3328.224338054657	755.4394	207.32616	1075.672	461.21396	154.71428	731.96985	0.0	731.96985	731.96985	138.0	230.72491	126.54158	403.72015	-4.4941864	43.255367	1.9896425	7.6226873	47.39293	-19.765154	-235.74419	0.1004673	0.00039908718	0.10115672	0.09961066	-0.023705995	0.9289033	0.7228656	7.4792147	4.172325e-07	242.93964	119.668884	439.6064	3.2141004	262.94888	123.329315	484.13205	3.2141004	261.2112	133.87325	403.37488	5.4114976	-1.7376925	48.34033	148.94136	-120.44522	38.636005	29.1044	148.94136	0.01715342	-0.033798482	0.219534	0.8167838	-0.46842742	2339.8066	3220.2288	22183.53	0.0002942398	9.230199	12.601481	98.82904	7.6446383e-07
36	36999	3431.457440137863	933.2103	306.4711	1456.2946	659.6238	189.0	827.04004	0.0	827.04004	827.04004	155.0	231.52713	127.692635	404.65274	-5.1283026	44.665516	2.0335538	7.648982	48.118816	-20.455738	-236.5745	0.10121024	0.00089939137	0.102225624	0.09935474	0.07721188	0.92841834	0.72279406	7.0016317	1.0430813e-07	304.6979	131.21378	481.11337	3.4304624	341.32816	150.15036	561.52747	3.4304624	302.49194	120.391716	404.98685	6.228401	-38.83623	65.14159	114.31197	-194.75487	56.998833	50.028114	194.75487	0.09758744	-0.095943816	0.21170953	1.7136065	-0.6398329	5751.6797	8577.068	37929.457	0.009523308	13.664097	16.17693	70.84502	5.62515e-05
37	37999	3534.828829050064	864.321	91.83353	1003.05225	723.9051	179.0	804.0511	0.0	804.0511	804.0511	169.0	235.409	130.04681	411.34988	-8.131969	44.965057	2.0166054	7.551247	47.989296	-22.136211	-240.41205	0.10174206	0.0003710954	0.10244531	0.101054005	0.03805143	0.9263149	0.7200452	7.0099187	5.066395e-07	273.8356	120.44355	441.69028	3.7655504	301.8625	130.13255	489.1775	3.7655504	286.50516	123.0203	409.95477	9.082985	-15.357345	46.03381	114.3551	-129.4717	39.972305	27.5168	129.4717	0.04597485	-0.027952608	0.24926373	2.8586287	-0.48024458	2354.9597	2764.1833	16762.92	0.002113687	8.288719	10.050658	85.29834	6.5276413e-06
38	38999	3638.0252878665924	1137.1257	189.56372	1377.5309	881.4289	227.25	841.9284	0.0	841.9284	841.9284	158.0	237.54465	131.42574	413.07654	-6.8261085	45.642403	2.008588	7.5721974	48.03297	-20.280697	-242.60013	0.10296091	0.00023485282	0.10353294	0.10244741	0.019655593	0.92593926	0.7202439	7.496145	4.7683716e-07	316.23718	126.35245	474.1334	4.560267	344.662	147.0554	540.9668	4.560267	310.2536	118.60297	414.18384	7.6606293	-34.408413	47.730495	83.878	-133.70663	45.911644	36.80027	133.70663	0.076846346	-0.065589316	0.17787686	1.8867931	-0.4563278	3462.1392	4408.858	17877.463	0.0059053614	8.0470295	8.524877	35.59988	1.562549e-05
39	39999	3740.6518235206604	850.1429	359.08267	1484.875	547.615	173.57143	660.7363	0.0	660.7363	660.7363	124.0	239.97214	133.2578	416.46182	-6.1245594	46.949062	1.99289	7.712289	45.120125	-21.696054	-244.97409	0.10204129	0.00043193813	0.1031827	0.10105719	-0.016020184	0.92570037	0.7205359	7.4788337	4.61936e-07	307.66296	132.41486	474.0777	3.3170755	333.9534	147.03508	544.9763	3.3170755	299.1414	119.11273	414.26703	8.51928	-34.812065	56.784817	113.768555	-138.5482	53.74815	39.338684	138.5482	0.0042134263	-0.05688532	0.25480348	2.176349	-0.4836173	4436.395	5114.1245	19195.605	1.7752962e-05	11.870182	12.316501	92.35389	5.821421e-08
40	40999	3843.6449744701385	1399.3622	282.28406	1725.9524	1037.2441	277.0	635.8764	0.0	635.8764	635.8764	137.0	240.519	132.50455	416.6006	-4.140529	46.365177	2.0019042	7.7039967	49.256966	-23.664724	-245.45656	0.10178076	0.00055072946	0.102952816	0.10082463	0.0044914475	0.9233926	0.7198258	8.454821	0.0	299.3438	124.783676	472.04312	4.960366	319.9081	138.35773	523.54266	4.960366	303.10193	117.81876	414.02805	11.06239	-16.806194	55.20611	110.54963	-125.772865	46.856438	33.684372	125.772865	0.007047319	-0.0054313852	0.22289075	1.6109959	-0.4814366	3330.1624	3717.7087	15818.814	4.9664704e-05	9.937852	10.97451	56.889526	4.492371e-06
41	41999	3946.916228532791	1146.3954	421.02655	1823.2638	571.1811	232.6	596.31146	0.0	596.31146	596.31146	111.0	244.845	134.00749	421.3581	-7.774251	47.06206	2.0216784	7.7156415	50.362926	-20.043053	-249.7891	0.10263386	0.00067191024	0.10377021	0.101752706	0.049356785	0.92241275	0.72102004	6.7027254	4.172325e-07	273.6578	126.544685	455.39328	3.701625	295.66785	137.8253	516.5148	3.701625	292.20682	131.43777	419.15204	12.716473	-3.4610233	55.143227	153.72949	-131.77763	43.001194	34.693672	153.72949	0.0115869185	0.013568742	0.2356649	1.7107002	-0.64641345	3052.7537	4283.0425	23632.756	0.00013425667	10.688812	16.87951	106.00355	4.007149e-06
42	42999	4049.53963971138	1092.6095	292.80243	1454.9336	757.89374	216.0	768.74	0.0	768.74	768.74	159.0	247.52983	135.62616	421.7614	-7.235301	48.599926	1.9702489	7.76263	53.11216	-20.501362	-252.43735	0.103569016	0.00048263124	0.1044193	0.102160424	-0.067461394	0.92502266	0.7222743	8.076085	1.7881393e-07	327.55157	125.09992	479.8112	3.786128	350.03745	140.63243	538.0422	3.786128	319.6973	115.910995	418.86874	8.336012	-30.34011	54.875042	94.50428	-137.89726	48.287113	40.001842	137.89726	0.035140563	-0.06587307	0.18011111	1.6221589	-0.57338506	3931.7925	5146.13	19015.656	0.001234859	9.61424	10.749787	51.21555	3.077116e-06
43	43999	4152.439760923386	1137.3119	195.89268	1514.6931	989.7959	229.2	743.80524	0.0	743.80524	743.80524	141.0	249.28104	136.29105	422.91492	-5.1965837	47.997875	1.9943538	7.843749	49.3655	-19.972649	-254.1561	0.10196099	0.0002982906	0.10253369	0.10121573	-0.012766132	0.92304695	0.722291	7.1841955	2.4214387e-08	294.7349	126.96508	475.922	3.9825056	312.41025	138.77283	537.03394	3.9825056	289.6474	124.89236	422.08636	3.5266695	-22.762829	53.064156	118.77469	-146.33957	46.809998	33.804955	146.33957	0.053167414	-0.060066257	0.20657712	1.5518261	-0.66849667	3333.9507	4327.899	21415.271	0.0028267738	9.692706	10.58215	65.64898	4.1680898e-05
44	44999	4254.9432537555695	991.29626	362.68994	1456.0605	539.06036	201.0	904.0846	0.0	904.0846	904.0846	181.0	252.5373	138.87926	428.1373	-6.603034	50.213512	2.0193524	7.951106	53.46154	-19.430088	-257.5084	0.10268629	0.00070755155	0.103616334	0.101421826	0.04424328	0.9231281	0.7231053	8.753659	5.2154064e-08	364.75632	123.61058	489.932	3.319772	397.0072	140.784	566.6675	3.319772	353.64972	101.86852	427.15656	6.5465217	-43.357437	79.65144	126.570175	-184.80283	79.037025	44.46763	184.80283	0.10742095	-0.072752304	0.21792181	1.1883837	-0.4914544	8224.221	7287.2695	34152.086	0.011539261	18.663223	14.058849	63.154457	9.548131e-05
45	45999	4358.110395431519	1214.5778	527.68787	1719.3912	376.47058	246.0	468.47723	0.0	468.47723	468.47723	102.0	255.60675	141.00052	430.97803	-8.497318	52.277172	2.0477843	8.106895	57.649666	-20.67028	-260.60867	0.103823975	0.0008003522	0.10578405	0.10264922	0.10818531	0.9236914	0.7240478	9.7679615	6.92904e-07	338.65924	134.95854	489.1758	3.55663	371.3398	154.1992	564.90265	3.55663	348.0345	121.10656	430.71466	9.012998	-23.305296	79.93061	175.53769	-149.97943	69.195366	46.303772	175.53769	0.2415353	-0.002928729	0.2895738	2.7159991	-0.46334592	6932.039	6888.2974	30813.48	0.0583393	17.920254	19.440077	129.87596	0.0004022897
46	46999	4461.563547372818	1244.5398	688.5477	2212.4915	668.64514	249.66667	957.8118	0.0	957.8118	957.8118	205.0	261.5963	144.46017	436.9495	-10.802378	54.02735	1.9838009	8.293227	60.716797	-20.473469	-266.6588	0.105376326	0.0006217066	0.1064763	0.10429467	-0.03632588	0.92723876	0.7264288	10.439792	7.1525574e-07	308.0908	129.434	472.96964	4.753345	335.8619	145.28763	549.5184	4.753345	308.85605	133.8517	437.88538	3.900462	-27.005854	67.077805	153.2235	-170.67697	60.133312	40.158844	170.67697	0.018867882	-0.03831097	0.28785414	2.6227918	-0.61212957	5228.7476	5722.95	29130.629	0.00035599695	15.918536	18.175514	89.96574	8.2789717e-07
47	47999	4564.867171764374	1596.0819	1184.5612	2780.643	411.52075	317.5	758.1454	0.0	758.1454	758.1454	158.0	265.28418	146.44943	438.96634	-4.482069	54.95365	2.0240254	8.422895	53.825836	-18.612206	-270.36124	0.10551282	0.00039514486	0.10619463	0.10465588	0.054168086	0.92960626	0.72805285	7.8102684	1.3038516e-06	336.86746	132.85574	498.11737	3.6242404	352.1039	148.24222	581.39386	3.6242404	335.333	121.20012	438.66333	7.2767777	-16.770916	73.13841	182.83824	-150.25545	60.512455	44.37042	182.83824	0.04642965	-0.0037961723	0.22792338	1.689645	-0.36330983	5630.491	6668.699	33429.824	0.002155712	14.439259	18.969135	142.4197	4.9767505e-06
48	48999	4668.156826496124	1960.0264	1226.0208	3813.3938	684.3957	395.0	966.1378	0.0	966.1378	966.1378	201.0	270.9518	148.42226	440.82214	-7.1303453	54.122257	1.9504175	8.619553	54.146255	-21.92376	-276.0247	0.10447618	0.00074799464	0.10606187	0.103053235	-0.1117094	0.9311661	0.73068094	7.648732	1.4901161e-07	309.95563	132.2315	481.5744	3.2873034	332.80695	155.1441	572.4031	3.2873034	328.42938	138.95155	438.55804	3.584418	-4.3775644	78.96241	169.81046	-154.96964	64.799614	45.33471	169.81046	0.0056905057	0.0039199167	0.28368312	1.3782619	-0.6697657	6254.226	6837.884	28835.59	3.2381853e-05	19.323908	22.237125	132.2352	3.0402532e-07
49	49999	4771.283002853394	752.8328	190.562	1013.03345	539.41034	151.57143	700.79016	0.0	700.79016	700.79016	132.0	271.91446	148.48906	442.38165	-9.876025	56.583336	2.0038657	8.581379	64.81074	-20.221163	-276.90076	0.10299076	0.00024389983	0.10351895	0.10236308	0.008924501	0.9298903	0.7292102	6.982624	2.9802322e-08	288.0551	122.492584	453.26392	4.2834296	295.63525	127.652695	514.2244	4.2834296	294.38824	138.74786	439.01617	3.4300733	-1.2470087	57.9508	139.63722	-174.48969	46.70442	34.329987	174.48969	0.018945318	0.018967722	0.35864943	4.262617	-0.7574191	3359.8503	4540.0454	30446.65	0.00035892508	13.939652	19.677216	181.69905	8.230823e-07
50	50999	4874.383462667465	1414.6372	274.9821	1800.8655	1182.2352	287.66666	718.5116	0.0	718.5116	718.5116	152.0	271.396	148.4742	442.34894	-5.16698	56.66391	1.9966561	8.576054	60.85531	-21.204044	-276.40274	0.10381601	0.00029441647	0.10452207	0.1031704	-0.0074116145	0.926642	0.729074	7.674737	1.1920929e-07	328.5544	124.32611	477.1309	4.085108	331.301	130.64323	534.3408	4.085108	326.31622	128.91605	441.3192	5.704458	-4.9847736	55.641582	150.89555	-146.53307	45.295784	32.69749	150.89555	0.055244736	-0.013211195	0.21155645	0.83598727	-0.83645135	3120.8335	3960.5508	22769.469	0.0030519809	10.459152	13.897374	97.18666	8.055026e-06
51	51999	4973.123599767685	1106.2845	294.97046	1511.85	679.0924	215.0	644.8735	0.0	644.8735	644.8735	120.0	273.17108	149.17989	442.2012	-8.647818	56.386185	1.9895076	8.598688	63.76124	-20.339912	-278.1501	0.1034416	0.0004157244	0.10430081	0.10257355	-0.023654277	0.92545456	0.72728693	7.8988457	8.940697e-08	351.96442	124.69317	491.03247	5.79875	373.6748	157.1941	581.10596	5.79875	349.18033	123.145546	440.20593	-1.9556291	-24.494446	76.626595	134.0081	-145.71387	68.406975	42.33319	145.71387	0.04124141	-0.021068638	0.2308084	2.3614454	-0.827531	6471.6133	5957.7983	21232.533	0.001700854	15.422369	12.995144	66.112686	6.6460096e-05
52	52999	5076.614072799683	1516.6085	663.8428	2271.95	504.89368	308.75	873.0929	0.0	873.0929	873.0929	165.0	275.08594	149.32402	442.87784	-4.9620705	54.834583	1.9274234	8.740656	61.225334	-20.98284	-279.9964	0.100482576	0.0015029388	0.10288578	0.09836581	-0.16616403	0.9235539	0.72753704	7.1010466	1.4901161e-07	337.72968	124.53144	475.5461	4.690054	335.06967	138.56143	529.49524	4.690054	328.24112	130.55852	443.974	5.0342226	-6.8285785	66.08433	196.16159	-236.9952	50.701717	42.93139	236.9952	0.08616698	0.002909189	0.2648339	1.4304638	-0.70829713	4413.7686	7272.9834	56166.723	0.0074247485	15.504002	28.2751	194.71992	2.6421387e-05
53	53999	5180.148105621338	1690.8949	579.36096	2345.5557	936.8877	347.0	877.857	0.0	877.857	877.857	169.0	277.43958	149.89394	442.7441	-4.852227	55.232727	1.9485003	8.830065	63.290634	-20.49534	-282.32324	0.09812838	0.00051140814	0.09913	0.09662418	-0.119479604	0.9239532	0.7292318	7.3266845	1.3113022e-06	342.9907	123.75546	474.9653	4.7081304	359.347	139.232	555.63214	4.7081304	335.66864	128.96088	442.9472	12.9249325	-23.678343	54.061058	108.74665	-149.43665	48.999912	32.897877	149.43665	0.20711258	-0.05114306	0.21941169	2.4396002	-0.49910873	3483.2617	3921.3357	22331.31	0.042895623	10.000746	11.549289	73.60686	0.00011399356
54	54999	5283.5886607170105	1148.4227	213.35042	1444.8912	951.63556	226.66667	784.26483	0.0	784.26483	784.26483	157.0	278.06204	149.73337	441.81165	-6.940942	55.7481	2.0043714	8.931805	65.62131	-22.629154	-282.86832	0.09685898	0.00035538178	0.0977395	0.09627516	0.010363308	0.9269243	0.73215985	7.5573187	5.9604645e-08	307.92728	132.3894	492.66217	3.6327434	320.4672	140.85815	558.6644	3.6327434	310.20078	138.42758	440.49286	6.9537387	-10.266374	72.591705	201.84357	-185.5651	58.74814	43.858982	201.84357	0.17609343	-0.009344713	0.30303368	1.9330214	-0.84232056	5374.954	7403.492	40740.83	0.031008895	18.026766	27.382717	189.25548	0.00012247941
55	55999	5384.297168731689	1281.9219	659.94653	2378.5413	702.0405	253.75	587.1742	0.0	587.1742	587.1742	117.0	280.41727	150.35062	444.16013	-7.8292227	55.704044	2.0158598	8.851018	58.11454	-20.48582	-285.22382	0.096758075	0.0003090201	0.09755321	0.09620121	0.037109364	0.92485714	0.7321304	9.386717	4.7683716e-07	370.13864	125.35249	494.8801	4.555612	407.81143	148.52942	580.38873	4.555612	361.54175	124.06673	443.61682	12.550428	-46.26972	61.791256	98.0513	-180.9294	64.730896	42.058975	180.9294	0.013363466	-0.0864163	0.22293618	2.8012195	-0.7836567	5959.046	6260.8	32735.45	0.0001785822	13.780743	14.284442	141.78654	4.1706662e-07
56	56999	5487.255873680115	1386.4	505.6763	1897.1941	600.4751	274.0	552.3691	0.0	552.3691	552.3691	107.0	282.12726	151.303	445.96198	-6.962135	57.75818	2.0477931	8.754559	80.91695	-19.986797	-286.92612	0.09928744	0.00084905303	0.10046466	0.0975644	0.11078889	0.9232354	0.73004603	6.773466	5.662441e-07	322.8583	127.21267	493.91553	5.451929	327.3549	138.38126	549.1966	5.451929	323.13297	127.143845	445.51898	7.081279	-4.221919	60.458355	144.0886	-175.38597	46.691395	38.63872	175.38597	0.0008843524	0.014836659	0.19799644	1.3339651	-0.37153625	3673.0374	5122.306	30760.238	7.8207916e-07	10.296603	13.491562	80.90472	3.6348848e-09
57	57999	5591.553471803665	1515.8531	293.6594	1738.3986	1014.748	289.75	975.2231	0.0	975.2231	975.2231	189.0	285.00302	152.26431	448.19437	-7.5350766	57.79432	1.982766	8.695046	67.05014	-20.006565	-289.79718	0.09962539	0.00029539285	0.100244604	0.09882542	-0.039607648	0.92010444	0.7280139	7.652379	3.632158e-07	416.70828	109.13907	487.5016	5.198873	445.76877	133.49763	578.441	5.198873	382.04593	105.24821	446.49857	14.418179	-63.722828	54.00313	111.16785	-233.43394	72.8526	40.85872	233.43394	0.07144657	-0.12300543	0.1618422	2.8263698	-0.43878278	6976.9365	5733.8643	54491.406	0.0051046116	14.302692	10.95873	102.426796	1.18195985e-05
58	58999	5694.998916387558	1691.2104	646.73834	2605.71	1220.7825	334.66666	736.2087	0.0	736.2087	736.2087	135.0	286.9625	152.88565	449.6131	-4.6886945	57.138966	1.9767632	8.762488	65.1378	-19.456646	-291.68564	0.09837512	0.0007477821	0.09966843	0.097231425	-0.053686783	0.91923624	0.7284655	8.798211	2.9802322e-08	307.21075	131.0805	472.09946	3.4945936	316.5143	143.71494	549.2095	3.4945936	348.98175	137.88924	448.6051	7.9933724	32.467403	79.16383	243.3165	-103.4069	66.41567	53.944458	243.3165	0.03830954	0.14840853	0.34607008	1.8409984	-0.5150262	7321.0454	10809.311	59202.918	0.0014676208	29.1839	51.70179	330.7442	3.3218441e-06
59	59999	5799.264743804932	1295.466	437.8702	1813.183	742.3758	251.66667	900.96515	0.0	900.96515	900.96515	171.0	288.14362	152.88808	451.21426	-9.16024	57.10989	2.0232916	8.762037	62.43873	-20.408798	-292.88528	0.098666154	0.00033445828	0.0992729	0.09797129	0.054126408	0.91885775	0.72819644	7.2624784	5.9604645e-08	431.9985	90.70876	508.2662	6.341054	473.53033	114.35584	584.9248	6.341054	406.0325	73.727066	448.88632	11.467255	-67.49783	71.24335	161.87236	-263.04218	86.16224	46.985535	263.04218	0.06503846	-0.11441434	0.16986911	0.6838863	-0.46326658	9631.573	9054.251	69191.18	0.004230001	19.169542	17.253052	121.85865	9.829413e-06
60	60999	5901.68977189064	1529.5303	455.25958	1969.8682	881.3058	315.0	2877.0369	0.0	2877.0369	2877.0369	598.0	290.4074	153.17914	451.19714	-7.541177	57.380337	1.9947525	8.811298	80.88445	-23.47561	-295.10782	0.09905048	0.00030983155	0.09970988	0.09829461	-0.011938318	0.91829264	0.7290768	7.691755	3.874302e-07	315.27722	127.068146	476.46286	5.4981036	330.21872	141.37573	558.4576	5.4981036	329.48465	140.03528	449.7926	10.993312	-0.73408157	63.183407	133.0778	-169.01868	51.35685	36.81245	169.01868	0.13713832	0.011239687	0.2349365	1.9704987	-0.5596642	3992.6821	4832.743	28567.314	0.01880692	12.462382	16.338747	93.127884	6.356152e-05
61	61999	6005.129987478256	1543.3378	265.77933	1826.0121	1187.4559	307.33334	1248.5466	0.0	1248.5466	1248.5466	250.0	292.63077	153.95352	452.15628	-5.9423604	57.61279	1.9798957	8.902345	61.94306	-19.57559	-297.35617	0.09886457	0.0004799784	0.099436514	0.097744	-0.046500802	0.92020684	0.73047596	13.514923	1.1920929e-07	375.77457	134.97408	508.7249	3.9448135	408.27905	163.08842	597.8304	3.9448135	380.52072	117.20446	451.95667	3.7306013	-27.758324	87.384254	233.18962	-164.92247	77.11115	49.602444	233.18962	0.04622451	-0.0029602747	0.27313963	1.2515094	-0.51441175	8406.532	8471.63	54377.402	0.002136705	21.524107	31.52599	286.03998	4.875607e-06
62	62999	6109.422371864319	1746.4396	268.63962	1937.2578	1366.5271	347.0	1490.1559	0.0	1490.1559	1490.1559	299.0	294.537	154.7879	453.76614	-8.8738985	57.01814	1.9495403	8.938935	63.00059	-22.433004	-299.16586	0.09668776	0.00076288276	0.09784232	0.09542141	-0.11773749	0.91706336	0.7308738	7.828037	1.1920929e-07	389.381	139.59625	519.323	3.9824002	428.1238	169.52263	602.01215	3.9824002	375.70383	121.4182	453.8595	5.53872	-52.41999	100.08605	224.47179	-186.71065	97.48363	57.114067	224.47179	0.18235804	-0.071134664	0.29426157	1.2454354	-0.7529539	12765.074	11328.323	50387.582	0.033254456	29.850063	37.06802	279.4753	0.0003764586
63	63999	6208.926394462585	1305.9824	317.71344	1606.4296	838.0265	263.75	853.7612	0.0	853.7612	853.7612	182.0	295.79672	155.18633	453.4856	-5.292349	58.198414	1.9907322	8.9953985	65.94748	-19.52993	-300.46866	0.0952149	0.0004501129	0.09604003	0.09442473	-0.02161806	0.91504323	0.73139435	7.2698936	3.427267e-07	368.50043	120.29157	497.2055	6.1931577	377.84146	145.13362	589.7647	6.1931577	360.91943	122.95603	451.5235	1.3067434	-16.92199	63.73975	155.36325	-144.38443	51.958675	40.61286	155.36325	0.14895663	-0.026962932	0.19047661	0.5932041	-0.717693	4349.1094	5682.8306	24137.74	0.022188077	10.8228445	14.130209	90.93169	4.9737697e-05
64	64999	6312.450943946838	1034.2858	274.33762	1290.0618	653.7604	204.33333	957.7873	0.0	957.7873	957.7873	182.0	295.53677	154.78073	453.9686	-4.974265	57.38204	1.9676989	9.07397	62.87404	-22.211206	-300.08994	0.09471939	0.0006393104	0.09601139	0.0935675	-0.07610451	0.91574466	0.7319825	7.800303	2.9802322e-07	298.46658	127.055046	478.44257	4.1866713	310.11963	141.59924	545.8597	4.1866713	327.62683	146.64447	450.9294	5.224184	17.507175	72.44128	190.49344	-127.62041	59.871414	44.380768	190.49344	0.33120582	0.061312567	0.30041465	1.8214431	-0.8550247	5554.2397	6833.1997	36287.75	0.10969729	19.791998	26.222849	150.03224	0.00038735673
65	65999	6416.509128570557	1510.4904	695.6836	2662.235	859.8062	296.0	2741.4202	0.0	2741.4202	2741.4202	522.0	296.96228	154.19727	452.29767	-7.6202435	56.464825	1.9558948	9.137336	63.970684	-19.529976	-301.46112	0.09200879	0.0006810653	0.093610875	0.09114271	-0.10477147	0.91689944	0.73334473	8.1654415	1.4901161e-07	368.65793	134.01277	506.2998	3.685042	378.8865	153.48381	586.41296	3.685042	361.06616	115.66104	451.27954	7.967893	-17.820309	74.63568	168.60416	-178.06996	60.9975	46.55485	178.06996	0.056578837	0.01493956	0.24151038	1.7013421	-0.372754	5888.049	7042.9004	31708.91	0.003201165	15.102854	18.91966	120.83429	9.068812e-06
66	66999	6517.509011268616	1526.5302	473.19348	2330.8167	1123.5367	301.0	3876.9924	0.0	3876.9924	3876.9924	748.0	298.06174	154.53734	452.50946	-6.0479293	56.101494	1.9808458	9.220494	68.366486	-20.649065	-302.55988	0.09204496	0.00052305596	0.09280595	0.090698175	-0.04568581	0.9190182	0.73573834	7.4530425	6.556511e-07	413.7523	125.20886	511.60062	4.038332	444.10132	146.07443	606.26697	4.038332	384.6102	101.47089	450.53516	6.405627	-59.491135	94.37247	213.4732	-190.04198	97.87968	53.524998	213.4732	0.5494326	-0.0920573	0.26358518	1.0954002	-0.70265883	12445.357	10050.762	45570.812	0.30187613	27.962305	27.504831	231.43811	0.0006733925
67	67999	6616.853664159775	965.8596	85.83362	1051.6932	880.026	197.0	1223.1605	0.0	1223.1605	1223.1605	228.0	298.6071	154.55032	452.55777	-6.3469353	57.07563	2.024842	9.26757	62.41271	-21.784185	-303.09995	0.09094189	0.0003027543	0.09175551	0.09039929	0.059629187	0.9134973	0.7326228	8.117047	2.3841858e-07	411.87283	122.14301	504.15036	3.6072068	459.02048	155.0043	607.9234	3.6072068	401.9482	101.11404	451.53467	9.201509	-57.07229	96.63915	223.54265	-168.88441	99.66959	51.597916	223.54265	0.04406298	-0.05634898	0.33674318	2.675878	-0.5430272	12596.373	10037.192	49971.316	0.0019415461	31.065592	41.24907	295.36523	4.448517e-06
68	68999	6719.374048471451	2023.651	909.40265	3530.659	1202.2877	403.25	981.3331	0.0	981.3331	981.3331	202.0	300.51407	155.29913	454.37683	-8.456992	56.684433	2.0033185	9.217256	58.084545	-25.465069	-304.95322	0.09195525	0.000249918	0.092563145	0.09148107	0.008044229	0.9120245	0.73141384	8.263596	2.3841858e-07	379.5153	119.61698	495.12106	5.102843	401.5459	142.4647	573.15283	5.102843	370.19687	111.86907	453.24786	8.323499	-31.34901	65.84265	163.89655	-134.42662	62.150814	38.14828	163.89655	0.046271775	-0.047717687	0.20556231	0.9671709	-0.4783759	5318.015	5071.692	26862.076	0.0021410773	13.346449	16.023014	132.8119	7.411922e-06
69	69999	6823.710007190704	1235.4052	404.2765	1672.2587	697.5594	242.33333	1808.2665	0.0	1808.2665	1808.2665	342.0	301.00452	155.80083	455.02744	-4.0971704	57.772045	1.9939871	9.28787	68.26332	-19.985413	-305.47375	0.09187681	0.00035494182	0.09252241	0.09126193	-0.014181789	0.9167206	0.732908	8.300671	2.9802322e-07	408.0	121.18423	513.6996	3.5523732	460.01178	149.06735	616.08734	3.5523732	385.1452	116.977646	453.46844	8.283687	-74.866585	84.68397	152.19403	-212.70316	94.82961	61.511982	212.70316	0.02749829	-0.14877865	0.21747889	0.54424477	-0.7737657	12776.38	11704.851	45242.63	0.0007561559	26.360867	24.076895	142.28246	1.6987601e-06
70	70999	6928.22838973999	1505.1714	1001.44714	3235.6045	820.18634	294.0	729.7843	0.0	729.7843	729.7843	136.0	302.05988	154.91632	454.61023	-4.4014745	57.36957	1.9984701	9.25436	67.333565	-20.121738	-306.46988	0.09153602	0.00019952163	0.09199291	0.09103595	-0.003532997	0.9179881	0.7340995	8.299071	2.6077032e-08	409.46527	120.61292	509.3282	3.1847801	449.11417	149.03941	599.4039	3.1847801	395.17227	103.28311	453.40778	0.2872362	-53.94193	83.82696	182.44008	-177.32843	85.90881	50.560516	182.44008	0.07272794	-0.08436029	0.24308799	0.8855281	-0.97974414	9936.689	8842.105	33284.383	0.005289353	22.044756	23.135654	157.0222	0.00020207147
71	71999	7032.891460418701	1710.5612	823.5893	2875.1338	1111.6289	344.0	646.33826	0.0	646.33826	646.33826	137.0	303.73	155.43988	455.24454	-9.780348	56.829758	1.9646913	9.294018	68.031166	-23.030308	-308.1114	0.09063481	0.00048313814	0.09165157	0.08969703	-0.08457727	0.91526914	0.73405766	8.973549	4.582107e-07	458.53586	90.44809	518.3809	5.82034	507.9385	112.04747	605.0163	5.82034	416.51666	76.93103	452.42358	6.5042944	-91.42183	70.81328	155.56978	-234.79225	106.404594	45.28278	234.79225	0.012257708	-0.16346891	0.16162074	0.5898459	-0.4889582	13372.471	8844.092	55127.402	0.0001502514	25.383675	16.30596	98.74619	3.425047e-07
72	72999	7137.339834690094	2355.5388	457.67603	2813.2148	1897.8628	474.5	1380.5085	0.0	1380.5085	1380.5085	268.0	305.45016	155.8451	455.93402	-4.4137173	58.695244	2.0084424	9.429749	69.686584	-20.396196	-309.90057	0.0910768	0.00048993615	0.09180584	0.09003176	0.020506345	0.9173327	0.7354595	7.792856	1.0430813e-07	383.98605	141.54659	518.2147	3.7470524	414.2484	163.79616	594.3876	3.7470524	371.6895	128.30127	455.2395	3.210896	-42.558914	87.615456	185.78253	-181.40807	82.9045	51.13287	185.78253	0.24559404	-0.07027494	0.242292	1.15903	-0.5202898	9487.729	8952.798	34515.152	0.060316436	21.39132	21.528057	173.17926	0.00013571355
73	73999	7238.8828003406525	5086.3496	0.0	5086.3496	5086.3496	1000.0	1656.8458	0.0	1656.8458	1656.8458	318.0	306.95114	155.89494	455.5107	-6.624695	56.797882	1.9631381	9.57141	73.81079	-20.956879	-311.34247	0.09055716	0.0007590564	0.091731094	0.08899421	-0.08869005	0.9192047	0.73827165	8.5981	4.4703484e-07	443.59048	96.303116	505.98254	5.4725237	487.35632	137.68135	605.2284	5.4725237	414.5845	70.70273	452.7049	23.545513	-72.77182	91.47779	213.08237	-172.4447	107.77507	45.259914	213.08237	0.6645741	-0.06164913	0.33912098	2.1112757	-0.31214032	13663.924	8478.032	45404.094	0.44165874	31.963974	30.967106	202.66821	0.0010289131
74	74999	7343.639010190964	1080.6149	517.3522	1937.3287	555.77985	214.5	870.319	0.0	870.319	870.319	164.0	309.68472	155.8776	454.77124	-10.87649	56.017647	1.9362415	9.736147	80.09762	-22.416779	-313.98618	0.087294005	0.0007517163	0.089019164	0.0863918	-0.1550246	0.91967356	0.740862	9.534328	1.1920929e-07	437.64023	76.269516	496.42896	138.65111	499.22784	103.80433	609.5166	144.05528	426.83698	59.304806	451.07336	87.8403	-72.39091	78.916794	165.97542	-185.93744	98.296	42.499416	185.93744	0.41776595	-0.11953932	0.18651788	0.6431001	-0.51790124	11468.303	7830.513	34572.73	0.17452839	22.58566	15.71811	106.7388	0.00039053024
75	75999	7447.836172580719	1354.6687	270.32623	1624.9949	1084.3424	287.0	913.62415	0.0	913.62415	913.62415	172.0	310.67703	156.00653	454.02927	-8.522581	56.400166	1.9421366	9.905947	103.64369	-20.978931	-314.94687	0.0859028	0.00086487865	0.087133564	0.08413257	-0.1422653	0.91972476	0.74207217	9.233517	1.6391277e-07	392.2202	121.23128	512.7401	4.9646506	431.23447	158.25076	607.91986	4.9646506	397.3919	103.817604	452.5713	13.145712	-33.842556	103.255135	219.887	-168.01004	93.4771	55.398308	219.887	0.22930878	-0.0076232897	0.3001813	1.1644177	-0.43959334	11806.942	9950.43	48350.29	0.052582517	29.159193	33.85941	256.0403	0.0001228391
76	76999	7553.089141607285	2024.3246	1217.1952	3740.4868	1050.328	401.66666	1054.322	0.0	1054.322	1054.322	196.0	310.27527	156.46832	453.36493	-16.592218	55.838474	1.982235	10.045179	88.94968	-20.069069	-314.53705	0.08387204	0.00035487226	0.08448118	0.083200596	-0.04389412	0.92096686	0.7452886	9.861534	0.0	473.15662	59.69296	516.96716	227.21576	526.8652	107.937195	621.5126	233.34894	412.05865	79.52096	452.19708	122.849106	-114.806526	59.523968	87.89533	-180.53561	119.79268	48.7171	180.53561	0.027459046	-0.21176055	0.11781493	0.2590134	-0.4889354	16723.643	9327.971	32593.105	0.0007539992	30.381353	15.601374	69.01293	1.7768357e-06
77	77999	7657.488960981369	2516.902	1832.2081	5088.8237	958.18854	487.33334	764.2696	0.0	764.2696	764.2696	146.0	313.81372	155.37721	454.65067	-5.9334536	54.299297	2.0059118	10.031717	97.34653	-20.911247	-318.04117	0.08399876	0.00026337564	0.0844729	0.083437525	0.014863384	0.9227157	0.7467451	8.803699	1.1175871e-08	386.23077	122.091576	497.70007	4.2443814	419.3209	153.4755	606.0549	4.2443814	392.5811	112.723694	454.00818	8.820771	-26.739813	89.77596	202.66083	-160.4314	78.76202	50.707848	202.66083	0.011473194	-0.010181945	0.27417466	1.2975812	-0.48800898	8774.742	8849.74	41071.41	0.00013163418	22.525282	29.719503	197.91269	5.001467e-06
78	78999	7760.673429965973	3378.4485	0.0	3378.4485	3378.4485	681.0	918.98975	0.0	918.98975	918.98975	178.0	315.4053	155.24983	453.9813	-8.883264	53.437317	1.9602225	10.062092	77.90199	-20.81311	-319.5668	0.0827568	0.00047784395	0.08371967	0.08202457	-0.098862946	0.9201883	0.74596894	8.233511	1.15484e-07	340.53345	124.72459	491.7146	3.7258322	347.2318	145.8647	558.6738	3.7258322	372.03104	123.24738	453.09857	7.484195	24.799213	86.51434	225.4437	-109.58856	70.73429	55.645237	225.4437	0.026274312	0.13816331	0.32453024	1.2313718	-0.2973285	8099.733	10803.807	50824.86	0.0006903395	29.976377	49.62619	277.60498	1.5575819e-06
