Epoch	TotalEnvInteracts	Time	AverageEpRet	StdEpRet	MaxEpRet	MinEpRet	EpLen	AverageTestEpRet	StdTestEpRet	MaxTestEpRet	MinTestEpRet	TestEpLen	AverageQ1Vals	StdQ1Vals	MaxQ1Vals	MinQ1Vals	LossQ1	AverageLogPi	StdLogPi	MaxLogPi	MinLogPi	LossPi	AverageAlpha	StdAlpha	MaxAlpha	MinAlpha	LossAlpha	AveragePreTanh	StdPreTanh	MaxPreTanh	MinPreTanh	AverageMCDisRet	StdMCDisRet	MaxMCDisRet	MinMCDisRet	AverageMCDisRetEnt	StdMCDisRetEnt	MaxMCDisRetEnt	MinMCDisRetEnt	AverageQPred	StdQPred	MaxQPred	MinQPred	AverageQBias	StdQBias	MaxQBias	MinQBias	AverageQBiasAbs	StdQBiasAbs	MaxQBiasAbs	MinQBiasAbs	AverageNormQBias	StdNormQBias	MaxNormQBias	MinNormQBias	AverageQBiasSqr	StdQBiasSqr	MaxQBiasSqr	MinQBiasSqr	AverageNormQBiasSqr	StdNormQBiasSqr	MaxNormQBiasSqr	MinNormQBiasSqr
0	999	2.0773117542266846	18.500225	16.669497	111.7164	6.185877	21.911112	60.197857	0.0	60.197857	60.197857	53.0	0.0	0.0	0.0	0.0	0.0	0.0	0.0	0.0	0.0	0.0	0.0	0.0	0.0	0.0	0.0	0.0	0.0	0.0	0.0	10.076667	14.366929	76.66065	-2.5711205	13.862908	17.70682	96.41524	-1.1458228	-0.32343906	0.27193862	0.6082747	-1.2393429	-14.186349	17.685793	0.5049706	-96.58526	14.189532	17.683237	96.58526	0.008019123	-0.7279281	0.3463569	0.050497063	-1.0880028	514.03973	1514.9525	9328.712	6.430633e-05	13.461742	18.254366	97.291885	6.430633e-06
1	1999	2.8958425521850586	17.70907	14.165849	67.205025	3.9594252	21.891304	60.197857	0.0	60.197857	60.197857	53.0	0.0	0.0	0.0	0.0	0.0	0.0	0.0	0.0	0.0	0.0	0.0	0.0	0.0	0.0	0.0	0.0	0.0	0.0	0.0	10.076667	14.366929	76.66065	-2.5711205	13.862908	17.70682	96.41524	-1.1458228	-0.32343906	0.27193862	0.6082747	-1.2393429	-14.186349	17.685793	0.5049706	-96.58526	14.189532	17.683237	96.58526	0.008019123	-0.7279281	0.3463569	0.050497063	-1.0880028	514.03973	1514.9525	9328.712	6.430633e-05	13.461742	18.254366	97.291885	6.430633e-06
2	2999	3.7367641925811768	17.825142	22.95943	140.58832	5.134584	20.375	60.884514	0.0	60.884514	60.884514	54.0	0.0	0.0	0.0	0.0	0.0	0.0	0.0	0.0	0.0	0.0	0.0	0.0	0.0	0.0	0.0	0.0	0.0	0.0	0.0	7.4501038	8.25776	46.721947	-2.4480288	10.734856	10.14656	56.487476	-0.59419495	-0.31007624	0.27293864	0.68990403	-1.0289022	-11.044932	10.108552	0.601254	-56.666504	11.048749	10.104381	56.666504	0.0050253463	-0.6930502	0.357687	0.0601254	-1.0809662	224.17332	422.76434	3211.0925	2.5254107e-05	10.239477	10.814988	56.846096	2.5254108e-06
3	3999	4.618807077407837	15.418226	9.422609	55.177822	5.3764033	20.67347	60.60056	0.0	60.60056	60.60056	54.0	0.0	0.0	0.0	0.0	0.0	0.0	0.0	0.0	0.0	0.0	0.0	0.0	0.0	0.0	0.0	0.0	0.0	0.0	0.0	8.270725	8.476362	47.763046	-1.237773	11.846387	10.929484	58.76203	-0.83512664	-0.35425204	0.27788657	0.6023978	-1.058764	-12.200639	10.896683	0.5540028	-59.164654	12.201734	10.895454	59.164654	0.03979171	-0.7334872	0.3445943	0.055400282	-1.0860515	267.59323	512.4625	3500.456	0.0015833804	11.492935	11.629363	59.57003	0.00015833804
4	4999	5.545679807662964	19.112518	15.365239	93.06457	6.7504177	22.533333	59.803806	0.0	59.803806	59.803806	53.0	0.0	0.0	0.0	0.0	0.0	0.0	0.0	0.0	0.0	0.0	0.0	0.0	0.0	0.0	0.0	0.0	0.0	0.0	0.0	9.177679	9.274824	41.664116	-2.3372083	12.87341	12.265903	53.807774	-1.4104807	-0.31856787	0.26663083	0.5881061	-1.0738657	-13.191978	12.255305	1.001143	-53.93923	13.204561	12.241746	53.93923	0.027443822	-0.7196213	0.35034078	0.10011429	-1.0919589	324.22076	551.7923	2909.4407	0.00075316336	12.468798	13.010096	54.51733	7.531634e-05
5	5999	108.45493817329407	155.20013	101.60804	351.79312	8.19116	88.0	77.24378	0.0	77.24378	77.24378	45.0	91.55915	53.84935	187.9953	-18.517134	7.5625076	-0.6992501	1.9178375	12.76829	-9.601707	-98.06268	0.88424903	0.061180644	0.99970007	0.7843575	-0.18615295	0.859539	0.6232943	5.736536	2.2649765e-06	52.674805	28.916151	110.0986	1.8145576	60.04669	33.339848	128.1699	1.8145576	186.36641	10.467368	195.32495	81.06795	126.31972	30.061071	188.01627	57.84927	126.31972	30.061071	188.01627	57.84927	4.0242777	4.5157943	18.801626	0.47381994	16860.338	7558.3276	35350.113	3346.538	611.73627	802.2102	3535.0115	28.659729
6	6999	211.81485867500305	294.60938	101.871765	382.84476	61.616123	144.85715	415.21777	0.0	415.21777	415.21777	212.0	182.2835	56.220417	224.58426	-24.108114	11.880925	-0.27099243	2.2880487	16.09621	-9.809972	-192.28055	0.6946343	0.05181371	0.7842014	0.60649955	-0.46770325	0.8874267	0.6647061	5.7839303	3.4570694e-06	119.61539	43.001095	173.17165	1.7016329	126.459335	47.574795	186.05931	1.7016329	167.8909	54.585224	218.08731	-10.358139	41.431564	35.979694	173.93759	-51.857914	43.348274	33.645805	173.93759	0.029737167	0.5581735	1.6387644	17.393759	-1.7904037	3011.113	5147.1606	30254.285	0.00088429905	61.995872	269.8926	3025.4285	1.9271241e-05
7	7999	315.53363585472107	474.78915	98.69413	658.5017	381.15445	202.2	2476.2903	0.0	2476.2903	2476.2903	1000.0	180.84683	55.26964	221.43205	-26.51146	7.1620235	-0.34796986	2.3578217	16.63774	-9.859262	-189.27937	0.525336	0.045005582	0.6063323	0.45285055	-0.8702762	0.86779165	0.66509527	5.627802	7.4505806e-07	209.32578	37.555386	249.20816	18.833872	200.2195	34.21955	232.06609	15.655722	173.41394	23.194052	210.98033	77.8724	-26.805552	35.237625	143.52025	-102.49957	35.69513	26.19324	143.52025	0.08674449	-0.061794795	0.6055037	9.167271	-0.4599989	1960.2281	2547.4495	20598.06	0.0075246063	16.470484	77.15197	1315.689	3.7637063e-05
8	8999	418.39780044555664	565.46497	88.84713	695.91693	479.27643	221.75	723.52374	0.0	723.52374	723.52374	252.0	175.85255	51.88962	213.217	-30.64599	4.741336	-0.10162006	2.4270325	18.431318	-9.438797	-183.16553	0.39897904	0.029976502	0.45274398	0.3500979	-1.0113444	0.8910731	0.6815803	5.636956	2.2053719e-06	184.58481	63.04433	252.02771	2.9431682	185.2453	64.05133	250.48882	2.9431682	168.90088	50.54668	215.04294	7.592375	-16.344435	28.887297	69.654076	-67.68885	29.217611	15.746353	69.654076	0.025430774	-0.026063178	0.40934554	6.965408	-0.47703215	1101.6165	989.99695	4851.6904	0.0006467243	7.2102914	21.360046	485.16907	5.576747e-06
9	9999	521.5429491996765	604.05225	92.585625	709.4653	492.2164	218.5	782.2389	0.0	782.2389	782.2389	265.0	182.25833	53.297344	222.57967	-23.982498	4.1631823	0.076165065	2.4337406	17.769958	-11.263821	-189.06006	0.30999747	0.02250799	0.35001823	0.27309692	-1.08156	0.9029244	0.68438274	5.8088646	4.6491623e-06	208.80617	70.46323	267.32352	2.6983209	202.66872	67.261826	264.64465	2.6983209	177.97845	52.337345	222.04758	10.491219	-24.690262	19.645693	26.78234	-60.064228	28.059824	14.429435	60.064228	0.054673206	-0.067002565	0.24518064	2.3437085	-0.30139226	995.5623	791.0302	3607.7114	0.0029891597	4.7723393	4.4377656	54.92969	1.543275e-05
10	10999	625.2256202697754	710.4623	25.071655	746.485	679.2977	235.2	608.70154	0.0	608.70154	608.70154	205.0	187.13605	54.423702	241.49605	-25.44394	3.532332	0.32083464	2.534974	19.625168	-10.271454	-193.33119	0.24371274	0.015719011	0.27303702	0.22042619	-0.951667	0.919396	0.7078419	6.100978	1.0430813e-06	189.29652	64.97263	251.61974	4.1388097	181.50833	62.790558	245.00584	4.1388097	192.76016	60.483837	241.03012	26.063034	11.251841	14.329179	52.922688	-21.319572	13.678153	12.034841	52.922688	0.0077574938	0.13309242	0.44390523	4.8352327	-0.32792714	331.92926	484.9343	2800.8105	6.017871e-05	4.37033	17.160824	233.79474	2.6226934e-07
11	11999	728.1239800453186	773.906	52.19439	854.46185	709.4294	252.25	604.1462	0.0	604.1462	604.1462	203.0	201.28136	60.173817	261.204	-26.826197	3.227432	0.9037683	2.6085088	19.037132	-12.624355	-207.61308	0.21571594	0.002136942	0.22040342	0.21102028	-0.14746182	0.9894445	0.74675477	6.5524497	2.3841858e-06	188.28406	64.72313	244.31995	3.7183611	179.79765	59.556377	233.2253	3.7183611	196.95374	74.42167	253.53635	5.1610336	17.156086	18.972136	53.514183	-29.020725	22.94012	11.314773	53.514183	0.0065005445	0.05831763	0.14453895	0.3649396	-0.40977	654.27313	590.3387	2863.7678	4.2257077e-05	3.5426173	2.860342	14.47199	4.2257075e-06
12	12999	831.0394670963287	837.43756	47.41134	900.45337	786.0926	272.66666	723.95056	0.0	723.95056	723.95056	238.0	209.35768	64.23667	274.11856	-28.267231	3.3748584	0.91702867	2.6418746	20.40588	-10.593346	-215.47223	0.20755337	0.0030726949	0.21105948	0.1986593	-0.13144004	0.9970383	0.76478493	5.9939084	8.940697e-08	210.8285	65.70755	267.30484	4.458223	206.10649	63.864544	264.22458	4.458223	208.0976	66.88476	263.81003	28.733925	1.9910898	15.935094	40.43777	-84.764725	10.991996	11.70759	84.764725	0.0036848	0.051404677	0.32892853	3.7745786	-0.6492892	257.89166	635.057	7185.058	1.357775e-05	2.7833354	9.934386	142.47443	5.409376e-08
13	13999	933.212340593338	779.29175	86.612976	911.10406	646.49194	247.8	779.13794	0.0	779.13794	779.13794	246.0	214.92548	65.27264	275.36478	-23.819687	3.386976	0.9092766	2.7446804	23.62981	-13.936662	-220.72237	0.18968832	0.004277664	0.19862968	0.18285827	-0.15017426	0.97335196	0.77166504	7.891616	1.2293458e-06	222.42207	70.08875	282.5918	3.7741148	216.17218	67.736824	272.23746	3.7741148	212.71227	72.8614	270.93427	7.9495955	-3.4599235	15.636222	24.404875	-65.6429	10.527177	12.068183	65.6429	0.008332044	-0.0014083867	0.20042546	2.0565717	-0.5819667	256.4625	551.4585	4308.9897	6.942295e-05	1.9461334	4.745248	42.29487	2.6476633e-07
14	14999	1035.3201262950897	921.81683	49.00959	980.0874	860.18054	295.0	803.6831	0.0	803.6831	803.6831	299.0	218.30067	66.37133	278.47714	-32.44399	3.1838095	0.93872106	2.767358	21.854797	-12.39909	-223.77397	0.17790262	0.0037207364	0.18352205	0.17050958	-0.106218986	0.98165673	0.77158386	6.3394504	4.4107437e-06	231.45067	78.99338	325.15527	3.0336413	208.91934	73.28792	296.70514	3.0336413	260.04733	13.745529	277.476	190.84137	51.127983	67.439674	268.48273	-29.631058	60.96283	58.700203	268.48273	3.5203786	0.8280824	2.6338918	26.848272	-0.10592707	7162.18	11706.056	72082.97	12.393065	150.62454	596.668	7208.297	0.05334633
15	15999	1138.5570585727692	1112.0781	209.55185	1337.4352	832.7304	348.66666	15.107456	0.0	15.107456	15.107456	14.0	220.3926	65.340225	284.57184	-22.497147	3.5858169	0.93054366	2.831718	23.520782	-14.043645	-225.5384	0.16190754	0.0042249365	0.17060892	0.15565361	-0.1259297	0.9648422	0.77801955	6.5987215	2.9541552e-06	8.870185	4.148996	19.263319	1.3271575	7.5083117	4.085156	20.380827	1.3271575	245.01677	7.073199	259.30695	151.35854	237.50845	9.317286	257.0078	149.89632	237.50845	9.317286	257.0078	149.89632	22.487913	3.095025	25.700783	10.615324	56497.074	4311.7617	66053.02	22468.904	5364.0337	885.17255	6605.3022	2246.8904
16	16999	1241.4318761825562	468.5667	232.22626	735.17596	48.345123	167.6	839.7687	0.0	839.7687	839.7687	270.0	225.89499	67.48037	302.65436	-24.427345	5.465549	1.1056751	2.7627256	22.747814	-11.823268	-231.00826	0.16511108	0.0064747143	0.17798552	0.15577118	0.18962188	0.951786	0.77237386	7.2044163	4.3213367e-06	215.2011	68.8274	280.78638	4.026416	205.56546	64.296196	263.89407	4.026416	233.6024	71.632286	291.2058	6.112247	28.036932	18.033632	79.75746	-11.375191	28.293566	17.628258	79.75746	0.076858684	0.16380478	0.31836867	5.001447	-0.24406588	1111.2814	1285.6921	6361.253	0.0059072576	6.586194	16.789152	287.49573	0.00013641508
17	17999	1344.3457548618317	786.8444	303.65533	1090.4998	483.1891	259.5	1021.6386	0.0	1021.6386	1021.6386	309.0	229.7741	66.797676	296.8895	-44.4026	5.473549	0.9524988	2.72367	24.580803	-11.044198	-234.72908	0.17501368	0.004093136	0.18009306	0.16759586	-0.083252944	0.9365078	0.7500029	6.923275	1.66893e-06	229.42226	73.74329	303.49435	4.215868	224.39099	70.886826	290.67282	4.215868	232.31712	63.077827	289.80798	10.694312	7.926139	15.491751	65.8327	-15.100087	12.522778	12.082966	65.8327	0.021931125	0.10141208	0.39144877	6.5233746	-0.06762996	302.81805	575.7016	4333.9443	0.00048097424	3.7006679	21.366915	425.5442	1.7333563e-06
18	18999	1447.9486365318298	2554.8228	198.92151	2753.7444	2355.9014	845.5	1359.2411	0.0	1359.2411	1359.2411	426.0	232.25356	62.88419	291.9061	-32.143166	4.951657	0.94539285	2.7285302	23.67187	-15.954138	-236.98642	0.16130628	0.0040550316	0.16863245	0.15588067	-0.09944863	0.9240223	0.7549192	6.5567093	1.1450611e-06	262.46576	64.2009	313.2799	2.968042	251.16602	60.461937	295.50317	2.968042	262.68158	23.124708	280.67914	105.06203	11.515567	54.81511	256.35416	-41.473156	27.866196	48.58785	256.35416	0.009702979	0.3057999	1.8169047	25.324736	-0.19300064	3137.304	10284.06	65717.445	9.41478e-05	69.512115	449.66565	6413.422	3.391637e-07
19	19999	1551.930732011795	920.761	43.460693	964.2217	877.3003	293.5	2769.3623	0.0	2769.3623	2769.3623	1000.0	234.03044	62.79129	292.87466	-47.121674	4.230793	0.96651685	2.7441874	24.242243	-10.493491	-238.48882	0.14993861	0.003791236	0.15762912	0.14599565	-0.06286439	0.9320888	0.7641893	7.269679	2.0563602e-06	281.42386	53.565285	335.53333	54.27015	269.51492	51.32032	317.05045	53.720436	263.22723	33.232834	288.59943	70.07643	-6.287661	24.002144	59.78885	-46.92576	20.893585	13.382665	59.78885	0.058789145	0.0016300891	0.13694565	0.602791	-0.14841506	615.6376	712.57184	3574.7065	0.0034561637	3.024961	4.935134	27.970045	1.2777551e-05
20	20999	1655.4083795547485	1398.6112	0.0	1398.6112	1398.6112	444.0	519.6587	0.0	519.6587	519.6587	171.0	234.15459	64.28424	293.38684	-50.452885	3.7794194	1.005076	2.7503278	24.99142	-10.769332	-238.40294	0.15035431	0.00091714703	0.15200406	0.14899243	0.00979587	0.93554044	0.7699139	7.9864826	9.208918e-06	162.51541	61.590385	240.91248	3.7946591	155.12468	61.866657	234.20673	3.7946591	228.07796	58.68977	286.5645	35.570484	72.95331	25.472042	127.88625	1.808305	72.95331	25.472042	127.88625	1.808305	0.811536	1.2010031	9.818934	0.026074214	5971.0093	3626.6096	16354.894	3.2699673	67.24366	102.926605	964.11475	0.047541656
21	21999	1758.0083401203156	1444.9604	1094.9917	2993.234	645.38574	473.0	810.4408	0.0	810.4408	810.4408	242.0	237.25111	64.91258	300.26968	-43.94768	3.3438678	0.9735905	2.711929	23.785542	-12.107937	-241.37082	0.14892115	0.0024136407	0.1522154	0.14453052	-0.050474532	0.9111932	0.7590267	7.254063	1.5497208e-06	211.81364	72.17002	295.28644	4.108405	201.6696	68.37507	278.74237	4.108405	229.32526	68.92117	292.6809	21.414253	27.655643	20.619114	82.78326	-22.78773	28.698296	19.141321	82.78326	0.02051371	0.21156019	0.3503599	4.164916	-0.14973831	1189.9823	1319.1781	6853.068	0.0004208123	8.27606	13.100504	173.46526	2.302242e-06
22	22999	1861.0760080814362	3122.9937	0.0	3122.9937	3122.9937	1000.0	1018.2665	0.0	1018.2665	1018.2665	300.0	240.63728	64.15562	298.9319	-51.631977	2.8603423	0.9772025	2.7613654	23.83315	-11.9005575	-244.58803	0.14089853	0.0024179628	0.1457113	0.13789289	-0.04435366	0.8984159	0.76403826	7.47586	2.4437904e-06	242.4109	74.374596	312.4326	4.1499643	226.39536	70.21382	289.88232	4.1499643	248.71106	62.172234	295.2613	7.027114	22.31572	24.706276	106.02381	-16.694952	23.909504	23.167368	106.02381	0.0075916946	0.1835186	0.5790674	10.282635	-0.15989994	1108.3914	1891.1317	11241.049	5.7633824e-05	11.260805	55.898113	1057.3258	2.2308002e-07
23	23999	1963.8966434001923	2081.159	950.08813	3031.247	1131.0708	667.0	1059.4569	0.0	1059.4569	1059.4569	315.0	245.6776	63.873444	303.56265	-33.899136	2.7274754	0.97551036	2.7402618	23.834038	-14.635656	-249.49821	0.1377103	0.001956202	0.14185055	0.13481194	-0.048453484	0.8866514	0.76006997	7.499393	4.917383e-07	243.49956	78.93119	316.2204	2.9204826	228.46951	76.44452	298.47876	2.9204826	251.65575	66.98449	300.99164	-3.4028325	23.186193	25.600105	93.45797	-14.737985	26.039501	22.691614	93.45797	0.008988566	0.16653717	0.24573459	1.355481	-0.6323315	1192.965	1629.2991	8734.392	8.079432e-05	8.186885	12.617569	74.03027	3.0670918e-07
24	24999	2066.949320077896	995.3103	34.748596	1038.8094	941.7223	292.0	679.8465	0.0	679.8465	679.8465	218.0	247.23026	65.256134	303.93442	-26.869875	2.643165	0.9857982	2.7203894	23.223854	-12.125539	-251.02357	0.13398446	0.0015086912	0.13668022	0.13154832	-0.028434623	0.8765308	0.75858265	7.443945	2.9802322e-07	181.44368	68.62063	248.76627	2.9614415	174.46967	67.843185	243.88278	2.9614415	231.1738	73.12906	297.72302	20.436367	56.70412	21.853952	119.88157	17.474926	56.70412	21.853952	119.88157	17.474926	0.46967134	0.48364434	4.7906218	0.10228524	3692.9524	2638.358	14371.59	305.37302	26.773256	22.978014	229.50055	2.2727997
25	25999	2167.9674921035767	1057.736	99.064384	1177.7139	935.10034	316.0	522.98883	0.0	522.98883	522.98883	175.0	245.8358	66.28028	304.95944	-36.91048	2.9821465	1.0141164	2.7360857	23.110956	-12.064213	-249.41093	0.13364023	0.0012666663	0.13624695	0.1319737	0.02846186	0.8777297	0.76127875	7.567671	1.4901161e-08	178.91295	65.29134	242.26903	3.2334561	170.08836	61.75273	230.53406	3.2334561	222.25198	73.548195	287.6047	16.52218	52.1636	19.324314	88.51098	-4.5061126	52.18931	19.254784	88.51098	0.23660088	0.36325762	0.25770068	2.7972124	-0.06058535	3094.4705	1852.7019	7834.193	0.055979975	18.8166	11.15973	78.24397	0.0008877126
26	26999	2271.5830307006836	1340.1265	327.00412	1667.1306	1013.1224	399.0	617.0556	0.0	617.0556	617.0556	228.0	244.86159	64.66715	302.50644	-42.50071	2.7358294	0.9886693	2.673456	23.85107	-12.453216	-248.29312	0.13653447	0.0015121126	0.13849178	0.13318692	-0.022647519	0.88215095	0.75936335	7.907373	4.7683716e-07	265.79218	63.964787	343.21313	2.2694285	262.0117	63.3768	325.15805	2.2694285	275.54053	33.39536	298.90707	42.206337	13.528823	56.549034	266.68698	-37.88166	33.01223	47.864548	266.68698	0.009478624	0.32587138	2.021008	26.668697	-0.11672413	3380.8223	10803.771	71121.945	8.984431e-05	77.04714	523.36743	7112.1943	3.062104e-07
27	27999	2373.753196954727	1156.7689	58.716755	1208.5924	1074.668	343.0	1005.7446	0.0	1005.7446	1005.7446	317.0	244.37051	64.091644	309.2889	-43.028374	2.775827	0.9700753	2.644827	23.774368	-10.775587	-247.6886	0.12940116	0.001681524	0.13329315	0.12711176	-0.06099005	0.87100506	0.7486646	8.388624	2.2649765e-06	270.9273	69.52385	333.25937	3.9551613	259.04715	68.017715	320.17133	3.9551613	257.99976	58.4588	297.20343	4.9662156	-1.0473981	22.24158	79.864555	-27.891758	16.11745	15.362703	79.864555	0.031435587	0.027115073	0.18647957	2.7093127	-0.18495414	495.78482	1051.4556	6378.347	0.000988196	3.0437958	8.399584	73.40375	3.3815068e-06
28	28999	2476.573173522949	1863.7041	907.2468	2770.951	956.45734	543.0	851.27936	0.0	851.27936	851.27936	256.0	246.79256	63.512867	302.9488	-39.731903	2.462112	0.9443259	2.6420767	22.234028	-10.587863	-250.10863	0.12189129	0.0033408133	0.12801464	0.11654232	-0.117123045	0.8597104	0.73720264	7.748673	7.599592e-07	223.8443	70.863594	289.03812	4.388284	214.08832	69.71205	281.04242	4.388284	232.70981	75.085106	297.2785	9.991014	18.621498	15.05993	64.906364	-13.164299	19.370203	14.083922	64.906364	0.022473788	0.107847966	0.1871378	3.503954	-0.17569159	573.5617	736.86334	4212.8364	0.00050507113	3.069544	5.916295	122.776924	2.0339853e-06
29	29999	2580.0756068229675	1137.3602	146.30338	1307.1667	950.0786	326.66666	1085.049	0.0	1085.049	1085.049	307.0	247.17189	63.90853	302.3847	-35.695415	2.4947915	0.9825843	2.653668	22.195887	-9.807	-250.33835	0.11628116	0.0010409565	0.11812895	0.11358687	-0.037561897	0.85785466	0.7370886	7.3174143	9.983778e-07	246.27574	73.61544	311.08865	5.0680885	229.409	71.394	290.92108	5.0680885	239.51263	67.31022	299.09775	8.942977	10.103634	11.732877	42.22415	-10.847777	12.159443	9.5860195	42.22415	0.030375607	0.094940685	0.2677073	2.9880266	-0.086356334	239.7438	347.94406	1782.8792	0.0009226775	2.4886277	8.089068	89.283035	3.2722714e-06
30	30999	2683.251638650894	1208.574	270.12933	1562.4738	907.0408	349.0	1157.8643	0.0	1157.8643	1157.8643	365.0	248.60072	63.556396	304.43845	-44.23163	2.246301	0.9523776	2.6596107	22.83665	-10.504329	-251.61095	0.110433385	0.0029235117	0.11472773	0.10571607	-0.105185285	0.847979	0.73313016	6.8289332	1.0281801e-06	251.71169	74.99161	326.19324	3.8310952	234.69644	73.58295	307.66553	3.8310952	249.2804	66.00183	300.8227	-0.67237353	14.583938	24.798449	80.7144	-60.64912	22.66712	17.715979	80.7144	0.0018019776	0.11703358	0.24920866	2.0771258	-0.45034686	827.65424	1226.8561	6514.815	3.2471235e-06	5.806785	12.570772	130.10945	1.2105228e-08
31	31999	2782.3207409381866	1015.3154	56.63259	1084.0072	945.30505	294.0	900.73444	0.0	900.73444	900.73444	288.0	249.49803	64.708145	307.0794	-34.938206	2.2048476	0.98223203	2.6853724	24.722057	-12.849556	-252.43561	0.10440396	0.0015559996	0.106856115	0.10188668	-0.040073533	0.8446655	0.7438271	7.265746	1.4156103e-07	259.6193	71.88761	322.02747	4.4213376	246.07321	69.7845	309.52716	4.4213376	273.0351	45.008087	303.9535	4.7501717	26.961832	44.544075	207.07854	-16.780367	31.124048	41.742165	207.07854	0.009196581	0.34179536	1.3508261	15.59478	-0.3706841	2711.1147	6643.574	42881.52	8.4577114e-05	47.566895	223.32164	2431.9717	2.7995912e-07
32	32999	2883.7812259197235	1813.2678	1058.3029	2871.5708	754.96497	562.5	2381.2341	0.0	2381.2341	2381.2341	778.0	250.9623	65.32171	308.42062	-23.595661	2.2626216	0.9967143	2.6828	23.17467	-11.169113	-253.8018	0.103425704	0.0005972974	0.10451387	0.10240416	-0.007387662	0.84682685	0.7467437	7.5881357	3.2782555e-07	266.61935	55.01736	312.44702	4.1482935	246.93575	54.551163	290.84888	4.1482935	283.51477	31.089417	304.22144	60.86344	36.578995	44.252014	242.31837	-1.8597854	36.599274	44.23525	242.31837	0.021204192	0.31401128	1.1738724	18.80199	-0.0073875296	3296.2634	8373.479	58718.19	0.00044961774	44.077126	225.46336	3535.1482	1.6821515e-06
33	33999	2987.4259474277496	968.6687	215.17155	1192.0312	678.01794	297.0	1852.9572	0.0	1852.9572	1852.9572	579.0	249.97742	65.66199	308.61987	-43.706158	2.742655	1.0409282	2.7648222	24.484818	-10.094917	-252.77504	0.10704019	0.0020676372	0.10926801	0.10244634	0.092264816	0.85027415	0.7565655	8.343731	1.847744e-06	262.31302	69.78383	318.19406	3.8338673	248.48438	71.167336	311.387	3.8338673	266.82465	60.848698	305.2025	9.635689	18.340277	27.572512	96.53098	-17.792889	24.341154	22.45256	96.53098	0.04446485	0.12269134	0.19906503	1.4598649	-0.10646104	1096.6091	1739.378	9318.23	0.0019771226	6.4343543	10.885143	62.88415	7.2504026e-06
34	34999	3091.3985693454742	1848.5698	816.59283	2665.1626	1031.9769	562.5	1090.4147	0.0	1090.4147	1090.4147	334.0	252.07141	65.377304	308.6926	-25.83732	2.7102506	0.993566	2.7448816	23.400784	-10.566548	-254.85472	0.108603224	0.0011350178	0.11081776	0.10724038	-0.0142212985	0.8503362	0.7493585	7.9727554	2.3804605e-06	282.9854	66.33882	341.7083	4.2323165	268.63885	65.40211	326.46075	4.2323165	272.0598	53.559345	305.24564	4.1074753	3.4209285	28.914206	92.07197	-29.689396	22.357794	18.651087	92.07197	0.025323505	0.03524334	0.15738633	0.7629711	-0.23581778	847.7341	1472.5681	8477.247	0.0006412799	4.381377	9.784957	62.596832	2.1275846e-06
35	35999	3195.9399461746216	948.3187	33.42079	985.9186	900.3949	273.75	3078.541	0.0	3078.541	3078.541	1000.0	250.90102	66.18038	307.5572	-25.558617	2.3724115	0.97464013	2.7228727	22.74701	-9.650236	-253.59665	0.10644829	0.0015326255	0.10837191	0.103456154	-0.056959976	0.84509474	0.7446745	7.682376	4.4703484e-07	313.0516	13.247352	327.1086	251.61499	295.91327	10.720057	307.77878	246.50394	290.894	12.794282	304.32346	235.77922	-5.019222	4.814397	7.7999225	-18.377771	5.6240273	4.0916166	18.377771	0.009626757	-0.01716004	0.016913455	0.027257072	-0.06183624	48.371006	57.169876	337.74252	9.267446e-05	0.16727017	0.20383044	1.1144743	3.0693462e-07
36	36999	3299.664196252823	867.3939	181.36426	984.71356	554.4747	251.75	1151.3274	0.0	1151.3274	1151.3274	328.0	249.44388	65.386246	306.20343	-47.87492	2.497661	1.0601648	2.7425597	24.081322	-12.739472	-252.01187	0.107507356	0.0026668299	0.112597704	0.10346716	0.13412413	0.86358327	0.761852	9.173856	1.847744e-06	256.38202	77.73325	321.6839	4.085583	241.89427	75.98827	304.78104	4.085583	244.55865	67.79236	299.3719	1.3233845	2.6644044	17.063015	71.89963	-26.506062	11.628422	12.768139	71.89963	0.0026135084	0.0344957	0.15509602	1.1861094	-0.3426659	298.24554	692.955	5169.557	6.8304266e-06	2.4258	8.094582	83.11383	5.394231e-07
37	37999	3403.1969318389893	1240.1814	11.416077	1251.5975	1228.7654	349.5	336.1093	0.0	336.1093	336.1093	128.0	249.09708	65.24626	306.2238	-22.930767	2.3400185	1.0272571	2.6756756	23.182798	-9.902159	-251.63478	0.11561002	0.00092917745	0.117014125	0.11261515	0.059096787	0.869638	0.7543387	8.296152	1.3038516e-06	182.59663	76.963684	277.54565	3.4101484	166.96727	71.51426	257.13348	3.4101484	262.41852	36.300182	300.40906	81.74928	95.451225	64.67072	262.2943	6.085009	95.451225	64.67072	262.2943	6.085009	1.5318815	3.6163073	26.229431	0.025981577	13293.241	16628.992	68798.305	37.02734	293.9514	903.3288	6879.83	0.15809813
38	38999	3507.0707886219025	1341.1382	147.67944	1488.8176	1193.4587	401.0	973.9007	0.0	973.9007	973.9007	280.0	251.11642	65.8244	309.57028	-28.189013	2.3495095	0.9917383	2.6433208	25.253939	-11.40724	-253.65419	0.11652777	0.00092267327	0.11821389	0.11495084	-0.017696515	0.8646129	0.7435701	8.991594	1.411885e-06	246.13728	76.25242	314.49762	4.657427	233.74368	73.08521	300.67578	4.657427	239.32126	71.61441	302.83066	0.9198069	5.5775647	13.061888	42.78575	-20.813473	10.648704	9.398257	42.78575	0.04011034	0.033863068	0.08823919	1.1599417	-0.43581253	201.7221	314.46777	1830.6206	0.0016088394	1.0127088	1.5900608	13.454648	5.4219527e-06
39	39999	3610.625551700592	2216.8284	950.55664	3167.385	1266.2717	684.0	692.53754	0.0	692.53754	692.53754	220.0	253.14536	65.910225	311.32977	-19.275108	2.1980157	0.9987891	2.6248112	25.332779	-10.570867	-255.5726	0.115765296	0.000502206	0.11688155	0.11490215	-0.0025367746	0.86299586	0.7391303	7.258335	4.7683716e-07	216.26015	71.940674	291.32236	5.080366	200.29645	69.49727	271.0352	5.080366	247.7867	58.42729	306.19012	11.465522	47.490257	34.574783	143.82751	-16.302063	47.604927	34.41672	143.82751	0.12017229	0.47943306	1.1882364	14.382751	-0.21035291	3450.7397	4468.5195	20686.354	0.01444138	45.29537	149.47821	2068.6355	0.00044255878
40	40999	3714.234204053879	1154.0231	276.242	1544.5938	951.2934	339.33334	1557.9366	0.0	1557.9366	1557.9366	438.0	254.26978	65.91963	310.5426	-39.07538	2.1945508	0.9855493	2.6265237	28.85042	-10.448032	-256.70947	0.11534785	0.00083071314	0.11648057	0.11279871	-0.03130507	0.8575112	0.7401554	8.427059	2.3394823e-06	247.79349	78.17831	327.21292	4.8649063	237.79121	76.3724	317.9416	4.8649063	245.5956	66.822685	304.752	8.299627	7.804383	33.99727	149.60315	-43.31253	20.418863	28.280607	149.60315	0.007308417	0.13503858	0.8743203	14.960315	-0.37283877	1216.7225	3164.8704	22381.1	5.3412958e-05	18.035069	123.09303	2238.11	1.8938995e-07
41	41999	3812.812421321869	1276.2827	0.0	1276.2827	1276.2827	365.0	3049.8755	0.0	3049.8755	3049.8755	1000.0	253.60815	66.31332	310.30997	-27.771181	2.3381915	0.96188915	2.5985749	24.39442	-13.589877	-255.97389	0.11026826	0.001794988	0.113256745	0.106375866	-0.0842595	0.84090364	0.72815746	7.1848965	1.4305115e-06	311.48267	13.605876	324.37772	250.72154	300.64252	10.89955	315.22946	248.86043	295.92798	15.106862	310.96082	236.4792	-4.714545	6.1345778	8.177222	-22.545116	5.5738196	5.365865	22.545116	0.0008396453	-0.01614569	0.02168407	0.027573667	-0.084625304	59.859974	98.251945	508.28226	7.0500425e-07	0.20880549	0.353405	1.9078872	2.3044087e-09
42	42999	3916.9688329696655	3208.8557	0.0	3208.8557	3208.8557	1000.0	1169.7502	0.0	1169.7502	1169.7502	327.0	256.20322	65.93564	314.1809	-24.238726	2.2192817	0.99332833	2.6093519	23.04216	-11.751343	-258.52676	0.10571701	0.00072856364	0.106982194	0.10454435	-0.014962601	0.8395818	0.73063	6.8264494	1.4305115e-06	311.1771	53.365166	340.61722	4.022531	296.01398	52.037243	328.0867	4.022531	281.89798	49.969635	308.81262	-10.289319	-14.115978	12.514658	47.567535	-48.71638	17.414743	7.252876	48.71638	0.15499032	-0.054599747	0.09998305	0.21431981	-1.4907137	355.8775	299.5881	2373.286	0.024021998	1.4215065	1.9469016	22.222273	8.1147096e-05
43	43999	4020.828722715378	1707.8297	1064.9447	3206.5151	829.57825	522.3333	917.986	0.0	917.986	917.986	259.0	257.3607	66.19864	313.9608	-72.06695	2.0286222	1.016888	2.6451101	24.429096	-11.581332	-259.67715	0.106622726	0.0007735758	0.10810923	0.104944766	0.037941583	0.85163534	0.7397207	7.648766	2.1904707e-06	248.86205	77.08158	321.09634	5.0433717	236.20146	73.91476	308.99646	5.0433717	240.72841	70.97964	308.31378	12.133558	4.5269737	13.673953	45.01617	-20.338417	11.537084	8.623584	45.01617	0.00508224	0.050373513	0.17284471	2.7286537	-0.13833748	207.47047	299.3083	2026.4554	2.5829164e-05	1.3497483	3.591566	74.45551	1.2532223e-07
44	44999	4121.782966852188	959.3778	246.10802	1245.1849	612.19354	276.0	951.62134	0.0	951.62134	951.62134	299.0	258.35968	66.23302	314.10522	-51.21196	1.9755652	0.99521923	2.6305997	24.529087	-12.13391	-260.6592	0.10719373	0.00075494	0.10836098	0.10596595	-0.010609203	0.85124373	0.7387403	7.635449	1.7732382e-06	269.05173	69.812805	325.7892	4.285014	254.5591	69.05218	311.39716	4.285014	264.99713	65.38322	310.70386	-1.5946509	10.438022	21.603733	78.490875	-18.750513	16.249147	17.653296	78.490875	0.012879518	0.06061029	0.16517237	1.8885959	-0.713918	575.6736	1169.834	6160.8174	0.00016588198	3.2396286	7.4660883	50.138588	5.485861e-07
45	45999	4225.932276725769	1221.7979	250.30545	1472.1033	971.4924	350.5	1656.2543	0.0	1656.2543	1656.2543	516.0	258.21494	66.70849	314.94897	-42.105362	2.0459547	1.0006632	2.6425827	26.804028	-11.331165	-260.44897	0.10762214	0.00029927303	0.108414344	0.1068326	0.001571867	0.8526424	0.7416134	8.241629	1.4305115e-06	312.7109	18.38854	326.65173	239.22995	301.50757	19.446049	321.74982	211.56964	300.68695	13.899778	311.62646	240.60016	-0.8206162	16.92884	78.92101	-20.292034	11.274897	12.654475	78.92101	0.034635305	0.00045771827	0.067630604	0.3730262	-0.072412334	287.25903	814.3411	6228.527	0.0011996044	1.1378059	3.595936	29.439606	3.9130996e-06
46	46999	4328.857163667679	2244.928	1010.3361	3255.2642	1234.5919	682.0	1298.3071	0.0	1298.3071	1298.3071	375.0	261.1346	66.8145	317.7057	-19.809433	1.9900559	1.0019171	2.6230452	25.748774	-10.035456	-263.36862	0.10778539	0.00044933596	0.10877521	0.10685889	0.004348052	0.85194075	0.7374619	7.785739	8.6054206e-07	286.7721	74.189445	342.1988	5.183813	271.92184	71.35805	332.1607	5.183813	260.87363	61.971737	310.89514	23.97798	-11.048215	11.856466	35.375965	-31.823286	15.01651	6.09453	35.375965	0.08190365	-0.010861255	0.1762727	2.134208	-0.114153564	262.63885	177.85179	1251.459	0.006708208	1.4020574	3.3312907	45.548435	2.8111888e-05
47	47999	4432.449167013168	1233.1023	0.0	1233.1023	1233.1023	366.0	3202.206	0.0	3202.206	3202.206	1000.0	262.20294	66.51134	319.5902	-28.929337	2.0381756	0.9806395	2.637956	28.500278	-11.859116	-264.40277	0.105919585	0.0010116902	0.10779227	0.10391871	-0.04345565	0.8467477	0.7364495	8.575812	1.0728836e-06	263.28946	78.280754	344.9577	3.9445438	249.50566	74.01671	325.47958	3.9445438	282.82257	35.527287	315.67737	-28.055313	33.31691	52.256905	197.41983	-31.999857	41.618446	45.920647	197.41983	0.03143382	0.4101431	1.5521454	19.43797	-3.1999857	3840.8003	7507.1562	38974.59	0.0009880852	62.44572	285.18246	3778.3462	3.382792e-06
48	48999	4533.063077926636	2173.7651	457.1344	2630.8997	1716.6309	629.0	1196.4861	0.0	1196.4861	1196.4861	354.0	261.88654	66.881836	317.977	-27.763203	2.0195837	1.0193605	2.6445436	28.432411	-10.602509	-264.06195	0.10627954	0.0005718071	0.10742355	0.104017735	0.043619927	0.85033214	0.7416686	8.079728	2.8014183e-06	258.75827	76.293175	335.07516	5.00563	244.99706	71.663956	320.75244	5.00563	252.91475	69.13275	312.95483	-1.3734437	7.917681	14.632711	48.67909	-24.262934	13.430049	9.820373	48.67909	0.0065420484	0.062896766	0.2611662	4.4636655	-0.70036197	276.80594	386.19388	2369.6538	4.2798394e-05	2.1714282	10.20717	199.24312	9.070004e-07
49	49999	4635.422168254852	2500.0303	879.21106	3379.2415	1620.8193	721.0	3281.7327	0.0	3281.7327	3281.7327	1000.0	262.81564	67.41312	319.14728	-28.984947	1.9489243	0.9907278	2.6173837	24.881565	-13.726931	-264.9032	0.107248455	0.0009932177	0.10904558	0.105790205	-0.020680677	0.8428801	0.7371753	8.759544	3.9115548e-07	296.11816	66.95843	345.57672	4.3325276	280.47217	65.07607	334.33432	4.3325276	279.2333	54.09108	317.11728	0.70556724	-1.2388804	19.187466	74.856766	-20.838875	15.18253	11.797646	74.856766	0.094447844	0.011545774	0.10930297	0.72571117	-0.42547965	369.69373	668.10706	5603.5347	0.008920396	1.874013	5.056402	53.155613	3.2204705e-05
50	50999	4738.241288423538	1152.4286	0.0	1152.4286	1152.4286	311.0	3322.4246	0.0	3322.4246	3322.4246	1000.0	264.51544	67.454124	320.7204	-20.970371	1.9096901	0.99823356	2.6087127	27.041039	-10.971643	-266.56195	0.10525029	0.00074471754	0.10692594	0.104461454	-0.0038829488	0.83934194	0.73713773	8.58027	5.9604645e-08	316.91922	50.179165	347.5576	6.293002	305.29007	50.935482	338.0519	6.293002	290.8126	44.878616	318.2558	20.349422	-14.477484	8.453195	21.134062	-29.335245	15.729519	5.7996783	29.335245	0.16453134	-0.038616933	0.08457937	1.405642	-0.115712635	281.054	157.53766	860.5566	0.02707056	0.9807762	1.3329556	24.688946	9.273526e-05
51	51999	4842.019315958023	3288.4207	0.0	3288.4207	3288.4207	1000.0	2076.43	0.0	2076.43	2076.43	599.0	265.96384	67.56265	321.85886	-19.518827	1.7705169	0.97836107	2.6164188	25.70015	-10.640543	-268.0152	0.10371313	0.0014651959	0.106121965	0.10149089	-0.04897202	0.8364751	0.73676914	7.556308	2.9206276e-06	299.82755	62.784924	343.51828	4.5172887	286.20767	63.54971	338.86038	4.5172887	285.49414	51.157864	318.21735	7.7021856	-0.713538	23.495632	68.997574	-24.006456	19.33724	13.365067	68.997574	0.015181239	0.016461855	0.12248984	0.6519103	-0.30019468	552.55383	849.6325	4760.6655	0.00023047	2.6379547	5.5917916	42.312664	8.2896605e-07
52	52999	4947.113365888596	3282.142	0.0	3282.142	3282.142	1000.0	3182.6401	0.0	3182.6401	3182.6401	1000.0	268.10358	67.006096	323.2366	-28.119171	1.8375053	1.0019476	2.6337962	27.344397	-16.067364	-270.1283	0.10277372	0.0007406408	0.1042047	0.10154523	0.004518466	0.83955914	0.73855513	8.004498	3.7942082e-06	321.24106	16.246279	332.65524	251.73907	301.0113	13.427212	316.3904	243.6972	308.45404	14.971735	319.4925	246.34401	7.442784	3.4442503	14.115427	-8.145206	7.5552044	3.1901054	14.115427	0.02864703	0.02457028	0.011331533	0.0471355	-0.026129728	67.25789	45.34936	199.24527	0.00082065235	0.22184873	0.15080093	0.6653377	2.6605499e-06
53	53999	5051.465168237686	2324.522	410.48444	2735.0063	1914.0375	647.0	3312.324	0.0	3312.324	3312.324	1000.0	270.1895	67.16333	324.06067	-33.993984	1.8717818	0.9813248	2.6278896	28.705692	-10.624113	-272.25	0.102106296	0.0014209116	0.10405596	0.09935743	-0.042739253	0.8345214	0.73374385	7.5715384	1.6093254e-06	328.1411	35.403793	365.0065	115.469406	308.75464	33.86399	331.72992	105.49463	297.68924	34.139843	322.0774	109.8403	-11.065385	7.2019343	9.35513	-49.066887	11.125874	7.108131	49.066887	0.37281594	-0.036014255	0.024824964	0.07850902	-0.16320768	174.31058	274.94693	2407.5593	0.13899173	0.5725119	0.9129465	8.008093	0.0011178975
54	54999	5156.284621715546	3361.7627	0.0	3361.7627	3361.7627	955.0	3234.8906	0.0	3234.8906	3234.8906	1000.0	271.02676	67.07666	325.34372	-38.678185	1.7586694	0.99550587	2.6346138	25.956509	-10.443032	-273.00833	0.0997897	0.00055043603	0.10077037	0.098669894	-0.010327008	0.8319653	0.7338971	7.526702	5.364418e-07	323.71475	15.749813	337.03036	255.48853	311.73975	13.516153	323.85968	252.04102	310.58273	14.903911	322.31735	248.69614	-1.1569828	3.5687423	8.669181	-17.39625	3.1158302	2.0895295	17.39625	0.0033661977	-0.0038747028	0.011612608	0.027906131	-0.056452725	14.074531	18.109257	302.62952	1.1331287e-05	0.045864884	0.05919643	0.9820657	3.558576e-08
55	55999	5261.064433813095	3312.3767	0.0	3312.3767	3312.3767	1000.0	3225.7175	0.0	3225.7175	3225.7175	1000.0	272.1864	66.8917	325.63614	-44.747	1.7095251	0.99157155	2.6412015	25.703508	-11.740225	-274.16467	0.098434985	0.00074016413	0.10008687	0.09717912	-0.01950033	0.8310846	0.734629	7.7910347	1.3709068e-06	290.28024	64.32006	338.01102	3.9132192	281.74225	64.118126	330.54523	3.9132192	295.54373	45.31905	321.94427	9.012962	13.8015	32.01732	153.9275	-11.873064	20.623037	28.111925	153.9275	0.01844095	0.13144384	0.56820977	7.8553457	-0.037514742	1215.5901	3267.3604	23693.678	0.00034006863	13.040762	70.895386	965.0579	1.0728539e-06
56	56999	5365.5830619335175	3311.4292	0.0	3311.4292	3311.4292	1000.0	3248.203	0.0	3248.203	3248.203	1000.0	274.66254	66.39045	327.10507	-35.60293	1.687363	0.98508805	2.6447656	25.831436	-11.437072	-276.62653	0.09664662	0.0010603989	0.09864658	0.095219314	-0.034828655	0.82867944	0.73428255	8.124661	1.7881393e-07	325.26773	16.5485	341.10257	255.20091	306.58417	13.816758	319.49472	244.33093	313.70126	14.285266	325.13446	250.9889	7.117063	2.4404876	16.506878	-0.970719	7.1189117	2.4350889	16.506878	0.52363986	0.023220716	0.007929888	0.05440457	-0.003072224	56.608562	39.753548	272.47702	0.2741987	0.18444735	0.12953414	0.89804965	0.00086859387
57	57999	5470.502086162567	3306.0469	0.0	3306.0469	3306.0469	1000.0	3308.2876	0.0	3308.2876	3308.2876	1000.0	276.0968	65.90946	327.82092	-28.932354	1.6866225	0.99198604	2.647732	23.837742	-11.032074	-278.042	0.09549745	0.0011778874	0.097183734	0.09344608	-0.018802963	0.8348442	0.7378252	10.101614	5.00679e-06	331.90524	17.214123	352.5658	259.17303	323.4241	16.56506	339.3102	252.73892	312.14767	15.699129	325.31476	247.9447	-11.276468	2.7513769	-2.0657992	-17.930895	11.276468	2.7513769	17.930895	2.0657992	-0.034778655	0.008004408	-0.006485224	-0.053642128	134.72882	58.946472	321.517	4.2675266	0.41379878	0.17502986	0.96185136	0.01339717
58	58999	5575.481011867523	2327.5554	966.2925	3293.848	1361.263	679.5	3245.7893	0.0	3245.7893	3245.7893	1000.0	276.95493	65.213715	327.94846	-27.332382	1.5652915	1.01576	2.6474838	25.646633	-10.1253395	-278.83005	0.09546347	0.0004854345	0.096712135	0.09396198	0.037172277	0.8378376	0.73737043	7.914652	5.9604645e-08	325.72357	16.485428	338.29044	255.83539	324.62207	16.996128	337.2666	251.33809	313.16345	16.013046	324.45444	247.42856	-11.458647	2.4595625	-3.2621331	-17.233694	11.458647	2.4595625	17.233694	3.2621331	-0.035195567	0.0071155955	-0.012282327	-0.054091603	137.35005	54.151516	297.0002	10.641512	0.42040297	0.1619038	0.882179	0.040066585
59	59999	5679.383244276047	2890.203	0.0	2890.203	2890.203	810.0	1363.9241	0.0	1363.9241	1363.9241	387.0	278.0602	65.538826	329.2792	-20.356146	1.5804256	0.9780851	2.659031	23.269781	-11.923267	-279.91846	0.09440135	0.0012367532	0.096696846	0.09288529	-0.051629577	0.84161884	0.7394591	7.6154356	6.556511e-07	287.79733	74.30376	357.96115	4.545561	267.7842	73.59201	341.4615	4.545561	279.3974	67.275955	322.39325	-3.792523	11.613195	27.456732	89.04477	-29.193823	23.064138	18.888725	89.04477	0.007058901	0.06016854	0.15778303	0.95541346	-0.83380836	888.7384	1407.4663	7928.971	4.982808e-05	4.2016525	7.1363516	41.563847	1.8848425e-07
60	60999	5781.630448818207	3352.2368	0.0	3352.2368	3352.2368	1000.0	1592.9858	0.0	1592.9858	1592.9858	480.0	277.87595	65.751564	329.36285	-26.042976	1.6052488	0.9750011	2.6560874	23.115974	-11.060767	-279.68884	0.0912161	0.0011159623	0.09392444	0.089444526	-0.059783295	0.8362661	0.7364418	7.895959	4.7534704e-06	321.80853	17.814386	347.8673	257.43915	310.15787	19.178606	334.90106	247.48665	311.77704	15.199768	325.30676	247.90369	1.6191683	15.459792	70.95841	-12.48137	10.957303	11.025625	70.95841	0.038129386	0.0073609143	0.055300154	0.28671613	-0.041945435	241.62688	616.34	5035.0967	0.00145385	0.8641235	2.3806684	20.344923	4.568863e-06
61	61999	5885.5466232299805	2449.7979	0.0	2449.7979	2449.7979	701.0	3239.684	0.0	3239.684	3239.684	1000.0	278.8688	65.42072	329.6809	-23.48623	1.5976503	0.9993901	2.65279	22.771496	-12.297729	-280.658	0.090399124	0.0004828188	0.09135726	0.089343034	-0.0013912773	0.83081573	0.7318686	7.863888	3.1888485e-06	287.01074	61.16979	334.67444	5.063196	272.52567	61.371258	328.65808	5.063196	289.298	58.73969	326.96378	6.9668875	16.77231	23.047327	83.40973	-22.678331	19.689556	20.610943	83.40973	0.0023513148	0.07042361	0.1038878	0.4003218	-0.28940976	812.4895	1357.9719	6957.1826	5.5286805e-06	3.4899304	6.060353	33.39073	1.8835244e-08
62	62999	5989.517385959625	2068.7678	682.62085	2751.3887	1386.147	584.5	3247.5576	0.0	3247.5576	3247.5576	1000.0	279.2399	65.5033	330.37103	-55.154247	1.6215814	0.97973996	2.6378708	24.183773	-12.887474	-281.00662	0.087771796	0.00074726105	0.08988053	0.086563624	-0.0491813	0.8304486	0.7323461	8.117574	4.4703484e-07	325.9212	16.831718	341.6714	255.38156	315.9173	16.67109	331.57068	245.11708	312.99893	16.696646	326.60303	245.4766	-2.9183483	3.6429296	9.455508	-11.218073	3.9628074	2.466546	11.218073	7.348017e-05	-0.009212234	0.011450896	0.030296123	-0.033920366	21.787691	23.811102	125.84517	5.399336e-09	0.06849528	0.07402237	0.38052118	1.6955439e-11
63	63999	6094.7862668037415	2301.7864	392.0683	2693.8547	1909.7181	637.5	3254.2888	0.0	3254.2888	3254.2888	1000.0	279.10333	65.83702	329.9535	-28.864027	1.7300112	0.99956644	2.6438165	22.376133	-12.667568	-280.9115	0.08743861	0.00038115864	0.08822137	0.08652469	-0.0009839325	0.82788646	0.730262	7.2259293	4.7683716e-07	324.87006	16.809414	342.57962	254.70317	311.09796	14.819648	324.3586	246.36382	312.5584	16.301836	327.75598	246.90063	1.4604485	3.5109482	10.102941	-6.415469	3.0900993	2.2160676	10.102941	0.0022122753	0.0045019435	0.011458644	0.03279982	-0.022290602	14.459667	18.356915	102.06941	4.8941615e-06	0.046769787	0.059143893	0.33137465	1.5588522e-08
64	64999	6197.994343757629	2634.127	0.0	2634.127	2634.127	749.0	3263.338	0.0	3263.338	3263.338	1000.0	279.66666	66.55913	330.69046	-19.032759	1.776666	1.0218575	2.6601086	23.388649	-9.537781	-281.41107	0.08770225	0.0003582977	0.08919356	0.08653319	0.0532531	0.8275057	0.7341807	9.150066	2.9802322e-07	328.29962	17.659288	343.5597	255.2822	313.88647	17.032125	328.81937	241.12654	314.10565	16.915392	326.68616	246.985	0.21916142	2.6605585	7.0326753	-7.44141	2.1901362	1.5264034	7.44141	0.015485721	0.00076041644	0.008464794	0.024296174	-0.022806253	7.1266036	8.684757	55.374584	0.00023980754	0.022644792	0.027516376	0.16971068	7.481859e-07
65	65999	6300.143426895142	1808.1881	293.89	2102.0781	1514.2981	513.0	3211.9617	0.0	3211.9617	3211.9617	1000.0	279.83676	66.08576	335.75888	-15.040649	1.8272938	1.0131004	2.6412895	22.526321	-10.967541	-281.5423	0.091660164	0.0005284005	0.09239943	0.08922521	0.031655524	0.8292279	0.73851967	8.816233	1.1622906e-06	321.7577	18.151182	339.9084	250.20055	309.9393	18.3783	326.46643	236.43475	312.41852	16.72478	327.48077	245.55516	2.479252	3.6827967	11.562944	-6.9772854	3.5617828	2.650167	11.562944	0.0040091895	0.008446995	0.012418867	0.038834665	-0.021455247	19.709682	24.165154	133.70168	1.60736e-05	0.0664018	0.08428454	0.44507518	4.9972265e-08
66	66999	6403.473791837692	1852.7471	418.4864	2271.2334	1434.2606	519.5	1123.1752	0.0	1123.1752	1123.1752	310.0	279.76547	66.2737	349.56934	-35.743343	2.2531972	1.0235903	2.633458	25.447046	-11.316624	-281.47238	0.09361969	0.0009249835	0.09471485	0.09097467	0.056293022	0.83491045	0.7447253	7.0227165	7.1525574e-07	274.5648	79.62862	347.6759	4.5842514	254.71205	75.73742	332.43756	4.5842514	258.93314	77.1246	324.9156	-0.93813014	4.2210956	13.363571	44.707054	-36.690414	10.568393	9.203898	44.707054	0.0020309228	0.019974401	0.12542383	1.4437518	-0.954906	196.40266	325.69077	1998.7208	4.1246476e-06	1.0966325	3.0686498	42.899376	1.7096706e-08
67	67999	6508.615772485733	2039.778	0.0	2039.778	2039.778	579.0	3411.5615	0.0	3411.5615	3411.5615	1000.0	279.61115	66.721504	347.67575	-29.176643	2.2026217	1.0506816	2.643957	23.543692	-11.742753	-281.3849	0.098864764	0.0019061243	0.10126222	0.09399465	0.118066974	0.84207696	0.74870247	8.25746	5.90086e-06	340.36447	20.524746	357.62253	260.00952	333.68958	18.369152	350.0449	257.37027	314.66507	16.446396	328.46033	247.32997	-19.02455	2.8447275	-9.460261	-26.407753	19.02455	2.8447275	26.407753	9.460261	-0.056831613	0.006724783	-0.03636972	-0.076032154	370.02597	106.0047	697.3694	89.49655	1.0994991	0.28397053	2.0078382	0.34406707
68	68999	6612.194579601288	2515.3223	973.3917	3488.714	1541.9307	707.0	771.3427	0.0	771.3427	771.3427	249.0	280.4179	66.32489	349.52048	-45.40119	2.232147	0.99929553	2.6386254	24.296124	-10.97461	-282.13333	0.10042342	0.0009953486	0.10205336	0.09876594	-0.001535305	0.8533452	0.75131553	8.563145	9.834766e-07	262.50778	84.67241	346.26242	4.110606	245.1815	79.0474	323.92798	4.110606	273.70483	61.592495	324.2721	4.0514784	28.523315	55.285503	269.11765	-19.30805	31.027277	53.920074	269.11765	0.0057353145	0.3614097	1.7331052	26.47601	-0.18710184	3870.0667	11911.992	72424.305	3.2893833e-05	69.77219	452.56293	7009.7905	1.02598335e-07
69	69999	6716.570152282715	2071.0737	443.46692	2514.5408	1627.6069	573.5	3427.6533	0.0	3427.6533	3427.6533	1000.0	279.7651	66.05515	331.91696	-50.147633	2.1044474	0.9551858	2.6434896	26.547287	-10.830973	-281.4341	0.097885445	0.0023504302	0.1022716	0.09436942	-0.104049146	0.83253396	0.7386707	9.016346	1.3113022e-06	296.4347	69.528625	356.58203	5.5213413	276.34772	65.67531	340.26358	5.5213413	281.02512	57.874374	327.82553	-0.513999	4.6773458	19.445097	67.40741	-25.092897	14.675352	13.587618	67.40741	0.03961001	0.033221252	0.13049394	1.6359742	-0.6126159	399.98932	751.22723	4543.7593	0.001568953	2.165417	4.5496593	31.241262	4.902084e-06
70	70999	6820.548338890076	3355.7278	0.0	3355.7278	3355.7278	1000.0	1586.4647	0.0	1586.4647	1586.4647	431.0	282.995	66.105385	360.11685	-34.59118	2.0437405	0.98857677	2.7219667	26.661987	-10.188074	-284.6854	0.09421971	0.00097322423	0.09557248	0.09246329	-0.026977284	0.85170466	0.75602883	8.999573	4.172325e-07	297.26962	70.03068	350.44736	5.327571	279.04367	66.89386	333.13046	5.327571	284.50616	59.86958	328.46674	11.016891	5.4625053	13.619801	52.70945	-12.059116	10.684035	10.05929	52.70945	0.040876374	0.036427736	0.09771484	1.2850759	-0.23502451	215.3379	418.67154	2778.286	0.0016708778	1.1701834	2.66921	20.585102	8.044873e-06
71	71999	6924.379367589951	1430.0347	0.0	1430.0347	1430.0347	382.0	3230.4949	0.0	3230.4949	3230.4949	1000.0	284.11954	66.30883	389.1886	-24.329836	2.0705817	1.0042298	2.6896572	25.195726	-10.23378	-285.78018	0.09253036	0.0006515922	0.093993664	0.09164794	0.010117996	0.8576294	0.7578509	8.341087	1.0430813e-07	292.89932	61.38076	341.46103	3.9589508	287.11758	58.604958	333.36478	3.9589508	315.6233	16.145374	329.88043	250.0852	28.505692	57.59516	317.70883	-11.109152	30.41685	56.609116	317.70883	0.015026228	0.3245021	1.8433439	31.770884	-0.034283545	4129.777	13627.534	100938.91	0.00022578752	76.20618	563.5244	10093.891	6.8749176e-07
72	72999	7028.811144351959	1376.8792	1350.1255	3343.8599	118.736984	422.75	3165.961	0.0	3165.961	3165.961	1000.0	285.6302	67.04891	399.6613	-60.934174	2.7479913	1.1448592	2.6841927	25.893023	-11.560116	-287.37167	0.10475921	0.006042602	0.113477655	0.09351966	0.32922992	0.911479	0.7828835	10.1411085	0.0	307.38162	39.601913	354.07535	206.95406	299.16913	40.323154	340.498	198.85233	313.0881	16.39156	343.4929	262.9026	13.9189625	34.12583	119.68239	-14.87354	22.270342	29.365654	119.68239	0.0069953324	0.06420594	0.14416282	0.53474873	-0.044032156	1358.3098	2762.6401	14323.874	4.8934675e-05	5.797682	12.102729	64.00001	1.5647771e-07
73	73999	7132.105809688568	3185.5593	0.0	3185.5593	3185.5593	1000.0	1248.6313	0.0	1248.6313	1248.6313	349.0	282.31717	65.84679	336.6187	-52.375546	3.0658445	1.0146999	2.5035045	24.885033	-10.325647	-284.02762	0.11566561	0.0011439461	0.11706773	0.113510124	0.031909794	0.83350396	0.7282551	8.36001	2.7269125e-06	320.87354	39.218166	349.4913	95.13986	306.40732	37.882973	339.28583	86.69083	302.4863	35.49755	326.323	92.20387	-3.921024	5.7469583	13.242087	-17.701868	6.0812893	3.3793325	17.701868	0.04529504	-0.0114266565	0.020054147	0.092636816	-0.052238394	48.401966	50.800045	313.35617	0.002051641	0.15690748	0.15815955	0.9247172	6.553948e-06
74	74999	7236.794053554535	3370.7234	0.0	3370.7234	3370.7234	1000.0	3406.9966	0.0	3406.9966	3406.9966	1000.0	283.30365	65.40436	379.2083	-43.76534	2.3561406	0.88527155	2.54815	25.020826	-9.89839	-284.8843	0.107677326	0.0060295747	0.11709313	0.09886821	-0.25622082	0.82331866	0.72437686	9.127275	5.699694e-07	341.8294	20.89949	358.31345	260.30817	332.59366	19.145596	351.2742	251.26274	317.1938	20.736858	334.77826	156.54198	-15.399883	6.4542494	-4.627359	-129.33127	15.399883	6.4542494	129.33127	4.627359	-0.046585526	0.022397514	-0.017381174	-0.45240772	278.81375	682.10754	16726.576	21.412449	0.8604235	2.382448	58.510464	0.080428936
75	75999	7342.125803947449	3445.4536	0.0	3445.4536	3445.4536	1000.0	3379.2434	0.0	3379.2434	3379.2434	1000.0	284.26068	65.25997	358.02692	-42.640476	2.2819097	0.95306885	2.560779	26.845177	-11.316903	-285.84247	0.09533291	0.0021387332	0.09919949	0.09240124	-0.11015008	0.80279183	0.7182964	10.619604	1.8924475e-06	340.87546	18.303854	355.11612	264.9029	318.5538	15.656151	332.03555	250.72964	318.12024	18.406767	333.0546	245.4857	-0.43355086	3.8636043	7.097166	-10.717215	3.1081836	2.3355086	10.717215	0.0033142047	-0.0018034723	0.01285069	0.022188101	-0.03832848	15.115405	20.859632	114.85869	1.0983953e-05	0.050294675	0.0738154	0.40020278	3.3909757e-08
76	76999	7445.139280796051	1979.8376	0.0	1979.8376	1979.8376	533.0	802.0642	0.0	802.0642	802.0642	232.0	285.53296	65.5746	385.61237	-59.82244	2.1901095	0.9932835	2.5732749	26.02005	-12.963493	-287.1184	0.093313605	0.001261316	0.09461629	0.09099806	-0.015948791	0.80801123	0.72008	10.225382	3.0100346e-06	228.58714	78.205315	314.95795	3.7656078	212.47699	76.556595	300.95068	3.7656078	251.97343	80.0925	323.62997	-1.4059951	39.49642	26.648716	101.96167	-6.1327963	39.566242	26.544937	101.96167	0.105841234	0.22903174	0.21897492	1.9485077	-0.59713274	2270.1213	2550.9075	10396.182	0.011202367	12.378432	14.63668	76.806206	4.484461e-05
77	77999	7549.355454206467	3436.103	0.0	3436.103	3436.103	1000.0	3469.9414	0.0	3469.9414	3469.9414	1000.0	287.15787	65.096214	389.3566	-76.54238	2.3008482	1.0027355	2.570129	28.084024	-10.947522	-288.75024	0.09156247	0.00039090542	0.09228174	0.09100997	0.006596676	0.8160799	0.7272374	10.40625	3.5762787e-07	351.24185	18.665037	371.60455	270.95847	337.3477	17.604925	353.38763	259.92172	322.66647	17.423008	337.20862	249.30786	-14.681192	2.9422565	-7.4446707	-42.913338	14.681192	2.9422565	42.913338	7.4446707	-0.04358079	0.008779912	-0.025443822	-0.13066575	224.19429	102.66891	1841.5546	55.42312	0.6646167	0.30572537	5.607303	0.20008044
78	78999	7653.961114406586	2402.0527	174.86304	2576.9158	2227.1897	666.0	3456.133	0.0	3456.133	3456.133	1000.0	289.41995	65.86211	414.82715	-64.930405	2.4121861	0.9899752	2.6103184	27.44658	-13.040277	-291.0363	0.09148948	0.00093831494	0.0931938	0.09000892	-0.023989707	0.8242834	0.73359233	11.181835	9.7882e-07	346.0879	20.366144	361.72766	265.1795	334.25525	18.791552	355.11826	260.15967	319.4849	18.450598	335.98077	249.06296	-14.770374	5.8509407	4.2374344	-26.119707	15.046377	5.099407	26.119707	0.014581665	-0.044125814	0.017920194	0.014052258	-0.08562067	252.39745	136.22746	682.2391	0.00021262497	0.75524205	0.41587317	2.2363868	6.542758e-07
79	79999	7757.85032916069	3073.5393	0.0	3073.5393	3073.5393	844.0	1406.4714	0.0	1406.4714	1406.4714	387.0	287.74902	65.85595	386.94965	-90.063835	2.3766854	0.9693629	2.6092255	25.891933	-9.92098	-289.2965	0.08906166	0.0015120367	0.09089185	0.085580975	-0.07444518	0.82467586	0.7327994	9.65645	2.8312206e-06	309.2214	56.65082	350.5649	5.875256	298.44116	56.91395	343.4475	5.875256	295.50595	55.02945	332.82324	13.470217	-2.9352112	9.539991	22.658834	-42.91765	8.217561	5.6655617	42.91765	0.053176597	-0.0051875976	0.052603226	0.7594961	-0.1571822	99.6269	129.53674	1841.9244	0.0028277503	0.35604176	0.5331923	6.7458906	8.572225e-06
80	80999	7862.152833938599	1767.8655	1614.1794	3382.045	153.68605	536.5	3416.3083	0.0	3416.3083	3416.3083	1000.0	288.60617	65.25483	339.3417	-33.236034	2.062239	0.97230744	2.635327	26.129196	-11.622412	-290.1312	0.08431661	0.0015594176	0.087013304	0.08190802	-0.06859047	0.82026553	0.7295906	10.155323	1.847744e-06	342.83667	18.630527	359.47717	264.19153	326.19983	17.570753	341.03372	251.76361	323.08798	17.659328	337.1646	251.05203	-3.1118753	2.192117	3.1214812	-8.099109	3.282062	1.928008	8.099109	0.0036513645	-0.009565816	0.0066968217	0.00944333	-0.024106078	14.489144	13.882096	65.595566	1.3332463e-05	0.04436786	0.042107742	0.19523776	4.081054e-08
81	81999	7965.479179382324	1921.2878	507.3543	2428.642	1413.9335	513.0	970.41315	0.0	970.41315	970.41315	276.0	290.58542	64.92265	340.31287	-44.532467	1.814978	0.97817475	2.5905845	27.41008	-9.198704	-292.0963	0.081142716	0.001411865	0.08331557	0.079142615	-0.054840773	0.80421394	0.71823514	15.782614	4.7683716e-07	250.49127	78.68778	330.402	4.9301734	233.67606	73.23849	313.86328	4.9301734	262.3112	76.69088	330.46158	15.358345	28.635145	13.4434595	71.56729	0.7403042	28.635145	13.4434595	71.56729	0.7403042	0.15506004	0.16708839	1.8998055	0.007113874	1000.6982	927.5238	5121.877	0.5480502	4.811612	4.89695	48.448284	0.0052664303
82	82999	8065.56694316864	1611.9032	568.7748	2180.678	1043.1284	426.5	3365.3994	0.0	3365.3994	3365.3994	1000.0	291.8955	65.90543	341.26053	-40.078	1.902169	0.99345785	2.6179497	26.307432	-9.970654	-293.3797	0.07903332	0.00068829994	0.08015821	0.07793493	-0.01655532	0.8143446	0.7292207	10.09649	5.7816505e-06	326.967	51.78237	370.95862	57.594707	299.67908	48.6196	341.26538	50.757477	299.75262	49.063366	336.3919	68.45937	0.07355027	9.008357	25.62275	-29.832651	6.791227	5.91905	29.832651	0.009879336	0.0017017678	0.039722312	0.3487544	-0.10773224	81.155914	126.01589	889.987	9.7601274e-05	0.31399715	0.58729804	6.173614	3.8571213e-07
83	83999	8169.638112783432	1975.5463	365.15125	2340.6975	1610.395	536.5	3426.7056	0.0	3426.7056	3426.7056	1000.0	291.55368	66.17815	341.22733	-67.31926	1.8413016	1.0022253	2.6771598	26.272324	-11.694176	-293.00912	0.079655886	0.0003577193	0.080052234	0.07838481	0.005752123	0.8233471	0.74126214	13.666441	1.2218952e-06	330.6674	49.72693	367.18597	40.7043	309.43118	47.6594	346.24045	40.37889	307.9058	45.401516	338.91895	53.56019	-1.5253597	7.45167	29.85519	-34.821022	6.312622	4.24322	34.821022	0.0386834	-0.0019345692	0.03524837	0.40583634	-0.14960946	57.854107	84.39613	1212.5037	0.0014964053	0.2218876	0.48671675	7.184286	4.506982e-06
84	84999	8270.934657096863	2464.3757	0.0	2464.3757	2464.3757	691.0	1439.2046	0.0	1439.2046	1439.2046	384.0	292.19016	65.85985	345.54944	-34.816917	1.8111384	1.0068667	2.7010467	27.330555	-12.30588	-293.6357	0.07950531	0.00028141134	0.080044605	0.07859651	0.017515866	0.8252459	0.74776286	11.487196	9.536743e-07	306.49033	67.791245	366.92032	6.3133426	291.5928	63.952503	346.68655	6.3133426	286.77985	61.484818	337.701	15.520207	-4.8129907	9.776076	27.837612	-27.259264	9.274185	5.7206655	27.837612	0.013255371	-0.010901864	0.054456454	0.9206865	-0.10136534	118.736534	124.99623	774.9327	0.00017570486	0.44399327	0.59307903	8.476636	6.868101e-07
85	85999	8374.378952264786	2851.841	565.823	3417.664	2286.018	791.5	1205.4656	0.0	1205.4656	1205.4656	322.0	293.28043	65.59582	354.70282	-32.34935	1.755297	1.0054822	2.6878788	27.790337	-11.618173	-294.7404	0.0800135	0.00035481722	0.080585584	0.07926893	0.013921706	0.8276069	0.7465453	14.927687	5.662441e-07	288.076	80.46858	352.95853	5.0000567	271.20605	76.35572	333.73224	5.0000567	273.6322	75.07332	335.97418	0.62744117	2.426161	6.956144	23.358887	-47.841522	5.9013896	4.4099655	47.841522	0.010101416	0.021952657	0.08674726	1.3617407	-0.43726152	54.274193	90.143776	2288.811	0.000102038604	0.3428016	1.003878	18.543377	3.681738e-07
86	86999	8477.915396928787	1825.708	108.65686	1934.3649	1717.0511	482.5	3395.6313	0.0	3395.6313	3395.6313	1000.0	293.9541	66.26696	363.80807	-58.838043	1.7623193	0.9959994	2.6983156	29.188557	-12.902769	-295.36813	0.0796855	0.00045775	0.08082067	0.079007894	-0.010046483	0.83694524	0.74846023	9.175441	1.1920929e-06	352.91803	22.746834	374.84805	265.66995	331.15244	18.700907	350.25085	256.11884	322.9471	18.951698	339.12036	248.45526	-8.205376	3.8668387	1.8819991	-16.423746	8.247156	3.7769096	16.423746	0.0045934115	-0.024862813	0.01180924	0.005599526	-0.056843553	82.280624	60.497353	269.73944	2.1099428e-05	0.24899094	0.18310411	0.8608251	6.346445e-08
87	87999	8581.075151205063	1666.866	3.9876099	1670.8535	1662.8783	455.0	1658.4109	0.0	1658.4109	1658.4109	450.0	293.49518	66.269196	379.80023	-39.592842	1.8180073	0.99612284	2.700536	28.369019	-11.745266	-294.93347	0.08086379	0.0007776926	0.08183654	0.0790152	-0.009738762	0.8442418	0.7478755	9.741501	1.385808e-06	304.27643	74.23658	357.3843	5.8729596	284.11093	70.3762	340.99356	5.8729596	284.79047	67.3533	336.0788	10.804961	0.67953986	8.880095	27.747168	-17.691713	7.0198927	5.480781	27.747168	0.026749296	0.018844964	0.12493492	2.4873135	-0.08361127	79.317856	114.44228	769.90533	0.0007155249	0.5614771	2.590731	61.867283	2.1857174e-06
88	88999	8683.512838840485	923.0932	605.86725	1514.0636	55.580173	265.0	1757.8915	0.0	1757.8915	1757.8915	477.0	293.50146	66.32352	389.54477	-40.78663	2.2361817	1.0165197	2.6624846	27.429348	-10.346705	-294.93893	0.0804673	0.00045523178	0.081246406	0.07903736	0.041826997	0.8479424	0.74395907	8.681345	1.3411045e-06	330.22055	35.86805	363.17572	154.51056	307.91428	35.1513	343.8841	137.71124	311.7092	30.835701	338.65228	146.85843	3.7949038	10.322315	35.803673	-13.939952	8.080812	7.460024	35.803673	0.00061187084	0.014745226	0.03657094	0.14853396	-0.051210716	120.9515	204.42741	1281.9028	3.7438593e-07	0.43037778	0.7753108	5.318061	1.9032036e-09
89	89999	8786.838700294495	1635.3132	181.00372	1816.317	1454.3096	448.0	38.147087	0.0	38.147087	38.147087	29.0	292.59818	66.69243	395.18408	-40.33326	2.3077831	1.0468675	2.6727822	25.817636	-12.167295	-294.02863	0.0847358	0.0013864319	0.08705563	0.08098094	0.11620084	0.85114527	0.7504743	13.63735	2.4437904e-06	268.33606	93.33741	342.2892	1.4397216	249.9264	87.675705	323.69357	1.4397216	265.1615	74.95997	328.425	0.87588	15.235095	50.6868	277.94083	-93.60436	18.00157	49.771507	277.94083	0.00242933	0.772064	3.921188	27.79408	-0.44363347	2801.2595	12942.985	77251.09	5.901644e-06	196.09755	1039.9424	7725.11	2.2549543e-08
90	90999	8890.861259698868	1269.827	86.10022	1355.9272	1183.7268	339.5	2658.9026	0.0	2658.9026	2658.9026	727.0	290.88446	66.966705	386.4011	-65.14633	2.1723819	1.01985	2.6575058	27.21276	-12.812828	-292.29272	0.08903613	0.00040918624	0.08984923	0.08705306	0.048287664	0.8400875	0.74398226	29.673637	1.322478e-06	343.28387	22.063223	360.68616	264.0239	329.64136	20.526188	349.90317	247.1885	318.47604	21.483034	337.02203	245.51065	-11.165329	4.4660892	1.501101	-23.137068	11.180491	4.427997	23.137068	0.076146916	-0.034134652	0.014823343	0.004560888	-0.08191853	144.61053	102.26142	535.3239	0.005798353	0.44609046	0.3437754	1.8953545	1.7708224e-05
91	91999	8993.756725549698	2353.0808	375.93726	2729.018	1977.1436	639.0	1307.2997	0.0	1307.2997	1307.2997	357.0	290.4271	66.66301	360.92648	-25.707392	1.9488621	0.97747433	2.646344	27.084469	-10.310233	-291.7717	0.08988111	0.0014889649	0.09194333	0.08664901	-0.054655906	0.8441499	0.7462883	12.591629	2.5331974e-07	337.61127	21.586554	357.7095	263.53757	323.32874	18.88089	343.23862	255.90193	315.36575	21.65702	335.1023	239.42303	-7.963015	5.23341	9.195694	-20.673983	8.345618	4.5987883	20.673983	0.012837855	-0.025179721	0.017568385	0.029030314	-0.07125223	90.79821	93.84444	427.41354	0.00016481052	0.29169655	0.31509802	1.4651979	4.981525e-07
92	92999	9097.586764335632	1882.6857	643.9149	2526.6006	1238.7708	506.0	1532.321	0.0	1532.321	1532.321	401.0	291.3456	66.432175	356.2686	-39.018147	1.9438956	0.980991	2.6453707	26.86999	-11.2602415	-292.72025	0.08539529	0.001057384	0.08732082	0.084024034	-0.04673599	0.8438597	0.74266934	11.46208	2.1457672e-06	334.85684	43.21861	373.16318	98.98195	312.91336	40.398796	346.2617	95.479904	310.8171	34.180927	338.2611	117.59738	-2.0962632	8.536965	29.253317	-14.293361	7.206555	5.0338526	29.253317	0.09538649	-0.0022487722	0.04008201	0.25262856	-0.042411726	77.27411	118.930916	855.75653	0.009098583	0.3252572	0.75925016	7.3902235	2.953016e-05
93	93999	9200.83409523964	1597.3912	238.43513	1875.0977	1292.8989	432.0	3360.527	0.0	3360.527	3360.527	1000.0	291.73047	67.09681	354.34216	-37.526123	1.8536314	0.97826403	2.6628804	26.63816	-10.797594	-293.0997	0.083140016	0.0015107595	0.08560057	0.08104781	-0.05409596	0.8432715	0.74445385	20.16411	2.2053719e-06	337.69122	15.512744	349.3162	263.9484	331.37946	16.15514	346.58145	258.54974	326.1618	17.062084	338.90662	254.39465	-5.2176256	3.6677566	4.770308	-21.87619	5.366287	3.4465952	21.87619	0.015527881	-0.01587513	0.011330421	0.014447716	-0.063938566	40.676056	55.719612	478.56772	0.00024111506	0.124173366	0.17018351	1.3987322	7.2157724e-07
94	94999	9302.40333867073	1211.9292	0.0	1211.9292	1211.9292	313.0	1783.3843	0.0	1783.3843	1783.3843	490.0	292.3714	67.00927	343.3643	-26.426886	1.84686	0.9867534	2.7082381	29.129158	-10.2917	-293.72513	0.080864765	0.00079337426	0.08214444	0.07963802	-0.033328198	0.8436927	0.74982667	16.684437	3.868714e-06	323.2023	55.075302	364.5448	5.877942	303.53104	52.281483	345.41083	5.877942	308.04794	39.727936	336.7858	57.490067	4.5169396	18.460184	63.346302	-19.670662	14.022792	12.82741	63.346302	0.03315378	0.050515562	0.29926616	5.1612124	-0.066916086	361.18115	687.42944	4012.7537	0.0010991732	3.1058953	16.51881	268.1748	3.2803666e-06
95	95999	9406.687490463257	1998.4094	818.93317	2817.3425	1179.4762	542.5	3357.7354	0.0	3357.7354	3357.7354	1000.0	292.6796	67.21802	343.4658	-47.550755	1.8123491	0.9923414	2.7067046	28.849312	-10.476606	-294.02628	0.07908226	0.0010090269	0.0806369	0.07764514	-0.019355236	0.84801674	0.750404	11.570942	4.6780333e-06	338.05484	18.037569	354.07886	264.57526	322.19116	19.108282	345.10345	256.6841	323.4753	17.630476	338.65768	225.21135	1.2841597	11.57575	47.768536	-57.27336	8.053801	8.413286	57.27336	0.017648265	0.0049491846	0.038996845	0.18029176	-0.20274854	135.64706	337.10526	3280.238	0.00031146128	0.45657384	1.2080204	11.61209	9.5073364e-07
96	96999	9511.549990177155	2531.6597	5.376831	2537.0364	2526.2827	700.5	3341.6116	0.0	3341.6116	3341.6116	1000.0	293.73538	67.00902	344.1457	-37.29601	1.7120476	1.0053633	2.7077932	28.151138	-12.060179	-295.06686	0.07942281	0.00048081324	0.08038619	0.07863201	0.01368355	0.8478396	0.7506096	8.741604	2.7120113e-06	336.2403	18.027925	350.0145	261.70084	331.3631	17.80963	345.72318	254.79274	327.6643	18.696642	341.42072	218.20331	-3.6987667	4.066946	6.718095	-65.25851	3.919297	3.8548717	65.25851	0.0044123153	-0.011274634	0.013697186	0.025363527	-0.23021975	30.220926	185.82022	4258.673	1.9468525e-05	0.097182006	0.65317	15.023797	5.7681298e-08
97	97999	9615.462201595306	1476.8303	348.6601	1825.4905	1128.1703	388.5	1512.3158	0.0	1512.3158	1512.3158	406.0	294.40286	67.23283	344.61926	-79.18592	1.8799014	0.973249	2.7024455	27.393608	-10.758453	-295.74994	0.07851109	0.0015462824	0.08059792	0.07591227	-0.06829777	0.84745777	0.7476005	24.593704	1.66893e-06	299.4819	69.81644	358.1489	5.3536696	285.27707	67.58375	346.707	5.3536696	282.59247	67.826454	335.36258	4.842124	-2.6845815	9.80729	22.143507	-28.923664	8.1915045	6.0240483	28.923664	0.0038622706	-0.009476447	0.045312125	0.3391663	-0.1912205	103.3899	138.20862	836.5783	1.4917134e-05	0.40021184	0.55279475	4.1348615	4.463298e-08
98	98999	9719.38535952568	1534.8925	117.927666	1699.8999	1431.4174	408.33334	3326.3801	0.0	3326.3801	3326.3801	1000.0	294.52652	67.72576	345.3264	-44.129803	1.7382615	1.0320512	2.7125623	28.721365	-12.514468	-295.86395	0.07779021	0.0012092037	0.0801931	0.07591797	0.08188556	0.8572255	0.75563955	14.288799	3.412366e-06	335.70673	18.407927	347.96045	260.42322	332.2006	16.968391	345.30774	262.2861	326.72653	18.451647	340.57904	253.8529	-5.474042	2.9063783	0.99097496	-12.926169	5.482898	2.889636	12.926169	0.009432998	-0.016760925	0.009591303	0.002922634	-0.04539736	38.412167	34.67723	167.08585	8.898145e-05	0.11928127	0.1149757	0.5868139	2.644045e-07
99	99999	9823.618451356888	2013.3019	73.50525	2086.8071	1939.7966	543.0	2492.7349	0.0	2492.7349	2492.7349	676.0	294.69952	66.6848	344.94305	-34.34745	1.6282386	0.9852609	2.6711829	25.6516	-12.362911	-295.95584	0.079437844	0.0009619757	0.08115729	0.07811446	-0.037333954	0.84907454	0.74924076	11.391651	1.5199184e-06	342.17126	36.3799	381.7819	144.34402	322.16544	33.658474	352.45068	122.893585	316.06256	33.928337	342.7874	128.92311	-6.1028905	3.6386662	6.0295267	-15.83175	6.178307	3.5090857	15.83175	0.016829135	-0.019126628	0.012318709	0.04906299	-0.0500963	50.485165	50.695713	250.64432	0.0002832198	0.16025312	0.16329493	0.7931121	8.554768e-07
