Epoch	TotalEnvInteracts	Time	AverageEpRet	StdEpRet	MaxEpRet	MinEpRet	EpLen	AverageTestEpRet	StdTestEpRet	MaxTestEpRet	MinTestEpRet	TestEpLen	AverageQ1Vals	StdQ1Vals	MaxQ1Vals	MinQ1Vals	LossQ1	AverageLogPi	StdLogPi	MaxLogPi	MinLogPi	LossPi	AverageAlpha	StdAlpha	MaxAlpha	MinAlpha	LossAlpha	AveragePreTanh	StdPreTanh	MaxPreTanh	MinPreTanh
0	999	1.5822954177856445	18.531794	9.892109	51.2227	6.696097	22.83721	47.272575	0.66995394	48.6391	46.31941	50.2	0.0	0.0	0.0	0.0	0.0	0.0	0.0	0.0	0.0	0.0	0.0	0.0	0.0	0.0	0.0	0.0	0.0	0.0	0.0
1	1999	1.9654579162597656	20.151817	12.101919	65.203514	6.7891846	24.195122	47.272575	0.66995394	48.6391	46.31941	50.2	0.0	0.0	0.0	0.0	0.0	0.0	0.0	0.0	0.0	0.0	0.0	0.0	0.0	0.0	0.0	0.0	0.0	0.0	0.0
2	2999	2.3642938137054443	17.428719	10.798082	63.36147	5.468231	21.723404	47.385536	0.84493065	49.07926	46.138054	50.2	0.0	0.0	0.0	0.0	0.0	0.0	0.0	0.0	0.0	0.0	0.0	0.0	0.0	0.0	0.0	0.0	0.0	0.0	0.0
3	3999	2.797988176345825	18.014074	11.071851	50.493156	5.792627	20.6875	47.49043	0.9026875	49.102757	46.253006	50.3	0.0	0.0	0.0	0.0	0.0	0.0	0.0	0.0	0.0	0.0	0.0	0.0	0.0	0.0	0.0	0.0	0.0	0.0	0.0
4	4999	3.275639533996582	20.566559	16.361631	99.95171	5.1732616	23.32558	47.594963	0.88666356	49.293304	45.661358	50.5	0.0	0.0	0.0	0.0	0.0	0.0	0.0	0.0	0.0	0.0	0.0	0.0	0.0	0.0	0.0	0.0	0.0	0.0	0.0
5	5999	184.1542673110962	171.34282	91.81685	294.15506	10.283395	86.90909	173.75932	1.4097314	176.42143	171.11407	112.4	95.13001	54.977566	204.14502	-19.510628	6.9244747	-0.7422741	1.866603	14.168635	-10.361078	-101.51685	0.8839411	0.061878774	0.99970007	0.7802802	-0.19547378	0.8400604	0.6140381	4.5140643	3.8146973e-06
6	6999	363.7861783504486	242.78757	70.66197	321.82922	95.22204	110.0	236.4469	1.3237274	238.67067	234.35463	173.5	199.87997	56.756836	244.02191	-29.934708	16.573862	-0.3678901	2.3131394	17.14682	-10.474432	-209.95235	0.68558216	0.05090382	0.78007454	0.60199803	-0.5117876	0.8674918	0.65494144	6.091737	1.7285347e-06
7	7999	547.4639229774475	186.87021	91.606674	323.33215	67.13466	99.1	617.304	7.0336523	627.34283	607.468	646.3	190.37354	59.603344	234.09998	-21.010714	14.528645	-0.3395677	2.3912082	20.03761	-11.888814	-199.02338	0.5244639	0.04251792	0.6018296	0.45327294	-0.86767215	0.8496867	0.6614334	6.044402	5.275011e-06
8	8999	730.5312097072601	268.8935	117.17551	408.78537	63.83119	136.57143	392.22418	2.7922237	398.05246	388.88266	199.9	170.0851	48.27428	203.55316	-30.896942	8.691505	-0.32796323	2.3701887	19.865944	-9.253854	-176.78981	0.39317903	0.032455172	0.4531541	0.33919615	-1.241708	0.84028614	0.65171283	5.590439	1.7881393e-07
9	9999	913.3264403343201	326.68903	69.57452	395.3888	182.57248	147.71428	347.20505	1.2282883	348.9527	345.1046	155.1	153.93633	43.405777	188.88231	-37.68899	5.253791	-0.11640419	2.3491683	20.008465	-9.696854	-159.48235	0.297216	0.021584842	0.33909008	0.26199383	-1.3476647	0.8577358	0.6579586	5.7209353	1.5497208e-06
10	10999	1094.9243757724762	411.13144	67.41241	517.4442	307.86374	164.83333	5.2760034	0.12972352	5.4754395	5.0864973	10.0	150.43248	43.355938	187.73422	-27.197922	3.7749808	0.1475448	2.4512331	22.33307	-11.864964	-155.51675	0.23311083	0.015360487	0.26192927	0.20781846	-1.2369289	0.87584096	0.67323124	6.097242	1.3213139e-06
11	11999	1276.0308730602264	541.3224	63.122517	631.4387	447.16815	193.4	35.466053	1.4857417	37.259502	32.46825	33.3	150.23257	43.79617	200.17815	-20.742031	3.2668219	0.4672851	2.5212953	30.388718	-14.121366	-154.88756	0.1902411	0.010511482	0.20782486	0.17269468	-0.8839843	0.89553106	0.7018899	8.590203	2.026558e-06
12	12999	1457.1105828285217	560.70624	101.335075	704.9457	439.436	197.75	215.4694	1.2205708	217.52954	213.18512	101.3	162.48575	48.754173	218.13747	-21.727287	3.5615108	0.73865676	2.5789254	22.615353	-11.251755	-167.17995	0.16279225	0.0063475026	0.17266211	0.15218009	-0.47456273	0.9097547	0.7302677	6.4006414	2.5331974e-06
13	13999	1642.6556100845337	901.80884	170.79288	1164.167	685.5998	313.5	2565.8196	38.737644	2654.2744	2522.2212	1000.0	172.51299	51.223484	234.55154	-23.628813	4.1166377	0.91352195	2.6381044	20.78328	-11.421901	-177.17366	0.14681983	0.003145263	0.15239911	0.14321725	-0.16510734	0.9046529	0.7366271	6.8504953	4.2915344e-06
14	14999	1823.353805065155	733.9329	191.21654	984.7473	520.9771	248.33333	850.818	99.5739	1019.4553	686.8227	272.9	177.76608	53.345577	246.16423	-29.354792	3.3591874	0.9558941	2.690383	23.51943	-9.922649	-182.29216	0.1430584	0.0028230748	0.14778876	0.13755436	-0.08639408	0.9110626	0.75492144	6.9901643	1.6465783e-06
15	15999	2004.6535096168518	901.5681	129.18796	1116.0652	770.3273	290.5	7.541177	0.19315116	8.021398	7.271849	14.6	186.83739	56.48846	263.81818	-21.570086	3.483268	0.95885444	2.720613	27.138521	-12.059574	-191.36197	0.13474208	0.0030483159	0.13950251	0.1304578	-0.082520954	0.89987314	0.7502836	7.0625124	5.185604e-06
16	16999	2185.833881378174	657.44275	310.8173	927.4615	54.431892	207.8	11.105032	0.21876392	11.741005	10.967379	14.1	186.19576	56.438057	265.00266	-24.576012	3.3198755	1.0687984	2.6515384	23.320507	-11.9818535	-190.34995	0.1398158	0.002346613	0.14307095	0.1307216	0.13791792	0.91658705	0.76581043	7.4803433	1.2293458e-06
17	17999	2366.0886328220367	791.0667	495.79056	1232.1538	98.51256	258.66666	10.4935055	0.41270444	11.046576	9.9600315	13.4	190.68889	57.867485	263.97018	-81.904	3.2883992	0.99786633	2.5910242	25.663387	-10.785317	-194.83566	0.14283343	0.0017421709	0.14592938	0.13918637	-0.0040083104	0.9079506	0.7552904	7.256117	2.5071204e-06
18	18999	2550.271156311035	1230.9402	214.04295	1528.969	1036.0378	389.66666	833.8778	63.771053	931.7917	670.824	343.6	196.08525	58.925816	275.34717	-42.578938	2.767146	0.9578445	2.5853443	26.997131	-10.0785055	-200.01587	0.13733041	0.0038480272	0.14337555	0.13121015	-0.084106974	0.88954735	0.7461052	7.618083	9.760261e-07
19	19999	2732.0873939990997	1044.3348	323.0505	1501.1178	808.566	336.66666	6.648687	0.5686639	7.3955717	5.528298	33.8	200.35771	60.982986	278.87683	-24.964436	3.182036	1.020008	2.6179721	27.850325	-10.772164	-204.18298	0.13615812	0.0012331024	0.13880126	0.13149045	0.04059564	0.9003893	0.75339496	7.742445	1.937151e-07
20	20999	2916.2498705387115	1128.0573	210.06567	1338.1229	917.9916	349.5	1074.8475	1179.92	2827.5623	8.590395	382.1	202.50876	61.081524	275.85675	-37.1105	2.8941739	0.9788322	2.6434221	27.107836	-10.291027	-206.23116	0.1369819	0.0030012992	0.14185312	0.13096702	-0.04242129	0.90615314	0.757719	8.113856	1.9744039e-07
21	21999	3099.7010703086853	1159.3206	330.7279	1691.9382	844.5559	360.5	754.4814	1067.9323	2528.085	38.154133	366.1	201.05138	60.673294	278.6023	-54.281513	2.7186093	0.97812563	2.6567996	30.53081	-11.20889	-204.56844	0.13203733	0.0030497229	0.1372203	0.12793845	-0.04423358	0.9067626	0.7638797	10.241385	1.5646219e-07
22	22999	3282.8898696899414	1344.082	20.17218	1364.2542	1323.9098	429.5	441.34683	31.48719	502.5291	409.76312	274.1	204.91902	61.387203	283.9267	-38.871223	2.7531924	1.0021186	2.6541026	28.293745	-12.719111	-208.40479	0.1304872	0.0024093885	0.13463302	0.12771732	0.0048803976	0.90666425	0.7694341	7.841179	8.940697e-07
23	23999	3465.3883497714996	917.5005	75.51922	993.36206	814.46594	293.33334	47.39065	1.0129542	48.98866	45.68176	77.6	208.35701	62.4271	287.70007	-31.419855	2.719331	1.0235579	2.604327	25.155388	-12.155159	-211.70306	0.13214065	0.0010947199	0.13375399	0.12780763	0.048418567	0.9038066	0.76358634	8.719718	4.3213367e-06
24	24999	3646.9363510608673	1729.5991	470.851	2200.4502	1258.7482	516.0	145.06662	35.330315	201.07108	66.551704	159.7	212.11992	63.21211	289.98593	-35.037907	2.3683	0.9717422	2.6098917	25.968317	-10.888262	-215.41612	0.13188793	0.0034729505	0.1367764	0.12570576	-0.057818588	0.89608365	0.76020473	7.6076994	1.7136335e-06
25	25999	3828.5818951129913	1417.3263	0.0	1417.3263	1417.3263	413.0	44.88922	0.7839543	46.03094	43.80703	75.0	216.5768	64.14642	294.78058	-34.006145	2.3383672	1.0245205	2.5954652	30.40902	-14.360516	-219.77269	0.13166428	0.0017934539	0.13374445	0.1257409	0.050758462	0.9067426	0.76111823	9.223563	2.3543835e-06
26	26999	4009.557852268219	3091.8762	0.0	3091.8762	3091.8762	1000.0	53.257454	2.2558749	56.254272	50.343178	83.2	222.89584	65.661835	300.28204	-37.642426	2.2202182	0.9743133	2.5772636	26.532324	-12.405863	-226.05075	0.1283438	0.0025601534	0.1327968	0.12401104	-0.05298936	0.8893326	0.74771243	7.1575656	1.3206154e-06
27	27999	4191.925046920776	2103.5483	1214.7823	3318.3308	888.7661	633.0	379.27472	10.252494	393.20172	366.12347	189.3	226.9937	66.42913	302.79413	-40.82099	2.28877	1.0023768	2.5825627	23.618834	-10.130872	-230.07306	0.12573811	0.001047461	0.12804969	0.12403333	0.005101572	0.88978857	0.74956554	6.8713512	8.1956387e-07
28	28999	4375.73477602005	2261.2812	0.0	2261.2812	2261.2812	680.0	2862.495	21.027925	2892.3118	2811.1228	998.5	227.69287	66.96044	303.57944	-39.596024	2.3807425	1.01599	2.5816703	23.246832	-11.344978	-230.79076	0.12808102	0.0011491013	0.1304528	0.12415736	0.033370133	0.8915724	0.7523235	6.9495707	2.8461218e-06
29	29999	4560.355402469635	2332.668	870.03564	3202.7036	1462.6323	713.0	2770.5713	2.056677	2774.8743	2767.8528	1000.0	232.76112	67.61505	306.86057	-20.957285	2.2536528	0.97178316	2.5902452	24.010033	-9.97381	-235.69064	0.12471237	0.0016275988	0.1274227	0.12137443	-0.058826108	0.88428783	0.75245917	7.1912284	1.4603138e-06
30	30999	4742.029999017715	3015.3962	0.0	3015.3962	3015.3962	897.0	67.13238	17.92673	100.948586	41.137123	71.6	235.08286	68.06109	308.75165	-31.177698	2.1465385	0.96738344	2.550842	26.644493	-13.357269	-237.90358	0.120101124	0.0024549956	0.12398239	0.11550138	-0.06948698	0.8763935	0.7442224	8.260822	9.476207e-07
31	31999	4923.961315870285	1761.4723	1521.8403	3283.3127	239.63191	541.0	78.717926	13.4560175	94.15234	45.55679	82.2	236.86243	68.0407	312.65305	-47.663364	2.962332	1.0054942	2.5512056	25.838524	-11.34931	-239.71407	0.11808174	0.0009929864	0.12012726	0.11549772	0.011988853	0.8778279	0.74678427	7.2013726	3.874302e-07
32	32999	5107.943905591965	3182.3254	0.0	3182.3254	3182.3254	923.0	756.9407	388.9558	1166.4481	273.5971	287.6	236.77066	68.082016	311.1151	-40.11575	2.5710537	1.0074146	2.6041079	24.549479	-11.770894	-239.54626	0.1186357	0.001013687	0.12076736	0.116134554	0.016048523	0.8802339	0.75871706	7.439009	3.2782555e-07
33	33999	5291.363013744354	3287.8645	0.0	3287.8645	3287.8645	1000.0	854.8334	94.80794	1044.7695	796.5826	310.9	240.12888	67.80138	312.3905	-67.008965	2.266815	0.99653816	2.5732617	31.346436	-10.580654	-242.87442	0.118345834	0.0006621853	0.11952615	0.116755046	-0.00733928	0.8839925	0.755353	7.4472237	1.5124679e-06
34	34999	5473.571355342865	3327.8123	0.0	3327.8123	3327.8123	980.0	725.71027	51.98203	762.1966	571.4087	264.9	243.34781	67.81385	313.80817	-58.648796	2.1614082	0.9916383	2.572761	27.152554	-10.400811	-245.97786	0.116027385	0.0008590327	0.118225284	0.11462416	-0.01789743	0.87871873	0.7540454	7.027366	1.1324883e-06
35	35999	5658.734062671661	3254.2417	0.0	3254.2417	3254.2417	1000.0	2887.795	7.205254	2895.1172	2875.8599	1000.0	242.19162	67.60506	313.04773	-69.71507	2.2467725	0.996938	2.5543125	28.171055	-13.14969	-244.75493	0.11755476	0.0015885651	0.12042041	0.11478521	-0.006341404	0.88310367	0.7542835	8.045119	4.172325e-07
36	36999	5841.331865310669	3195.8828	0.0	3195.8828	3195.8828	1000.0	471.8145	1.0221999	473.2639	470.40002	174.3	245.36317	66.78302	313.94876	-42.34318	2.28929	0.9479134	2.5310736	24.64242	-12.5419235	-247.84964	0.112752505	0.003323295	0.118230835	0.106909424	-0.11440257	0.8780127	0.75035423	7.1603684	1.758337e-06
37	37999	6026.349503993988	3246.9524	0.0	3246.9524	3246.9524	1000.0	3431.664	3.541545	3440.1086	3427.4827	1000.0	250.15367	67.42877	317.30548	-22.549309	2.272334	0.97511554	2.56182	27.187723	-10.834265	-252.64474	0.10516667	0.002388342	0.11037236	0.10296284	-0.05572241	0.8614776	0.7446075	8.571482	2.026558e-06
38	38999	6209.64328122139	2736.9395	0.0	2736.9395	2736.9395	793.0	86.97893	0.48568478	88.35991	86.60225	57.1	251.77362	67.24141	318.1801	-29.42654	1.9839098	0.988451	2.5662942	26.687677	-11.854504	-254.1654	0.1045778	0.0018588532	0.108403236	0.102242514	-0.026011778	0.8571966	0.74313843	7.1491857	6.2584877e-07
39	39999	6390.818988084793	2294.9597	1042.4404	3337.4001	1252.5193	679.5	4.629798	0.022931326	4.679404	4.588807	7.0	255.53687	68.2241	321.65308	-39.240257	2.0705166	0.9930792	2.589092	28.031485	-10.143172	-257.8996	0.103779376	0.0019548486	0.10734277	0.10096225	-0.015370964	0.8570025	0.748786	7.7070637	2.9802322e-08
40	40999	6572.805759191513	2023.8079	65.285706	2089.0935	1958.5221	582.0	323.19107	3.3315597	328.18344	317.58096	137.1	263.41153	70.00651	325.90558	-22.98178	2.075576	0.9859973	2.638275	30.878595	-11.797702	-265.7908	0.101141326	0.0018801618	0.10439814	0.09889113	-0.032059792	0.8513649	0.7509839	8.925056	1.7881393e-07
41	41999	6758.3809270858765	3332.7202	0.0	3332.7202	3332.7202	1000.0	3268.151	4.0125885	3276.445	3262.137	1000.0	260.2937	69.13141	324.39813	-33.392387	2.1011176	1.0081599	2.611578	27.635017	-10.473691	-262.55606	0.10173538	0.0015579053	0.10467556	0.09931303	0.019038869	0.86151505	0.7535563	7.055697	3.8444996e-06
42	42999	6941.985476493835	3246.0435	0.0	3246.0435	3246.0435	1000.0	888.1221	211.3911	988.78	255.62596	267.9	259.81595	67.67655	324.49518	-23.05906	1.8722883	0.95955706	2.600272	27.36311	-11.36989	-262.05133	0.09887567	0.0025344135	0.10340449	0.09474866	-0.09398098	0.8514449	0.7472636	8.04988	5.9604645e-08
43	43999	7123.481951713562	3282.0117	0.0	3282.0117	3282.0117	1000.0	10.379259	0.3555178	10.732703	9.883317	13.6	260.75452	67.49988	323.40332	-32.124264	1.8931834	1.0088123	2.6116478	26.6372	-15.64965	-262.93726	0.09633517	0.001300072	0.09889014	0.094705544	0.0210658	0.85484594	0.75639284	8.251582	1.4603138e-06
44	44999	7307.973885059357	1460.719	0.0	1460.719	1460.719	411.0	3373.5493	0.6445174	3374.733	3372.6929	1000.0	259.56955	66.76729	323.4595	-32.29776	1.8922044	0.97795784	2.5980086	27.910364	-10.909214	-261.6515	0.09532974	0.002563383	0.09974419	0.092183046	-0.051718105	0.85365367	0.74828964	7.886627	1.4156103e-06
45	45999	7490.171227693558	3340.7683	0.0	3340.7683	3340.7683	1000.0	242.06274	2.116061	245.07849	237.47998	111.6	270.8315	68.34092	329.11963	-25.866734	1.6057321	0.99584395	2.5773525	24.525814	-10.579859	-272.98312	0.091805995	0.0012713799	0.09463483	0.08984028	-0.009722611	0.8340616	0.73663116	7.78561	1.2814999e-06
46	46999	7676.591651678085	3111.12	276.963	3388.083	2834.157	909.5	3346.0735	2.9906049	3352.4421	3340.3088	1000.0	265.7748	66.97763	327.63907	-49.727398	1.7890444	1.0053892	2.6127765	27.126835	-11.574692	-267.8585	0.09452066	0.0015960756	0.097643286	0.09257277	0.013109556	0.84674376	0.746761	8.189272	8.046627e-07
47	47999	7858.309058427811	1036.4786	562.6547	1569.5548	258.3324	310.66666	11.661688	0.3462705	12.425827	11.3565	16.2	269.13107	67.71512	329.5198	-19.304335	1.7019824	1.000017	2.6134617	27.542667	-12.169156	-271.1676	0.093267	0.0008495897	0.09513172	0.09219619	0.00014223957	0.84496933	0.7481337	8.680208	3.7923455e-06
48	48999	8044.955689191818	3337.1523	0.0	3337.1523	3337.1523	1000.0	3323.214	1.5284294	3325.6296	3320.8362	1000.0	265.69562	67.03149	326.41425	-31.375324	2.2509432	1.0581299	2.596811	27.02072	-11.3217125	-267.69208	0.09907901	0.0010002664	0.09991463	0.09328354	0.13646054	0.86552614	0.7645	8.093715	2.6226044e-06
49	49999	8231.027073144913	3360.802	0.0	3360.802	3360.802	1000.0	3490.6172	5.0735927	3499.221	3482.4834	1000.0	267.27554	66.74879	326.81354	-43.82362	1.8647903	0.9728268	2.5876944	28.394238	-11.344967	-269.22412	0.09768281	0.0019707757	0.10172161	0.09565096	-0.06305232	0.85976547	0.7554465	7.911887	2.0861626e-07
50	50999	8412.916143655777	3372.1023	0.0	3372.1023	3372.1023	1000.0	12.535552	2.296972	19.040535	10.526373	15.8	268.03998	66.70856	327.9695	-35.35405	1.9000964	0.998164	2.5989635	26.741047	-11.725516	-269.99973	0.097556055	0.0012882334	0.100059144	0.09555113	-0.00405456	0.858686	0.75774586	7.982736	1.2516975e-06
51	51999	8599.624570131302	2601.906	0.0	2601.906	2601.906	748.0	3514.2532	5.147561	3522.4575	3506.1753	1000.0	269.19373	66.66019	329.64566	-35.890465	1.9505246	0.99644715	2.5877604	26.852188	-11.609331	-271.1092	0.09675262	0.001497996	0.09995809	0.095141836	-0.008051891	0.86392725	0.7624973	8.702388	9.536743e-07
52	52999	8781.949115753174	3386.1611	0.0	3386.1611	3386.1611	1000.0	3381.6914	6.5264525	3396.4487	3374.8645	1000.0	267.482	66.1225	327.71326	-24.080372	1.8447119	0.9829207	2.5793746	26.237003	-10.675991	-269.31512	0.09389883	0.0016031263	0.09728685	0.09238857	-0.040228684	0.8498573	0.7472935	9.390167	5.4240227e-06
53	53999	8964.833895683289	2026.8466	10.276733	2037.1233	2016.5698	574.0	1322.4819	29.557554	1381.5461	1279.5479	376.7	271.71124	66.9828	329.33575	-58.71601	1.70549	0.9846853	2.5786636	26.805958	-11.453815	-273.54297	0.09207047	0.0021076442	0.09579504	0.089919224	-0.036334522	0.85523	0.7512833	8.150436	4.23193e-06
54	54999	9149.473492622375	2082.7427	794.597	2877.3396	1288.1456	597.5	2494.4397	512.9845	3371.822	1790.7153	716.3	268.69644	66.35452	328.57788	-26.965918	1.7432041	1.0033581	2.6073854	26.815884	-11.947696	-270.49344	0.09346219	0.0016775231	0.095715664	0.09099107	0.008410885	0.8581681	0.76419234	8.23809	1.7881393e-07
55	55999	9336.139971017838	3357.8486	0.0	3357.8486	3357.8486	1000.0	3390.0679	4.116576	3395.8794	3384.0784	1000.0	271.22784	66.3601	330.3588	-37.26554	1.8324393	0.99004704	2.5925581	28.114649	-11.995216	-272.9678	0.091962	0.001976069	0.09509288	0.08969883	-0.023664257	0.8549986	0.7558524	8.87633	6.2957406e-07
56	56999	9521.66448688507	3235.9897	0.0	3235.9897	3235.9897	917.0	3222.6301	5.4054213	3231.0615	3210.3655	1000.0	272.48077	66.82129	330.14557	-29.641792	1.8372203	1.0130911	2.6106906	28.02346	-10.018921	-274.31693	0.09195369	0.0009329665	0.09366611	0.08996134	0.031669825	0.8580969	0.75802934	8.532846	3.5762787e-07
57	57999	9703.567073583603	3362.9326	0.0	3362.9326	3362.9326	1000.0	438.56012	62.972057	461.86627	249.69814	160.0	273.52222	66.65722	331.57022	-26.287281	1.8277744	1.000763	2.638668	26.243992	-13.022387	-275.29575	0.091825016	0.0012330333	0.09390149	0.09024751	0.0019733564	0.86002976	0.7614496	8.700405	8.6426735e-07
58	58999	9887.702785491943	3392.4768	0.0	3392.4768	3392.4768	1000.0	2528.69	518.7042	3461.778	1848.6753	713.3	273.33347	66.2696	331.42606	-34.176777	1.6871626	0.9814645	2.6031253	28.59262	-10.8430395	-275.08545	0.09193429	0.001674694	0.09437763	0.08907445	-0.04435228	0.8573368	0.7564663	8.468855	4.172325e-07
59	59999	10073.816736459732	1978.6165	0.0	1978.6165	1978.6165	562.0	3358.0522	2.6304224	3361.8435	3351.8457	1000.0	273.77496	65.77428	331.0082	-44.67867	1.6621064	0.9782181	2.6114047	27.363173	-10.945698	-275.46494	0.08968282	0.0020095268	0.09261604	0.08630572	-0.052799597	0.8562643	0.7556309	9.077717	5.364418e-07
60	60999	10258.250257730484	3379.7864	0.0	3379.7864	3379.7864	1000.0	3378.641	2.3906977	3382.018	3372.9192	1000.0	275.42313	65.241135	331.67184	-35.11367	1.6932915	0.9801385	2.6202543	28.183056	-10.607176	-277.08014	0.08702147	0.0018448281	0.08949677	0.08371386	-0.048796363	0.8554777	0.7514324	8.39618	8.940697e-08
61	61999	10439.786867141724	3064.976	0.0	3064.976	3064.976	877.0	345.25977	991.41614	3319.507	13.011634	113.6	275.1452	65.36071	331.80295	-30.833467	1.7401575	0.9982892	2.6336398	26.488209	-12.78798	-276.78162	0.08611233	0.00154639	0.08801173	0.08331915	-0.003977188	0.85822016	0.75653315	8.179625	1.3411045e-06
62	62999	10624.172446489334	3377.3062	0.0	3377.3062	3377.3062	1000.0	2869.56	477.61783	3411.2827	2107.7646	832.0	274.74567	65.19308	331.94073	-25.668621	1.9206209	0.98373955	2.6229787	26.159885	-12.241964	-276.39786	0.08431621	0.0015144722	0.08679295	0.081537545	-0.040266443	0.8528881	0.7569733	8.900916	3.7252903e-08
63	63999	10807.054861307144	3427.5396	0.0	3427.5396	3427.5396	1000.0	1759.6223	1682.2755	3474.5437	75.541595	519.8	276.39532	64.59814	332.6751	-32.659515	1.5902319	0.9828599	2.632069	27.848406	-12.267515	-277.98026	0.08184047	0.0014140229	0.08456546	0.07969335	-0.042938564	0.8580873	0.7599769	8.99403	1.3113022e-06
64	64999	10992.456916570663	2414.031	0.0	2414.031	2414.031	682.0	988.6815	0.6207536	989.5646	987.782	1000.0	279.7199	65.39804	333.74698	-41.617466	1.7806909	1.0030564	2.6524282	28.864067	-10.887965	-281.35	0.080855645	0.00076429517	0.08234939	0.07969603	0.007914725	0.8473457	0.7568773	9.780933	1.0728836e-06
65	65999	11176.878750562668	3381.63	0.0	3381.63	3381.63	1000.0	3410.9604	2.6082423	3414.5732	3406.8481	1000.0	278.87897	64.6309	332.84802	-19.357668	1.5872866	0.97124726	2.6633832	29.04307	-10.840232	-280.4023	0.0795796	0.001863637	0.08298848	0.07698682	-0.07283341	0.84790057	0.7525786	10.16503	8.530915e-07
66	66999	11362.230714082718	3324.783	0.0	3324.783	3324.783	1000.0	2833.5452	5.579319	2838.1492	2821.7087	1000.0	283.2601	64.81848	335.10544	-28.521568	1.5564147	0.96860856	2.64488	29.28056	-14.462487	-284.81793	0.07642864	0.0014615051	0.0791656	0.07389616	-0.08090802	0.84691006	0.75083876	7.9711757	9.536743e-07
67	67999	11547.535322666168	2530.6816	853.67474	3384.3564	1677.007	735.0	3376.2852	2.948139	3381.1567	3372.4624	1000.0	283.4267	64.49706	336.15768	-26.650335	1.5446866	0.98770666	2.6787143	31.002754	-10.88862	-285.02725	0.07458106	0.0011016111	0.07614666	0.0725054	-0.031960294	0.84238696	0.74692404	8.908874	2.1010637e-06
68	68999	11729.057553768158	3141.7583	0.0	3141.7583	3141.7583	907.0	13.471446	0.6220049	14.475568	12.839371	14.4	281.79865	64.15871	334.47952	-43.248135	1.7434806	1.034636	2.666143	28.37598	-10.230948	-283.3291	0.07566397	0.00046860744	0.07621191	0.07252364	0.09063485	0.84375674	0.75712293	7.9756136	2.0191073e-06
69	69999	11913.869671344757	2504.0173	899.9946	3404.012	1604.0227	728.5	3402.657	4.269481	3412.3604	3397.286	1000.0	282.212	64.365105	335.22086	-21.121073	1.6006339	0.98799896	2.652582	31.394659	-10.527519	-283.71725	0.076194845	0.0012459491	0.07831714	0.0738923	-0.030880494	0.84074295	0.7572059	8.232967	6.854534e-07
70	70999	12099.432997465134	1813.2367	0.0	1813.2367	1813.2367	520.0	3342.5137	2.6856346	3345.7817	3337.6792	1000.0	282.05707	64.26455	334.63425	-33.34962	1.6247908	1.0061091	2.6895769	28.972786	-12.279337	-283.4848	0.07593715	0.0009815951	0.07727639	0.07389459	0.016062409	0.836046	0.7542604	8.906393	2.6524067e-06
71	71999	12285.092265605927	2719.65	659.09143	3378.7415	2060.5586	790.5	3354.1243	7.7275167	3365.601	3337.3801	1000.0	285.06696	64.06747	336.02048	-26.646946	1.7036427	0.9674628	2.6591105	28.359451	-13.868612	-286.5309	0.07383092	0.001983323	0.0767657	0.07099999	-0.085161455	0.8389541	0.7489645	8.355511	4.991889e-07
72	72999	12470.730655908585	2472.7222	0.0	2472.7222	2472.7222	691.0	3412.4434	1.8277373	3415.473	3409.1614	1000.0	281.85608	64.1992	334.98846	-22.13924	1.5295501	1.0078121	2.6797733	29.619144	-10.482357	-283.27844	0.07283709	0.000951109	0.07421439	0.07099803	0.020871785	0.8324808	0.75288606	10.794395	3.9339066e-06
73	73999	12651.588467121124	3374.9316	0.0	3374.9316	3374.9316	1000.0	17.855959	6.961972	25.850636	9.083177	48.7	280.9446	63.349583	334.2584	-22.098442	1.7216909	1.0448515	2.7055094	29.56468	-10.94901	-282.34375	0.07557711	0.0008564797	0.07639117	0.071479045	0.11748195	0.85245776	0.7698217	11.02022	5.904585e-07
74	74999	12837.16744184494	3359.6096	0.0	3359.6096	3359.6096	1000.0	3388.6836	2.6921558	3393.7676	3385.1926	1000.0	279.9842	62.308277	333.11438	-27.174606	1.4456989	0.9876638	2.6898644	30.920366	-14.125323	-281.3156	0.07685589	0.001532153	0.0790197	0.07387053	-0.031742476	0.85407937	0.7664451	9.325112	5.662441e-07
75	75999	13021.52197432518	3390.826	0.0	3390.826	3390.826	1000.0	3403.6636	2.5818646	3407.0654	3399.636	1000.0	281.5193	62.70072	333.8752	-45.25497	1.6615113	0.99198705	2.6854548	30.16141	-11.721705	-282.92258	0.075189546	0.0013727561	0.07702178	0.07278671	-0.020590195	0.8572446	0.76859903	10.3599205	7.4505806e-06
76	76999	13202.710168838501	2850.27	0.0	2850.27	2850.27	802.0	5.2942834	0.26164773	5.673254	4.911944	25.1	285.3804	63.26689	335.52716	-24.306936	1.6164633	0.95989066	2.693346	28.38189	-11.102921	-286.727	0.07259292	0.0019445322	0.07528028	0.069190614	-0.10590101	0.8445044	0.7600112	11.182688	3.8444996e-06
77	77999	13385.615690231323	3384.3086	0.0	3384.3086	3384.3086	1000.0	87.23401	11.034137	103.26901	73.512726	95.5	284.686	63.262177	335.63617	-24.471786	1.7320442	1.022298	2.7602248	32.45421	-10.490107	-286.0552	0.07115598	0.00055837614	0.07233496	0.06920738	0.059613526	0.8442164	0.7628712	9.346127	9.685755e-07
78	78999	13569.074448347092	2256.6768	280.8982	2537.575	1975.7786	637.0	2405.1968	1560.1328	3436.564	21.530588	707.9	284.84085	62.617554	336.16132	-23.45205	1.4400139	1.0001076	2.7002563	28.81335	-10.59241	-286.18494	0.07264261	0.0012778584	0.07459174	0.07028649	0.000518013	0.84977466	0.7646574	10.885098	3.5762787e-07
79	79999	13751.506260156631	3389.811	0.0	3389.811	3389.811	1000.0	347.29767	988.92456	3314.0696	16.54881	123.3	285.41568	62.24508	335.90088	-25.910793	1.4953027	0.99856263	2.6908097	28.963392	-11.373398	-286.72733	0.07175275	0.0011588869	0.07376131	0.07028312	-0.0036660233	0.8469926	0.76177657	9.60542	2.7120113e-06
80	80999	13937.318815469742	3413.5361	0.0	3413.5361	3413.5361	1000.0	3393.9836	4.273859	3399.9485	3383.697	1000.0	285.1741	61.973434	336.25873	-18.98021	1.36165	1.0016397	2.6913772	28.433731	-11.166072	-286.4536	0.07178786	0.0012594874	0.07385709	0.069990985	0.0046668854	0.849815	0.7618621	10.902302	2.3841858e-07
81	81999	14123.350239992142	3404.8105	0.0	3404.8105	3404.8105	1000.0	3369.4954	3.62558	3377.35	3365.5125	1000.0	285.896	61.741467	336.42725	-36.77942	1.3725938	0.9988565	2.7096446	31.957672	-11.04035	-287.2141	0.07137834	0.0011363026	0.07305025	0.06974278	-0.002839184	0.85299456	0.7631404	10.464321	2.875924e-06
82	82999	14309.567442655563	3406.8381	0.0	3406.8381	3406.8381	1000.0	3390.73	2.7043452	3394.9517	3386.205	1000.0	286.64767	61.33452	336.99496	-24.938086	1.2266203	1.0029498	2.6831424	30.937153	-10.780069	-287.92795	0.07177179	0.0010972702	0.07334204	0.06988467	0.008159134	0.8495057	0.7591731	9.269981	1.385808e-06
83	83999	14494.931339025497	2598.8914	0.0	2598.8914	2598.8914	741.0	3380.8398	2.5932767	3384.631	3377.4248	1000.0	288.03635	61.123543	337.74377	-34.904438	1.4902012	0.9857732	2.6493778	27.080536	-10.579093	-289.29135	0.07059942	0.001527045	0.072984084	0.06853553	-0.037632816	0.8419486	0.7539247	16.93516	0.0
84	84999	14679.386400699615	3462.4185	0.0	3462.4185	3462.4185	1000.0	3467.295	2.1562588	3470.6494	3463.6226	1000.0	287.32928	61.379963	337.17786	-26.413637	1.357841	0.98403335	2.6971953	32.02015	-9.609842	-288.5285	0.069752455	0.0014603002	0.07163993	0.067014195	-0.042739294	0.844942	0.75675654	8.977795	4.0233135e-07
85	85999	14863.598801851273	3168.4697	0.0	3168.4697	3168.4697	885.0	3419.5122	4.919583	3429.8296	3410.3086	1000.0	289.22534	61.39342	337.59454	-22.307137	1.3733464	0.9947573	2.697732	27.884708	-9.694751	-290.44357	0.06842206	0.0013696206	0.07004309	0.066301785	-0.013885735	0.8483798	0.7581197	8.632046	2.9802322e-07
86	86999	15048.555181264877	3436.2876	0.0	3436.2876	3436.2876	1000.0	3435.7964	3.8683975	3441.3013	3427.971	1000.0	292.75687	61.923805	339.61374	-33.837296	1.4019082	0.99783367	2.66862	29.757324	-11.010096	-294.01355	0.06681931	0.0007832936	0.0682265	0.065966174	-0.0057251053	0.8341182	0.75023186	9.952261	4.0233135e-07
87	87999	15233.73139834404	2788.8862	143.1394	2932.0256	2645.7468	785.5	3420.691	7.8383613	3433.2095	3405.1912	1000.0	289.07922	60.93409	338.1953	-28.929562	1.3834805	1.0104272	2.6757941	31.652071	-10.955189	-290.2619	0.068221174	0.0006464678	0.06891907	0.066168904	0.02847915	0.84610695	0.7620581	10.705786	2.8312206e-06
88	88999	15417.480119943619	2009.4094	0.0	2009.4094	2009.4094	556.0	1317.867	1368.1755	3410.819	316.91904	414.9	290.22247	61.743256	338.1688	-54.023857	1.4110912	1.0082462	2.6818278	30.20741	-9.4607115	-291.4705	0.06865158	0.0007759492	0.06949491	0.066736124	0.022477372	0.84565943	0.75917923	12.262224	2.3143366e-07
89	89999	15602.219084501266	2564.1448	0.0	2564.1448	2564.1448	732.0	3153.0522	487.3168	3403.7502	2103.3792	923.9	285.76752	60.911373	335.95667	-30.256792	1.5423694	1.0129207	2.6748912	28.140413	-10.880299	-286.91052	0.069316	0.0010936144	0.071346186	0.06715627	0.035503462	0.8514128	0.76360273	10.403998	7.748604e-07
90	90999	15786.413002252579	2504.8816	927.2671	3432.1487	1577.6145	739.5	3168.6985	575.36725	3469.7202	1738.1221	913.7	285.77728	60.472687	335.88092	-24.22471	1.5109707	1.0001365	2.6670554	29.998491	-11.104821	-286.92007	0.06963701	0.0011532693	0.07116597	0.06759107	0.0006702728	0.8435113	0.758786	9.921055	8.195639e-08
91	91999	15970.042287111282	1559.8517	0.0	1559.8517	1559.8517	444.0	2423.5884	603.51776	3526.9895	1757.9127	682.7	290.0967	61.6303	339.41415	-48.086906	2.0810785	1.0442337	2.6440694	29.945839	-12.93483	-291.30508	0.070093594	0.00057073974	0.07076326	0.06759192	0.11834906	0.8277681	0.75218725	10.770246	6.2584877e-07
92	92999	16153.264345645905	2323.718	1100.2261	3423.944	1223.4918	672.0	2975.7693	655.9817	3416.1516	1878.3112	865.5	288.13135	61.64658	337.4017	-29.645868	1.5964227	1.0462579	2.6371553	29.94939	-9.961332	-289.30838	0.0744411	0.0008290423	0.07529837	0.07077445	0.121395655	0.83742434	0.7582402	12.810464	6.556511e-07
93	93999	16337.867222547531	3450.207	0.0	3450.207	3450.207	1000.0	3400.7278	2.433141	3405.1953	3398.0393	1000.0	286.70074	61.01144	336.9161	-66.767235	1.5081098	0.9916925	2.6423934	30.204412	-12.323576	-287.84067	0.075958036	0.0012380917	0.0780049	0.073843904	-0.021324128	0.8411861	0.7586331	16.819843	1.9930303e-06
94	94999	16522.42297935486	3420.378	0.0	3420.378	3420.378	1000.0	3413.0547	8.769365	3426.574	3396.3096	1000.0	286.2433	60.387585	335.94766	-34.5137	1.6245244	0.9794569	2.6134527	30.615444	-14.4441805	-287.3694	0.074158534	0.0012352177	0.07699299	0.07195361	-0.05346611	0.8402876	0.74920833	13.986704	9.983778e-07
95	95999	16707.546961069107	3411.5227	0.0	3411.5227	3411.5227	1000.0	3397.5793	3.5880039	3405.4543	3392.403	1000.0	290.21112	60.7292	337.90375	-53.23694	1.5339334	0.98364305	2.6203113	26.943481	-9.810363	-291.3542	0.07244063	0.00111855	0.07472586	0.07043282	-0.04298068	0.83721095	0.749892	10.649317	1.7285347e-06
96	96999	16893.37383389473	3439.0503	0.0	3439.0503	3439.0503	1000.0	1011.8073	0.38230863	1012.4402	1011.2549	1000.0	291.21246	60.355396	338.2887	-28.334597	1.4042797	0.9928618	2.6166947	28.52668	-10.370531	-292.35056	0.07011409	0.0007084526	0.071786955	0.06930443	-0.018841267	0.8349965	0.745922	15.463133	7.1525574e-07
97	97999	17075.098167419434	2906.423	0.0	2906.423	2906.423	816.0	688.7161	1365.9146	3422.886	5.354869	207.6	290.9205	59.925545	338.6385	-56.021023	1.5332556	0.9926241	2.6280284	30.935863	-12.626931	-292.04175	0.06998616	0.0008945326	0.071867764	0.068935506	-0.01948979	0.8362362	0.74706185	10.813092	9.23872e-07
98	98999	17259.648092508316	3513.347	0.0	3513.347	3513.347	1000.0	3290.9019	348.4401	3428.2458	2245.8289	962.5	293.72687	60.361732	339.72226	-59.125645	1.678895	1.0000888	2.662929	28.183556	-10.188449	-294.83594	0.07028235	0.0010893231	0.072400525	0.06878143	0.00050297927	0.8434397	0.74983084	11.570787	8.940697e-08
99	99999	17443.67465376854	3437.1758	0.0	3437.1758	3437.1758	1000.0	3440.6465	3.271	3446.946	3436.247	1000.0	293.17612	60.59496	339.51987	-23.659922	1.6736133	1.0233028	2.6172895	31.768448	-11.202443	-294.26776	0.07126453	0.0006974447	0.07266844	0.06882938	0.062480222	0.8341859	0.751362	11.12355	1.8104911e-06
