Epoch	TotalEnvInteracts	Time	AverageEpRet	StdEpRet	MaxEpRet	MinEpRet	EpLen	AverageTestEpRet	StdTestEpRet	MaxTestEpRet	MinTestEpRet	TestEpLen	AverageQ1Vals	StdQ1Vals	MaxQ1Vals	MinQ1Vals	LossQ1	AverageLogPi	StdLogPi	MaxLogPi	MinLogPi	LossPi	AverageAlpha	StdAlpha	MaxAlpha	MinAlpha	LossAlpha	AveragePreTanh	StdPreTanh	MaxPreTanh	MinPreTanh	AverageMCDisRet	StdMCDisRet	MaxMCDisRet	MinMCDisRet	AverageMCDisRetEnt	StdMCDisRetEnt	MaxMCDisRetEnt	MinMCDisRetEnt	AverageQPred	StdQPred	MaxQPred	MinQPred	AverageQBias	StdQBias	MaxQBias	MinQBias	AverageQBiasAbs	StdQBiasAbs	MaxQBiasAbs	MinQBiasAbs	AverageNormQBias	StdNormQBias	MaxNormQBias	MinNormQBias	AverageQBiasSqr	StdQBiasSqr	MaxQBiasSqr	MinQBiasSqr	AverageNormQBiasSqr	StdNormQBiasSqr	MaxNormQBiasSqr	MinNormQBiasSqr
0	999	2.079395055770874	18.531794	9.892109	51.2227	6.696097	22.83721	46.31941	0.0	46.31941	46.31941	49.0	0.0	0.0	0.0	0.0	0.0	0.0	0.0	0.0	0.0	0.0	0.0	0.0	0.0	0.0	0.0	0.0	0.0	0.0	0.0	7.0072193	7.960901	41.00527	-6.411971	11.261342	10.53118	52.88866	-4.458514	0.4159573	0.3746343	1.3001764	-0.5130372	-10.845385	10.531128	4.6123576	-52.283287	11.0471735	10.319254	52.283287	0.0034910708	-0.6328782	0.39813086	0.4612358	-1.0445156	228.52702	399.27136	2733.542	1.21875755e-05	10.031618	10.7242775	51.68484	1.2187576e-06
1	1999	2.8709158897399902	20.151817	12.101919	65.203514	6.7891846	24.195122	46.31941	0.0	46.31941	46.31941	49.0	0.0	0.0	0.0	0.0	0.0	0.0	0.0	0.0	0.0	0.0	0.0	0.0	0.0	0.0	0.0	0.0	0.0	0.0	0.0	7.0072193	7.960901	41.00527	-6.411971	11.261342	10.53118	52.88866	-4.458514	0.4159573	0.3746343	1.3001764	-0.5130372	-10.845385	10.531128	4.6123576	-52.283287	11.0471735	10.319254	52.283287	0.0034910708	-0.6328782	0.39813086	0.4612358	-1.0445156	228.52702	399.27136	2733.542	1.21875755e-05	10.031618	10.7242775	51.68484	1.2187576e-06
2	2999	3.654008388519287	17.428719	10.798082	63.36147	5.468231	21.723404	48.086452	0.0	48.086452	48.086452	51.0	0.0	0.0	0.0	0.0	0.0	0.0	0.0	0.0	0.0	0.0	0.0	0.0	0.0	0.0	0.0	0.0	0.0	0.0	0.0	10.795539	17.638523	91.59871	-2.0001583	15.617182	21.39551	114.01345	-0.64427865	0.41422474	0.3487148	1.2334478	-0.5497452	-15.202956	21.434978	1.1751052	-113.2537	15.271734	21.386032	113.2537	0.0069705984	-0.6675585	0.3745323	0.11751052	-1.0467671	690.58826	2155.0276	12826.401	4.8589245e-05	14.314053	21.705479	112.499016	4.8589245e-06
3	3999	4.447156667709351	18.014074	11.071851	50.493156	5.792627	20.6875	46.891052	0.0	46.891052	46.891052	50.0	0.0	0.0	0.0	0.0	0.0	0.0	0.0	0.0	0.0	0.0	0.0	0.0	0.0	0.0	0.0	0.0	0.0	0.0	0.0	6.4782157	6.1173034	26.284729	-3.4541519	10.234693	8.150962	35.522995	-1.3378386	0.45132697	0.36270005	1.3080425	-0.4305187	-9.783366	8.184211	1.6163281	-34.9904	9.875233	8.073124	34.9904	0.0130714355	-0.64052135	0.37874976	0.16163282	-1.0324855	162.69556	222.96616	1224.3279	0.00017086243	8.844642	8.499229	34.902557	1.7086242e-05
4	4999	5.227432489395142	20.566559	16.361631	99.95171	5.1732616	23.32558	47.54664	0.0	47.54664	47.54664	50.0	0.0	0.0	0.0	0.0	0.0	0.0	0.0	0.0	0.0	0.0	0.0	0.0	0.0	0.0	0.0	0.0	0.0	0.0	0.0	9.415405	10.46477	46.798595	-1.5220045	14.105398	13.773123	62.018192	-0.71830165	0.45305195	0.36672103	1.3271089	-0.51958555	-13.6523485	13.817522	1.6834027	-61.572186	13.72413	13.746228	61.572186	0.0027974877	-0.6838283	0.3703119	0.16834027	-1.0288174	377.31052	703.33624	3791.134	7.825937e-06	12.769942	14.12687	61.923283	7.825937e-07
5	5999	99.12600922584534	171.34282	91.81685	294.15506	10.283395	86.90909	157.09401	0.0	157.09401	157.09401	79.0	95.11871	54.952232	188.35692	-19.510628	6.7204037	-0.7419603	1.8666954	14.168635	-10.361078	-101.499374	0.8839411	0.061878767	0.99970007	0.78028446	-0.19539598	0.84009963	0.6140469	4.5140643	3.8146973e-06	86.87276	41.677124	158.61859	1.8999492	96.60476	46.56185	176.51685	1.8999492	172.76433	30.305002	187.04657	9.530645	76.15957	44.67265	179.61037	-5.690037	76.216484	44.575478	179.61037	0.13633773	1.8522477	3.3574388	17.961037	-0.14061183	7795.9253	7796.8022	32259.883	0.018587977	250.3449	562.9664	3225.9883	0.000582658
6	6999	192.8957974910736	203.70764	67.11997	294.14465	82.74078	99.2	295.16327	0.0	295.16327	295.16327	220.0	183.04738	55.708626	230.1944	-44.70801	14.380706	-0.40065953	2.1963203	14.988717	-11.124378	-192.49525	0.68589574	0.05313888	0.7800845	0.59709114	-0.5309016	0.8488543	0.6411342	4.5805893	2.0861626e-06	81.512726	34.95303	130.32399	1.4123809	97.14955	42.26946	155.7262	1.4123809	181.24786	41.335606	228.60059	62.821487	84.098305	19.456186	151.25954	34.626728	84.098305	19.456186	151.25954	34.626728	1.4613895	1.9860241	15.125954	0.42180464	7451.0674	3800.0752	22879.447	1199.0103	140.37909	246.01483	2287.9446	14.917638
7	7999	287.76691484451294	430.34702	57.71919	510.36447	376.36826	291.0	995.99945	0.0	995.99945	995.99945	1000.0	174.4398	58.40113	228.01595	-27.156477	9.040918	-0.2642701	2.3044078	15.852997	-12.182843	-182.79222	0.5238131	0.040362805	0.5969257	0.4563532	-0.81873465	0.83729726	0.6456765	5.3848367	4.1127205e-06	100.23116	18.69365	118.551544	1.2317519	131.2136	24.789103	151.1089	1.2317519	183.03398	15.418874	204.46025	125.24381	51.820393	26.859514	163.80461	-4.5135293	51.827824	26.845175	163.80461	2.1640055	0.6028081	1.42871	16.38046	-0.034352444	3406.7866	4023.1775	26831.951	4.6829195	56.66106	219.51439	2683.195	0.035545874
8	8999	381.9503834247589	519.1897	306.11343	890.43665	140.7193	377.0	1041.2365	0.0	1041.2365	1041.2365	1000.0	153.86354	45.88674	205.46062	-35.277115	4.9058027	-0.3451826	2.2573254	17.347866	-13.414268	-160.18567	0.39473653	0.034326218	0.45622784	0.3381534	-1.2568542	0.8278071	0.64016265	5.3589425	2.1122396e-06	115.2462	33.714394	154.1375	1.8716805	128.53539	41.59787	178.504	1.8716805	133.94987	32.54213	178.33217	-6.352874	5.41449	19.313854	64.15726	-30.787006	13.570053	14.771436	64.15726	0.0055360594	0.12081863	0.3604546	2.9356227	-0.8224554	402.34167	825.5788	4116.154	3.0647956e-05	6.5180783	17.042194	125.92802	2.3128126e-07
9	9999	475.75773525238037	309.24188	111.81966	471.55457	68.27853	145.14285	256.25116	0.0	256.25116	256.25116	111.0	147.11186	38.59484	178.58334	-46.49193	3.7124817	-0.15006119	2.3017678	18.899775	-10.984116	-152.4745	0.2956225	0.022923036	0.3380553	0.25957304	-1.396445	0.8337256	0.64387083	5.1825233	8.34465e-07	109.05763	45.575928	164.16039	2.6428711	112.58583	48.683002	172.34717	2.6428711	134.89957	50.38104	177.31232	-9.975052	22.31373	16.772879	63.47757	-16.786293	22.947681	15.894527	63.47757	0.005588172	0.23868078	0.34671322	1.5879557	-1.6786293	779.232	927.518	4029.4019	3.1227664e-05	9.767729	15.253954	90.53998	4.326046e-07
10	10999	570.1014449596405	314.2561	50.028946	363.36487	216.52391	133.85715	323.22195	0.0	323.22195	323.22195	141.0	147.9384	41.609398	181.53896	-22.764368	3.0320513	0.100208156	2.4008572	20.064026	-11.766871	-152.95471	0.23094861	0.016150095	0.25951245	0.20388311	-1.3191463	0.843842	0.65494204	5.679663	1.0430813e-06	120.57542	50.667763	175.52559	2.4468644	124.815956	53.470707	184.49174	2.4468644	127.79505	52.224346	177.95572	1.9005296	2.9791102	7.6387167	34.31469	-11.52366	5.8197255	5.775455	34.31469	0.005480405	0.032027643	0.0722178	0.31049278	-0.1865188	67.22509	149.41385	1177.4979	3.003484e-05	0.6003231	1.3429447	10.458187	5.476497e-07
11	11999	663.9851310253143	340.60312	13.718035	351.66367	313.59637	147.57143	232.1396	0.0	232.1396	232.1396	103.0	146.63947	42.732693	181.86716	-29.648914	2.3843284	0.27897114	2.4500136	20.843538	-13.145107	-151.1606	0.18189272	0.011934107	0.20383357	0.1620787	-1.226586	0.8443585	0.664888	6.124121	1.8179417e-06	115.77855	51.772594	196.90987	2.813006	118.80162	53.21159	199.38664	2.813006	143.23853	40.963898	179.3411	6.681466	24.436903	39.78822	120.43849	-36.06826	38.637318	26.218746	120.43849	0.29319766	0.653319	1.7403247	12.043849	-0.27409887	2180.265	2751.6387	14505.43	0.08596486	60.55853	181.89937	1450.543	0.004549148
12	12999	758.104859828949	298.07355	76.83428	384.72244	177.56914	133.5	199.964	0.0	199.964	199.964	99.0	142.81567	43.240612	181.02444	-21.359386	2.2593744	0.34108883	2.479196	21.412777	-9.954703	-146.87112	0.14349161	0.010411319	0.16203739	0.1264964	-1.2789738	0.84292156	0.6657462	6.266032	1.847744e-06	85.58267	38.627384	142.0761	2.4117808	90.01477	42.04953	151.51265	2.4117808	153.75099	14.098541	169.71747	101.56488	63.73622	29.845284	129.88736	13.067269	63.73622	29.845284	129.88736	13.067269	1.6721342	2.6987936	12.988736	0.08720701	4953.047	4277.7954	16870.729	170.75354	168.21968	330.27927	1687.0728	1.1395576
13	13999	852.1263744831085	426.277	48.806564	522.6753	385.31097	166.66667	913.2004	0.0	913.2004	913.2004	280.0	139.91808	42.03717	177.25594	-31.615282	1.7540753	0.5729268	2.5407865	22.74466	-12.592566	-143.70573	0.1146261	0.006255088	0.12646393	0.10422681	-0.9226263	0.85137963	0.67695576	6.6234374	8.940697e-08	226.2927	69.246635	288.3391	3.6928632	199.32614	62.45904	251.22145	3.6928632	114.85992	45.19269	172.76541	16.865704	-84.46624	45.523193	37.28956	-201.09981	85.34341	43.85669	201.09981	0.115804866	-0.3651695	0.35257366	3.7289557	-0.8403523	9206.906	8252.65	40441.137	0.013410768	42.341385	36.174778	163.49652	0.0003810421
14	14999	946.2796468734741	423.60962	202.76227	626.27295	99.3738	149.66667	757.21246	0.0	757.21246	757.21246	234.0	144.7513	42.988724	193.73048	-29.733555	2.4316723	1.0029361	2.6788898	23.010323	-10.325987	-148.48375	0.10070636	0.00210416	0.10521963	0.0978274	0.0064836885	0.91377157	0.7271982	7.1719975	3.1739473e-06	189.99733	89.48597	285.00275	2.4594288	162.70885	75.40375	242.36696	2.4594288	166.04112	34.6035	191.17964	12.279153	3.3322892	62.83662	180.25761	-60.644333	48.173286	40.483074	180.25761	0.12653926	0.69653785	2.4797003	18.02576	-0.2507373	3959.5452	6586.378	32492.807	0.016012184	114.26307	415.39734	3249.2808	9.4749244e-05
15	15999	1040.2660126686096	422.3056	275.79385	748.07806	74.926765	147.71428	406.42313	0.0	406.42313	406.42313	153.0	167.03755	50.73462	235.0382	-29.402922	4.2611194	1.3905816	2.7308643	23.70509	-10.243099	-171.42525	0.11932967	0.010113327	0.13802597	0.10524763	0.8258505	0.9474043	0.7667972	7.885579	1.3411045e-07	133.87321	57.250965	199.03186	3.2699125	126.263374	55.508884	189.9674	3.2699125	211.446	22.759855	236.06335	90.50201	85.18262	47.95661	220.47533	12.969528	85.18262	47.95661	220.47533	12.969528	1.5650096	2.7848554	22.047533	0.07045216	9555.915	9477.366	48609.37	168.20866	220.21428	493.74585	4860.937	0.91373134
16	16999	1134.3387825489044	586.3268	141.58276	708.9917	381.44412	192.4	1152.2882	0.0	1152.2882	1152.2882	353.0	186.7999	57.581406	253.0571	-40.96923	3.7890537	1.1278477	2.6581984	25.138264	-11.487444	-191.37248	0.14482729	0.0051754867	0.15268756	0.13804267	0.2470933	0.9342851	0.752972	7.177132	1.8030405e-06	244.96396	75.50286	316.53372	3.8220887	222.43208	70.19725	292.1619	3.8220887	205.19148	51.86777	256.3222	2.3310566	-17.24061	28.326801	72.13431	-72.36224	28.902592	16.256891	72.36224	0.04312959	-0.011290397	0.33125103	3.4133594	-0.48980728	1099.6462	1062.9358	5236.295	0.0018601617	6.5366898	12.54331	166.26472	9.243995e-06
17	17999	1226.4542548656464	890.2816	103.0032	1049.4448	788.92914	274.75	1417.3424	0.0	1417.3424	1417.3424	429.0	193.63017	59.746098	257.1766	-35.2954	2.8680525	1.0596844	2.6528995	21.589897	-10.950863	-198.20114	0.15704066	0.0036414517	0.16276617	0.15248193	0.11047123	0.9417456	0.7491691	7.021866	4.3809414e-06	270.9754	59.68638	329.44016	4.8587384	260.84952	58.78492	320.13327	4.8587384	224.36781	41.90598	257.8396	25.213451	-36.481705	22.139225	22.889711	-83.02349	37.820534	19.765308	83.02349	0.03483048	-0.11474987	0.1621084	2.2889712	-0.26246724	1821.0603	1449.8126	6892.8994	0.0012131623	6.4695187	5.0377107	52.39389	6.8816757e-06
18	18999	1320.690604686737	795.10626	15.4162	808.7841	773.5644	244.33333	1076.3741	0.0	1076.3741	1076.3741	330.0	199.92403	62.23056	266.72324	-35.36475	2.551428	0.9619771	2.6465554	21.078785	-9.225926	-204.32272	0.1586107	0.0021673925	0.16253269	0.15480018	-0.06994493	0.9193134	0.7446815	6.4598646	2.965331e-06	245.43103	73.937706	319.94473	3.8690736	234.20169	73.160065	305.0803	3.8690736	217.17963	59.498825	265.06525	7.1719155	-17.022058	20.633358	35.168148	-61.119164	23.452477	12.863411	61.119164	0.07097323	-0.039212726	0.16487417	2.0402455	-0.35489798	715.48596	703.13184	3735.552	0.0050371997	2.9638858	2.8357463	41.626015	2.0749303e-05
19	19999	1415.0854043960571	951.6215	132.71947	1128.7003	822.8059	293.75	929.03143	0.0	929.03143	929.03143	286.0	204.01038	63.533997	270.32382	-42.017	2.414603	0.96651644	2.6437514	22.357815	-11.811454	-208.20035	0.15112115	0.00217715	0.15478852	0.14702387	-0.06323113	0.90792984	0.7509759	6.6856227	2.2649765e-06	251.07281	77.016914	326.14545	4.0499544	235.10759	75.06841	305.95337	4.0499544	215.05168	61.058697	262.40826	5.561779	-20.055918	17.98766	19.457924	-51.28411	23.058468	13.932076	51.28411	0.014559165	-0.054166563	0.14200605	1.9457924	-0.18224357	725.7957	649.81146	2630.06	0.00021196928	2.8146105	2.5158067	37.861084	8.504863e-07
20	20999	1509.0693559646606	1007.6384	157.3255	1226.5059	863.5673	306.33334	1436.8542	0.0	1436.8542	1436.8542	432.0	205.23912	63.838245	273.37488	-23.186102	2.152487	0.9948655	2.6725235	22.823166	-10.934522	-209.28719	0.1458359	0.0006666778	0.14746957	0.14445195	-0.009784212	0.9077141	0.7617402	6.905239	7.450581e-09	251.84863	74.15859	320.51013	4.3767066	239.76598	70.333	302.6108	4.3767066	216.23944	61.013805	270.66742	7.0990753	-23.526533	11.9337435	13.393275	-53.043495	23.774021	11.432758	53.043495	0.049859364	-0.08727933	0.079571694	1.3393275	-0.31268737	695.91205	506.1718	2813.6123	0.0024859563	2.6299198	1.7748586	17.93798	3.5099518e-05
21	21999	1602.9149897098541	1198.5369	128.94627	1380.254	1094.4546	359.0	1814.4366	0.0	1814.4366	1814.4366	534.0	208.23715	64.32797	276.13342	-28.130886	2.0422018	1.0089691	2.7080457	22.796768	-12.109247	-212.24115	0.14640146	0.00095646403	0.14827286	0.1448667	0.01725398	0.908111	0.7704564	8.633138	5.2452087e-06	296.5134	47.652534	343.194	4.7157297	274.55093	42.228523	315.116	4.7157297	250.77715	35.8961	275.5205	9.020557	-23.773796	12.889008	6.8944187	-47.21027	24.107124	12.254244	47.21027	0.08944409	-0.083452046	0.046790518	0.4304828	-0.21741948	731.31995	561.5878	2228.8096	0.008000246	2.5250719	1.8274698	7.6596746	4.472643e-05
22	22999	1697.811441898346	1167.4006	88.22955	1255.6302	1079.1711	350.0	1766.1528	0.0	1766.1528	1766.1528	524.0	212.02693	65.0002	284.28598	-26.910492	1.969616	0.9924396	2.702163	23.310331	-13.663943	-215.90169	0.147182	0.000622684	0.1482996	0.14610192	-0.014418984	0.8917819	0.76219934	6.501545	4.5448542e-07	284.00528	62.847076	347.29465	4.5140367	271.4157	58.46051	328.56964	4.5140367	244.90387	51.366985	284.85065	3.9575944	-26.511824	11.656389	19.880808	-50.20008	26.78578	11.012274	50.20008	0.0038709943	-0.09165609	0.103470445	1.9880807	-0.34821263	838.7481	615.3635	2520.0483	1.4984598e-05	3.0145395	2.4062917	39.52465	2.0910778e-07
23	23999	1792.383537054062	1297.6865	305.97226	1676.4415	927.0991	390.33334	3203.026	0.0	3203.026	3203.026	1000.0	215.58678	66.01536	289.23383	-50.373917	1.926523	0.9992608	2.6971092	21.755945	-10.955113	-219.28595	0.14668302	0.00062320713	0.14777698	0.1457101	-0.0013701968	0.882646	0.7601927	6.983654	2.4959445e-06	313.5146	26.084553	338.46887	195.05959	300.4629	23.865185	323.7743	186.92351	268.29382	18.482298	287.21094	166.68076	-32.16908	7.9791117	-12.200521	-48.6848	32.16908	7.9791117	48.6848	12.200521	-0.10606635	0.020978468	-0.04746453	-0.15283236	1098.5157	518.05054	2370.2097	148.85274	3.5747237	1.5290587	7.440613	0.579092
24	24999	1888.638320684433	1525.2601	35.244507	1560.5046	1490.0156	459.5	3218.1553	0.0	3218.1553	3218.1553	1000.0	219.3917	66.40962	292.8265	-20.719069	1.8623655	0.9925968	2.6898966	23.497375	-10.232202	-223.05878	0.14453971	0.0010051436	0.14643747	0.14254105	-0.014202536	0.8758719	0.758379	7.757454	6.1653554e-06	320.71344	19.098232	339.7376	245.51697	309.2129	15.698323	325.7083	247.88702	275.61865	11.627045	290.6894	228.33511	-33.594242	5.7557955	-15.855531	-44.200108	33.594242	5.7557955	44.200108	15.855531	-0.10814505	0.014997511	-0.05630944	-0.13660575	1161.7023	369.9685	1953.6495	251.39786	3.7173483	1.0739017	6.026239	0.89281607
25	25999	1983.6678109169006	1482.7605	26.411499	1509.172	1456.349	446.0	2275.6392	0.0	2275.6392	2275.6392	672.0	222.41704	67.09388	294.52332	-31.345547	1.8337187	0.9764134	2.6736548	23.3639	-14.468938	-225.92163	0.14091322	0.0015751858	0.1445934	0.13877642	-0.04599491	0.87199837	0.7606558	7.8531933	1.8402934e-06	322.99268	18.9151	345.1298	249.28929	308.86844	15.009367	327.4084	251.40144	280.71173	12.741938	295.88605	230.36996	-28.15674	5.4656243	-17.257805	-44.523933	28.15674	5.4656243	44.523933	17.257805	-0.090890534	0.01541247	-0.058833543	-0.14110363	822.675	331.9729	1982.3806	297.83185	2.6411114	0.9932008	6.282489	1.0153378
26	26999	2078.2715005874634	1382.4935	399.40482	1945.9705	1066.7461	414.66666	1958.2688	0.0	1958.2688	1958.2688	589.0	224.50655	68.30767	298.66272	-22.863417	1.877076	1.000588	2.6655414	23.536707	-11.732674	-227.96657	0.14000118	0.000529167	0.14125472	0.13911153	0.0012095566	0.8663479	0.7595808	7.040022	5.2005053e-06	254.80743	72.10313	321.85043	4.3175616	241.96999	69.25319	305.56216	4.3175616	235.76164	66.40354	291.98053	12.374138	-6.208338	9.759754	23.671074	-27.601397	9.84545	6.0715213	27.601397	0.021590488	-0.011237147	0.12408459	2.219665	-0.13999136	133.79626	137.63776	761.8371	0.0004661492	0.7096057	2.2356832	49.269127	3.3251893e-06
27	27999	2173.4286477565765	2478.5923	0.0	2478.5923	2478.5923	755.0	2875.6274	0.0	2875.6274	2875.6274	1000.0	226.64325	68.02821	301.17334	-21.652277	1.8172237	1.0011274	2.6546147	24.923798	-11.804577	-229.96762	0.13940002	0.00063920097	0.1405044	0.13821706	0.0022710753	0.86196536	0.7587358	8.624318	1.0728836e-06	286.04208	52.800575	331.18338	4.688906	278.44574	51.018387	319.41324	4.688906	259.87585	50.29287	296.31113	3.4574823	-18.569902	6.0150123	-1.2314237	-32.637276	18.569902	6.0150123	32.637276	1.2314237	-0.07118342	0.03417859	-0.009383236	-0.39409527	381.02164	218.32968	1065.1917	1.5164043	1.4136496	0.8255452	5.1056914	0.023855641
28	28999	2267.8990182876587	3059.6626	0.0	3059.6626	3059.6626	1000.0	2861.3396	0.0	2861.3396	2861.3396	1000.0	229.17278	67.92551	301.53568	-37.830322	1.8046808	1.0029432	2.6247993	24.082727	-11.238841	-232.45328	0.1399741	0.00047679644	0.1409412	0.13903992	0.00582749	0.86084	0.75412166	7.502723	1.4603138e-06	292.50568	50.1727	326.10873	4.5864286	283.21246	47.5961	316.1405	4.5864286	269.3044	48.20092	298.43762	2.3635755	-13.908052	6.5823736	1.487384	-29.1364	13.926204	6.5438833	29.1364	0.10136333	-0.052647483	0.033773888	0.005008866	-0.46845934	236.76157	178.12766	848.9298	0.010274524	0.881352	0.7586701	4.2141304	3.4696754e-05
29	29999	2363.3765680789948	2042.0535	841.835	2883.8884	1200.2184	682.0	2989.8047	0.0	2989.8047	2989.8047	1000.0	231.88678	66.916985	299.18283	-17.517742	1.7870371	0.9875396	2.5995018	23.287525	-11.0672865	-234.98576	0.13953619	0.0008044166	0.14084774	0.13766783	-0.02452774	0.8564237	0.7503884	7.2527385	6.020069e-06	311.33563	15.52112	329.19116	246.85745	305.7406	13.134558	319.58536	254.78049	285.82407	13.763113	297.49872	232.26102	-19.916533	3.6806557	-6.503171	-27.323685	19.916533	3.6806557	27.323685	6.503171	-0.06530586	0.012622238	-0.02157797	-0.08876294	410.21548	138.52022	746.58374	42.29123	1.3453971	0.458744	2.3478165	0.14032522
30	30999	2458.0491859912872	1429.042	210.72026	1639.7622	1218.3217	429.0	3235.028	0.0	3235.028	3235.028	1000.0	233.0253	67.09987	301.80023	-19.98881	1.745707	0.9922456	2.6097832	23.15272	-12.7972765	-236.02841	0.13649225	0.0007600679	0.13766131	0.1350325	-0.015370946	0.84791327	0.7522232	7.1636047	4.172325e-07	317.9898	20.413742	343.39255	250.9557	305.41293	17.42793	328.25098	240.54124	283.92105	13.342344	297.97772	232.53477	-21.491869	9.767039	12.97435	-35.79892	22.22736	7.952355	35.79892	0.052469812	-0.06936161	0.031415973	0.046630148	-0.11174691	557.2955	307.62885	1281.5627	0.0027530813	1.7949837	0.9543952	4.0004187	9.545344e-06
31	31999	2553.8404643535614	1202.9028	195.8276	1398.7305	1007.07526	359.0	3081.5735	0.0	3081.5735	3081.5735	1000.0	234.0857	67.150215	302.1694	-27.067095	1.8855249	0.99041396	2.6079803	23.543118	-11.093084	-237.07298	0.13635232	0.0011049509	0.13790849	0.13344508	-0.01914288	0.84590346	0.76111555	8.317584	1.1920929e-07	312.37225	14.896799	326.73953	248.3712	307.7764	13.176186	320.2512	254.56532	287.94748	13.810254	300.56488	233.09917	-19.828918	2.6177413	-8.034222	-25.541254	19.828918	2.6177413	25.541254	8.034222	-0.06462214	0.00959669	-0.026071237	-0.08874955	400.0386	96.90629	652.35565	64.54871	1.3049917	0.33402008	2.1088715	0.20946209
32	32999	2649.1499569416046	3114.011	0.0	3114.011	3114.011	1000.0	3121.398	0.0	3121.398	3121.398	1000.0	236.56462	67.35023	304.15137	-19.305069	1.8135027	0.9794462	2.6250484	25.842058	-11.269734	-239.47441	0.13167454	0.001392797	0.13390341	0.12921165	-0.04165037	0.8461098	0.7622839	7.640703	2.9802322e-07	301.31192	38.25929	336.76193	136.3866	290.9069	37.511726	328.0288	133.01991	271.46368	32.55901	299.5904	121.992096	-19.443172	8.97843	5.9064507	-37.800728	19.46558	8.929749	37.800728	0.028905224	-0.06536067	0.027553517	0.023742769	-0.14613473	458.64917	332.85104	1428.895	0.00083551195	1.5074619	1.0230483	4.460031	4.6531595e-06
33	33999	2744.4500279426575	2129.3882	1034.8806	3164.2688	1094.5074	663.5	2968.2656	0.0	2968.2656	2968.2656	1000.0	239.63756	67.53717	306.44162	-31.33042	1.6828941	0.979054	2.6248937	27.976772	-12.155884	-242.47546	0.12727872	0.0010248137	0.12940912	0.1251417	-0.043132264	0.8367514	0.7558713	7.490598	1.1175871e-07	298.0403	51.045525	330.34155	5.551375	295.93747	51.015152	329.5451	5.551375	275.01215	46.020206	301.458	20.74441	-20.92532	8.307564	18.159555	-34.121853	21.20281	7.571352	34.121853	0.4650175	-0.06358909	0.089546055	1.5841658	-0.14433952	506.88458	286.13354	1164.3008	0.21624129	1.7352443	1.4567715	28.767748	0.00082673586
34	34999	2840.0516288280487	1041.2151	86.62085	1127.8359	954.59424	311.0	3147.7144	0.0	3147.7144	3147.7144	1000.0	240.83957	68.127975	307.86133	-18.482258	1.6229434	0.9809804	2.629685	25.451069	-10.798657	-243.5987	0.1221192	0.0012972973	0.12512502	0.120672755	-0.039772626	0.8371892	0.75959045	7.6237597	1.9818544e-06	294.41846	56.693443	337.6909	5.2788877	287.69687	57.378838	331.4965	5.2788877	269.3862	47.47245	302.50146	18.565393	-18.310665	11.997198	18.96173	-38.34832	19.773315	9.393042	38.34832	0.09620264	-0.05082301	0.08071768	1.3286506	-0.11876079	479.21323	352.8186	1470.5935	0.009254948	1.6230792	1.2656273	17.653124	4.6625697e-05
35	35999	2934.513842344284	3155.5364	0.0	3155.5364	3155.5364	1000.0	1267.0249	0.0	1267.0249	1267.0249	373.0	242.36375	67.797585	308.56088	-25.21271	1.5357535	1.0025929	2.6044326	25.760752	-10.448422	-245.05963	0.121016905	0.00043542928	0.121805035	0.12007108	0.0055303383	0.8315596	0.7561958	7.0514107	1.4007092e-06	263.8396	71.83913	331.59354	4.5056124	254.36848	69.48511	317.3832	4.5056124	245.81494	61.691727	299.7455	8.33165	-8.553568	10.710901	22.02603	-24.940811	11.771467	7.022783	24.940811	0.003932817	-0.012548499	0.12093595	1.9014766	-0.08314645	187.8869	168.28455	622.04407	1.5467047e-05	0.8854958	1.9365255	36.935642	5.6493583e-08
36	36999	3029.7573285102844	3194.8665	0.0	3194.8665	3194.8665	1000.0	3196.8499	0.0	3196.8499	3196.8499	1000.0	244.97108	67.35158	309.98965	-19.966848	1.5231677	0.9788307	2.602755	29.569752	-11.615762	-247.61365	0.120516844	0.0009897671	0.12205481	0.11785978	-0.044871513	0.8262831	0.75179106	8.077763	1.0430813e-06	305.42648	55.127262	343.02988	4.774108	299.58075	55.855495	338.81094	4.774108	278.17056	48.389988	306.69287	6.541615	-21.410181	11.848494	19.539913	-33.668034	22.055573	10.598793	33.668034	0.27785242	-0.067059256	0.039410572	0.2620899	-0.10500844	598.78265	379.19003	1133.5365	0.07720197	1.8660473	1.1228855	3.3824794	0.00035884164
37	37999	3124.467963695526	3178.063	0.0	3178.063	3178.063	1000.0	1356.7826	0.0	1356.7826	1356.7826	401.0	247.59308	67.43229	311.51804	-49.292244	1.565144	0.98812765	2.6277902	26.968353	-10.701668	-250.21272	0.11676701	0.00051525084	0.11784022	0.11550281	-0.025446339	0.8242546	0.75167185	8.2859535	3.6209822e-06	280.60782	71.86108	341.38763	4.192219	271.37396	70.516426	333.37286	4.192219	263.81238	62.466595	307.60092	-3.4913402	-7.5616064	17.489529	43.28127	-29.069681	16.39534	9.7084675	43.28127	0.06682388	-0.018113198	0.08480503	0.48686132	-0.7683559	363.06146	326.49628	1873.2681	0.004465431	1.3825591	1.528563	11.43984	2.4674966e-05
38	38999	3218.7387075424194	3236.5706	0.0	3236.5706	3236.5706	1000.0	3244.6038	0.0	3244.6038	3244.6038	1000.0	249.94473	67.5988	313.50806	-19.719784	1.4521484	0.9802728	2.6188426	26.063538	-11.714053	-252.47241	0.11309259	0.001156019	0.11558579	0.11124101	-0.042828318	0.8188519	0.7498837	8.336182	4.172325e-07	289.8219	61.953053	339.84998	4.7218103	280.9587	61.249615	332.43274	4.7218103	271.34412	56.301685	308.10956	9.307445	-9.614624	12.347654	22.924797	-34.25391	13.465151	7.974664	34.25391	0.011111383	-0.024890978	0.09103523	1.8374964	-0.17673929	244.90556	215.33325	1173.3304	0.00012346283	0.91128105	1.3813912	33.763927	4.0419252e-07
39	39999	3315.068836927414	2218.9436	575.1128	2794.0564	1643.8308	666.5	3184.6667	0.0	3184.6667	3184.6667	1000.0	251.48456	67.767456	313.95673	-22.671225	1.4420695	0.9952122	2.6290133	29.700546	-11.173904	-253.9305	0.111982204	0.00050843967	0.11306193	0.11114343	-0.010435515	0.82250154	0.7539652	7.8318896	4.917383e-07	321.02783	16.811096	336.49826	250.85298	323.31696	15.99076	336.80927	259.07874	300.17017	15.510775	311.80255	237.77567	-23.146759	1.9390417	-18.996368	-28.568007	23.146759	1.9390417	28.568007	18.996368	-0.0716938	0.0060939644	-0.058529116	-0.09030222	539.5324	91.19727	816.131	360.862	1.6688284	0.26626444	2.4267373	1.1223534
40	40999	3410.2544345855713	3198.1519	0.0	3198.1519	3198.1519	1000.0	3142.6375	0.0	3142.6375	3142.6375	1000.0	251.99173	67.93338	314.47858	-20.393045	1.4240425	0.9827012	2.6272995	26.300522	-11.645229	-254.41019	0.10911787	0.00076117384	0.111214764	0.108018026	-0.038204912	0.8205783	0.7522128	7.989499	1.9073486e-06	315.49072	15.93587	334.83084	248.92484	316.60107	15.644191	333.18326	256.1338	298.9141	15.736446	314.1864	237.37915	-17.686945	2.4420128	-11.592126	-25.311146	17.686945	2.4420128	25.311146	11.592126	-0.056010574	0.008193266	-0.036376312	-0.07726548	318.79153	89.0038	640.6541	134.37738	1.0090075	0.2794465	1.9556779	0.42167878
41	41999	3505.381333589554	3228.673	0.0	3228.673	3228.673	1000.0	3121.371	0.0	3121.371	3121.371	1000.0	253.74815	67.571754	315.46634	-39.454544	1.4834529	0.99132425	2.6015804	27.116756	-11.640526	-256.09137	0.10719756	0.00051323394	0.108101055	0.10618633	-0.019313674	0.81412727	0.7464699	7.786227	5.662441e-07	317.7675	16.034977	337.0229	249.13692	316.2482	14.433714	330.25443	257.61038	298.5809	15.311896	310.5485	237.20349	-17.667303	3.510879	-7.8423553	-36.258575	17.667303	3.510879	36.258575	7.8423553	-0.056080766	0.011909758	-0.024825994	-0.11271449	324.4598	123.60344	1314.6843	61.502537	1.0310599	0.4004452	4.086867	0.19469427
42	42999	3601.6020109653473	3167.0427	0.0	3167.0427	3167.0427	1000.0	3184.4143	0.0	3184.4143	3184.4143	1000.0	255.73428	67.72592	316.64935	-24.600985	1.3824934	0.9855676	2.6072204	27.622871	-11.215039	-258.09467	0.10614797	0.0007350366	0.10737198	0.10408546	-0.032435507	0.81344783	0.74862874	9.599167	1.4901161e-07	320.32553	15.998709	335.75107	252.23352	321.12646	15.133165	334.23132	258.4206	301.16315	15.769167	314.1407	237.91483	-19.963314	2.1940114	-14.773917	-26.172218	19.963314	2.1940114	26.172218	14.773917	-0.062404778	0.008396744	-0.045284074	-0.09080499	403.3476	88.65301	684.98505	218.26863	1.2625982	0.30408433	2.376568	0.66902316
43	43999	3696.6232199668884	3173.0552	0.0	3173.0552	3173.0552	1000.0	3209.3687	0.0	3209.3687	3209.3687	1000.0	257.65433	67.51954	317.9286	-21.840466	1.3917544	0.9971471	2.6133862	28.188158	-13.460491	-259.9335	0.103775196	0.00030766308	0.10448606	0.10319788	-0.0064121694	0.8151962	0.74982655	8.1631975	2.6635826e-06	316.25974	25.416897	341.71927	196.7977	311.83096	25.30419	333.5926	191.05573	294.91855	20.876827	315.41965	194.41382	-16.912409	7.7249575	5.608012	-29.48983	17.285316	6.8499928	29.48983	0.04509836	-0.053007804	0.024814839	0.027680878	-0.0904277	345.7046	189.57753	869.65	0.002033862	1.0862826	0.5920658	2.6666973	7.819144e-06
44	44999	3792.093081712723	3208.6133	0.0	3208.6133	3208.6133	1000.0	3175.5994	0.0	3175.5994	3175.5994	1000.0	259.34576	67.48781	318.13812	-14.199628	1.34384	0.9767773	2.6133502	27.952824	-10.490776	-261.5266	0.10100745	0.0011188315	0.10354378	0.099485554	-0.05301327	0.81187916	0.75008786	7.830469	2.682209e-07	320.07547	22.558851	346.3151	229.48233	313.54373	22.600512	336.2294	214.68684	296.35577	20.021046	315.76813	214.19058	-17.187963	5.7475443	4.611168	-27.54712	17.200245	5.7106805	27.54712	0.0859645	-0.054329764	0.017521499	0.016964374	-0.08522563	328.46033	166.15192	758.84375	0.0073898947	1.0323772	0.5093274	2.2737236	3.334147e-05
45	45999	3888.1099557876587	3319.7632	0.0	3319.7632	3319.7632	1000.0	3195.811	0.0	3195.811	3195.811	1000.0	261.0125	67.34654	318.8283	-16.669945	1.2393367	0.97090405	2.6136444	27.698318	-13.479265	-263.21057	0.09734123	0.001623977	0.09977683	0.095069505	-0.06769783	0.8078686	0.74406415	8.114065	2.026558e-06	322.1302	16.400417	337.61215	252.64078	319.62656	15.582778	333.8278	257.84854	303.12192	16.24431	316.67206	239.54636	-16.504654	2.8346376	-5.665463	-23.08724	16.504654	2.8346376	23.08724	5.665463	-0.05185591	0.009909959	-0.017981058	-0.08064792	280.4387	88.50519	533.0207	32.097473	0.88248384	0.2933135	1.7039764	0.10187102
46	46999	3983.7408108711243	3196.1465	0.0	3196.1465	3196.1465	1000.0	3182.274	0.0	3182.274	3182.274	1000.0	262.47415	67.178406	320.1396	-16.160328	1.2806772	0.99880296	2.6537635	29.907644	-12.316931	-264.59656	0.094999634	0.00045379062	0.095577724	0.093911275	-0.0027732558	0.80634636	0.7496593	9.127237	3.7252903e-07	308.77744	46.934956	344.36185	47.89912	301.95505	47.52751	334.27322	45.659645	289.9114	40.475407	315.12616	59.933052	-12.043645	11.197314	20.174732	-31.276833	15.064224	6.5953293	31.276833	0.015193278	-0.03372475	0.047489326	0.3522863	-0.095793046	270.42923	184.16805	978.2403	0.0002308357	0.8980837	0.61825407	5.66662	7.417782e-07
47	47999	4078.937051296234	3196.1626	0.0	3196.1626	3196.1626	1000.0	3237.4902	0.0	3237.4902	3237.4902	1000.0	263.9523	67.14165	320.72333	-24.418144	1.2440766	0.9837986	2.645982	29.652048	-12.921359	-266.054	0.09434339	0.0009197138	0.095522545	0.092463754	-0.038284548	0.80788606	0.74906313	8.019712	2.9802322e-07	307.84662	54.499737	345.6874	8.565471	300.42252	56.15389	337.4536	7.0009027	289.23624	46.740993	316.90955	17.08566	-11.186261	14.670826	30.452204	-28.585522	17.423433	6.065432	30.452204	0.15056612	-0.020168053	0.10702634	1.0084758	-0.084733434	340.36557	184.9127	927.3367	0.022670157	1.3417101	1.7353886	19.521847	7.298032e-05
48	48999	4174.577911376953	1240.0059	0.0	1240.0059	1240.0059	366.0	3201.4924	0.0	3201.4924	3201.4924	1000.0	265.16293	66.84876	321.38565	-28.433514	1.2724496	0.99191374	2.6552758	30.53416	-10.83641	-267.22543	0.0918013	0.0007165868	0.092770755	0.0905587	-0.019238558	0.80621	0.75233424	8.835441	8.940697e-08	320.54184	17.653296	337.73465	250.22534	320.60532	16.508066	334.7985	258.3249	304.5548	16.928988	318.94476	239.55829	-16.050518	2.4581406	-8.94416	-22.483099	16.050518	2.4581406	22.483099	8.94416	-0.05026755	0.008759111	-0.027752964	-0.08097526	263.66162	77.03865	505.48978	79.998	0.8268479	0.25862032	1.7427566	0.24822697
49	49999	4270.445585489273	2292.391	913.4739	3205.865	1378.9172	703.5	3188.8604	0.0	3188.8604	3188.8604	1000.0	265.69742	66.9007	321.7888	-27.247343	1.2380393	0.99552774	2.6524224	29.846203	-11.860753	-267.69894	0.09106694	0.00029172297	0.09168853	0.090576194	-0.010654227	0.80153525	0.7481824	8.475671	3.1292439e-07	319.98328	15.824606	337.8081	253.00317	320.5434	15.095072	333.508	258.34387	304.84848	16.276373	319.90176	239.35974	-15.694913	2.5545866	-8.322752	-20.949139	15.694913	2.5545866	20.949139	8.322752	-0.049254075	0.0095401425	-0.026048636	-0.08015074	252.85619	78.46208	438.8664	69.2682	0.7963242	0.2719458	1.6729758	0.21679632
50	50999	4366.124762296677	2280.6702	0.0	2280.6702	2280.6702	675.0	3250.152	0.0	3250.152	3250.152	1000.0	266.16275	66.95225	322.58258	-20.252674	1.2119794	0.9936825	2.6432538	29.771538	-11.771263	-268.15482	0.09006792	0.00025810854	0.090698525	0.089579105	-0.01513915	0.8003655	0.7479322	8.045285	1.296401e-06	325.61804	18.86963	345.243	254.31985	317.67734	17.784313	335.7596	258.02228	300.40503	15.62738	318.33542	240.0194	-17.272354	6.080659	6.5236583	-27.058762	17.485996	5.4358587	27.058762	0.014924582	-0.053989578	0.018947203	0.022281526	-0.08605104	335.3087	159.94385	732.17664	0.00022274315	1.0460601	0.4914116	2.2030873	8.149054e-07
51	51999	4461.762268304825	3189.8633	0.0	3189.8633	3189.8633	1000.0	3227.7275	0.0	3227.7275	3227.7275	1000.0	267.079	66.650925	322.4995	-18.440216	1.2188234	0.9910049	2.646318	30.972294	-13.099283	-269.06293	0.08929567	0.0003776848	0.09005857	0.08852925	-0.021666028	0.7995122	0.75113547	9.720572	2.3841858e-06	323.77463	17.918875	345.66287	252.91379	324.25012	17.13094	342.5993	259.01093	305.60638	17.147947	320.0834	239.64532	-18.643738	3.2006302	-11.3342705	-26.319473	18.643738	3.2006302	26.319473	11.3342705	-0.05764427	0.010298045	-0.03466481	-0.084800564	357.83295	121.157166	692.7147	128.46568	1.1055046	0.37400123	2.0501966	0.3929003
52	52999	4557.493046283722	3218.2937	0.0	3218.2937	3218.2937	973.0	3187.865	0.0	3187.865	3187.865	1000.0	267.77164	66.29289	322.5068	-24.947397	1.2852147	1.008956	2.6371758	28.704159	-10.375035	-269.65598	0.088802636	0.0004754679	0.08972773	0.087930456	0.021703593	0.8026675	0.7546627	9.199131	8.046627e-07	322.9954	16.818493	338.56638	253.04149	321.60876	15.042551	335.2421	259.31192	305.58475	16.600956	318.71423	240.42416	-16.024036	2.85844	-8.908553	-25.163649	16.024036	2.85844	25.163649	8.908553	-0.050170805	0.010856293	-0.027242722	-0.08986939	264.94043	97.582954	633.2092	79.36231	0.8339491	0.3452949	2.2614417	0.24269323
53	53999	4652.828373193741	3199.473	0.0	3199.473	3199.473	1000.0	3214.8435	0.0	3214.8435	3214.8435	1000.0	268.6211	65.89802	322.49966	-19.16588	1.2072998	0.9702038	2.6300435	28.656942	-11.779572	-270.4738	0.08825781	0.0014738635	0.09024992	0.0854632	-0.072481714	0.7987861	0.7502821	8.2837925	1.6242266e-06	325.8691	18.980465	346.2734	252.65192	319.2401	16.040707	337.53418	257.42395	301.29272	15.464219	316.97028	239.43736	-17.947395	7.9380436	3.114682	-37.09861	18.068527	7.6583223	37.09861	0.01949248	-0.055983037	0.024128037	0.010150576	-0.11035258	385.12158	289.40976	1376.307	0.00037995682	1.194561	0.86986446	4.093928	1.2086932e-06
54	54999	4748.507989406586	3220.5735	0.0	3220.5735	3220.5735	1000.0	3189.4585	0.0	3189.4585	3189.4585	1000.0	269.7309	65.63535	323.10733	-20.585262	1.2446747	0.99203163	2.6218848	28.79329	-10.450102	-271.5901	0.08534469	0.000660322	0.086476184	0.08404387	-0.01957719	0.79440904	0.74745697	10.864939	1.1082739e-06	320.54803	16.633823	335.1723	252.23242	318.9395	15.754601	332.98804	256.68463	305.65927	16.40268	319.75757	239.93826	-13.280221	2.1417568	-7.7553716	-18.421743	13.280221	2.1417568	18.421743	7.7553716	-0.041850086	0.007879502	-0.023877237	-0.06937972	180.9514	57.33202	339.3606	60.145786	0.5717072	0.19698997	1.2664727	0.18517685
55	55999	4844.488520622253	3205.5945	0.0	3205.5945	3205.5945	1000.0	3208.5513	0.0	3208.5513	3208.5513	1000.0	271.47296	64.9196	323.891	-25.637865	1.1780607	0.97360736	2.6128378	28.698895	-11.845655	-273.2374	0.08274951	0.001286289	0.08462072	0.08088874	-0.065734126	0.7952388	0.7472643	8.901988	1.1771917e-06	320.85712	16.467445	337.71747	252.85754	320.72537	15.900644	335.5722	258.59387	305.72858	16.574402	322.0697	240.33069	-14.996776	2.3047323	-8.985465	-20.335045	14.996776	2.3047323	20.335045	8.985465	-0.046985373	0.008411652	-0.027954163	-0.07465119	230.21509	68.51796	413.51407	80.73857	0.7228368	0.23217702	1.4514033	0.25118113
56	56999	4939.426959276199	2138.225	1107.3488	3245.574	1030.8765	653.0	2687.0063	0.0	2687.0063	2687.0063	786.0	272.29218	64.83711	324.32132	-15.785181	1.1839778	0.998463	2.6633105	29.277035	-10.845186	-274.15433	0.08073497	0.00033692108	0.08146093	0.08014713	-0.0038128654	0.8046187	0.75447625	8.330003	1.3113022e-06	271.76392	68.88468	337.07596	4.6870623	256.14264	65.23835	314.7292	4.6870623	262.6738	63.38402	316.73785	9.622228	6.53119	9.803662	32.433678	-14.891858	9.315492	7.2103977	32.433678	0.010245871	0.03719924	0.07711125	0.67168975	-0.063427985	138.76822	190.07999	1051.9434	0.00010497788	0.7743593	1.7539624	20.898676	3.418994e-07
57	57999	5034.474196195602	1771.8491	0.0	1771.8491	1771.8491	531.0	3284.7788	0.0	3284.7788	3284.7788	1000.0	272.21664	65.11112	324.83368	-36.493748	1.2890185	0.993238	2.647352	30.916622	-10.684179	-273.98947	0.08039932	0.0001870962	0.08070455	0.07985176	-0.017012527	0.80143905	0.7536927	8.661064	1.7136335e-07	294.22647	77.616745	343.90054	1.9912035	284.4939	77.01595	337.0042	1.9912035	287.49768	49.660034	322.3852	5.2871037	3.0037572	49.692448	289.7931	-20.314024	23.102009	44.098286	289.7931	0.23139858	0.38834438	2.5298223	28.97931	-0.07265665	2478.3618	11229.543	83980.04	0.053545304	102.0148	681.7441	8398.004	0.00020668861
58	58999	5128.913913965225	3234.7996	0.0	3234.7996	3234.7996	1000.0	1156.073	0.0	1156.073	1156.073	342.0	272.79578	65.251564	325.25247	-25.212183	1.3077468	0.9941688	2.6371975	31.119701	-13.6291275	-274.57233	0.079178296	0.00038030848	0.07984824	0.07831296	-0.01470743	0.7945345	0.75002307	8.373406	2.1457672e-06	281.06766	67.59258	339.17343	4.427451	270.08826	64.22712	325.4608	4.427451	268.11725	64.88157	318.62543	6.475519	-1.9710517	8.114099	24.949572	-16.887682	6.809687	4.832369	24.949572	0.02231555	-0.0047183638	0.065210275	1.1196653	-0.17086628	69.72364	86.63929	622.4811	0.00049798377	0.29482716	0.64519626	12.536504	1.6066258e-06
59	59999	5224.632628917694	3243.2183	0.0	3243.2183	3243.2183	1000.0	3217.5894	0.0	3217.5894	3217.5894	1000.0	273.70135	64.72809	325.3949	-26.60596	1.2025896	1.0057893	2.6349392	28.645096	-11.250756	-275.4132	0.07905142	0.00038040653	0.07991701	0.07848483	0.01471786	0.79565966	0.7494081	8.859617	1.5143305e-06	320.4968	17.821894	337.86224	247.3396	317.91107	16.354298	332.8433	253.46179	306.77136	17.41284	323.14584	240.15628	-11.139719	2.8372428	-4.6684713	-19.538597	11.139719	2.8372428	19.538597	4.6684713	-0.035308104	0.01023643	-0.01538841	-0.07482181	132.14328	67.25464	381.75677	21.794626	0.42153686	0.23533618	1.4619131	0.07184035
60	60999	5319.441467523575	3214.578	0.0	3214.578	3214.578	1000.0	3039.438	0.0	3039.438	3039.438	904.0	274.90958	64.256195	325.5897	-21.425001	1.179175	0.97477233	2.6338935	29.325714	-12.079427	-276.61255	0.07851727	0.0008876366	0.08007659	0.07665438	-0.06423202	0.79337925	0.7451176	9.877107	2.1457672e-06	306.6463	54.741158	345.30597	8.718443	293.2575	53.169384	331.8593	8.638861	290.01904	46.88053	318.45306	20.128843	-3.2384167	13.521659	38.139473	-22.399168	12.227692	6.618623	38.139473	0.07928198	0.0018843197	0.09050746	1.1489983	-0.069263436	193.32259	200.08488	1454.6194	0.0062856325	0.8252578	1.3078592	13.20197	2.003141e-05
61	61999	5414.798027515411	2850.1348	401.07434	3251.2092	2449.0605	861.5	3246.8896	0.0	3246.8896	3246.8896	1000.0	275.7597	64.20298	326.75583	-21.73307	1.1801655	0.99534404	2.6638398	27.80466	-11.647438	-277.43542	0.07616124	0.00026234193	0.07675723	0.07571774	-0.011923983	0.79714876	0.7464805	8.96647	5.036127e-07	311.24612	41.699017	342.79553	88.14376	304.40912	42.98214	338.5467	82.37775	296.9421	37.59619	324.45023	96.38266	-7.466968	10.558831	25.909979	-20.124891	12.035593	4.7317033	25.909979	0.039926283	-0.020496612	0.040658947	0.17020644	-0.07547693	167.24452	107.2661	671.327	0.001594108	0.565311	0.40387118	2.4765992	5.3248864e-06
62	62999	5509.794294118881	3358.6196	0.0	3358.6196	3358.6196	991.0	3239.9778	0.0	3239.9778	3239.9778	1000.0	276.40417	64.081024	326.4659	-24.24061	1.1139973	1.0205021	2.6692955	32.38875	-10.540777	-278.103	0.07709531	0.00065005367	0.07859582	0.075966164	0.052542955	0.79357105	0.7489477	12.360081	2.9802322e-08	296.77036	69.800224	345.32828	2.0313044	284.76862	68.176254	337.03082	2.0313044	291.32678	38.463387	323.36514	84.243835	6.5581827	49.745174	291.87912	-18.71468	18.864447	46.494358	291.87912	0.027259419	0.39203387	2.6000526	29.187912	-0.062985145	2517.5923	11643.558	85193.42	0.0007430759	104.302826	725.82794	8519.343	2.3551934e-06
63	63999	5604.63742017746	2813.5273	0.0	2813.5273	2813.5273	842.0	3270.1968	0.0	3270.1968	3270.1968	1000.0	276.53583	63.902687	326.082	-23.825441	1.21676	0.9844145	2.6443753	30.040949	-11.680738	-278.16742	0.07795938	0.0005973404	0.079044975	0.07671389	-0.03977991	0.79469794	0.74534154	9.213189	1.4360994e-06	300.39758	45.984386	343.6264	93.691185	286.17346	45.17055	327.43445	81.95423	284.2925	43.814816	320.90707	89.340164	-1.8809351	7.38183	17.539125	-16.479187	6.3770123	4.166899	17.539125	4.521773e-05	-0.0048510563	0.027975231	0.10427908	-0.063649185	58.02934	61.85251	307.6209	2.0446431e-09	0.20965475	0.23301621	1.51666	6.6630633e-12
64	64999	5700.70348906517	2178.6614	0.0	2178.6614	2178.6614	651.0	3145.0881	0.0	3145.0881	3145.0881	1000.0	276.49557	64.34416	326.48212	-20.940077	1.3128797	0.9837477	2.6681836	28.610277	-10.33398	-278.16626	0.07571976	0.00062967086	0.07670921	0.07460006	-0.041894738	0.79700893	0.7478325	9.178059	2.682209e-07	315.72382	15.978893	330.94858	248.25133	321.0153	16.221989	335.69455	254.06781	309.35764	17.690075	324.821	240.81027	-11.657644	3.370033	-1.6829077	-22.152885	11.657644	3.370033	22.152885	1.6829077	-0.036635973	0.011889136	-0.0052148104	-0.08187743	147.25778	82.484795	490.75037	2.8321784	0.4662506	0.28556463	1.759304	0.0087760445
65	65999	5796.219167947769	3097.4487	0.0	3097.4487	3097.4487	925.0	3234.8962	0.0	3234.8962	3234.8962	1000.0	276.7921	64.06282	326.5554	-29.815321	1.23174	0.99430877	2.6516807	28.824173	-10.560789	-278.35364	0.074266575	0.00026035157	0.074948825	0.073824205	-0.014739208	0.8000718	0.7475614	7.624139	1.3709068e-06	307.43506	48.84505	341.10422	5.0364504	300.17758	50.559467	337.1729	5.0364504	294.9346	45.252594	322.5534	18.055275	-5.242989	11.248369	33.974503	-19.55342	11.245299	5.249571	33.974503	0.14410168	-0.007282022	0.0873986	1.5850748	-0.07371223	154.01472	139.72336	1154.2668	0.020765295	0.6280546	1.2194278	25.12462	7.5706805e-05
66	66999	5892.045864343643	3208.6772	0.0	3208.6772	3208.6772	1000.0	3239.4626	0.0	3239.4626	3239.4626	1000.0	277.44058	63.747494	327.09955	-25.76151	1.1561738	1.0070982	2.6823428	29.141792	-12.544871	-278.99728	0.07433142	0.00035070893	0.0748478	0.073627986	0.018492065	0.80316454	0.7532339	8.502231	5.364418e-07	325.6368	19.163801	344.88727	250.41545	323.20013	17.4946	339.39084	256.66507	310.20483	18.203264	325.63043	241.57166	-12.995288	2.626778	-7.244989	-22.268251	12.995288	2.626778	22.268251	7.244989	-0.04044746	0.009363706	-0.022229917	-0.08184431	175.77747	73.142914	495.87506	52.489864	0.549137	0.25016654	1.7624084	0.16449149
67	67999	5987.960588693619	3222.7117	0.0	3222.7117	3222.7117	1000.0	3188.062	0.0	3188.062	3188.062	1000.0	278.01306	63.357513	326.5855	-20.3721	1.2350733	0.98925555	2.6735356	30.567753	-10.8407135	-279.5939	0.074795134	0.00086951227	0.076141365	0.07332838	-0.027882824	0.80175626	0.75225246	8.2732725	3.0696392e-06	319.17	17.278292	338.13477	249.58601	318.32263	16.697247	336.61432	254.38998	308.59155	17.794231	326.12988	240.4978	-9.73109	2.9677567	-2.5581903	-16.233517	9.73109	2.9677567	16.233517	2.5581903	-0.030838031	0.0103206	-0.0080597075	-0.06273497	103.50169	56.080433	263.52707	6.5443377	0.32992795	0.19093186	1.0100602	0.020618265
68	68999	6083.4881892204285	3239.7449	0.0	3239.7449	3239.7449	1000.0	3212.167	0.0	3212.167	3212.167	1000.0	278.85394	62.894516	326.74094	-25.764097	1.1709753	0.9905961	2.707006	28.778282	-15.11496	-280.3974	0.07370183	0.00037950568	0.07422577	0.072498955	-0.024556238	0.80458206	0.7578913	8.26874	4.8428774e-07	328.37564	18.044422	345.28232	255.48663	319.29333	17.931103	335.4282	252.88506	305.8104	17.368784	322.5551	239.95747	-13.4829445	3.8430517	-5.8517046	-25.76004	13.4829445	3.8430517	25.76004	5.8517046	-0.042202204	0.011539596	-0.018207034	-0.07979079	196.55884	119.370255	663.57965	34.242447	0.6123042	0.3603048	2.0554142	0.106542185
69	69999	6178.783455610275	3191.5522	0.0	3191.5522	3191.5522	1000.0	3258.6016	0.0	3258.6016	3258.6016	1000.0	279.70786	62.81661	327.48917	-34.73511	1.1596223	0.9978256	2.6908183	32.209106	-10.507359	-281.24332	0.07209458	0.00039454346	0.07281471	0.07111612	-0.0056402483	0.8010534	0.75515515	8.162485	3.0696392e-06	330.27322	17.175451	346.83234	257.45306	323.25812	16.906385	339.02856	254.80504	306.58847	16.811438	322.54926	241.36484	-16.669598	4.1056695	-6.0628858	-32.073715	16.669598	4.1056695	32.073715	6.0628858	-0.051626347	0.012542258	-0.021053199	-0.0947835	294.73203	155.51317	1028.7233	36.758583	0.91060036	0.46831495	3.040059	0.12764314
70	70999	6274.731315135956	2241.8623	973.64355	3215.5059	1268.2188	686.5	3250.6516	0.0	3250.6516	3250.6516	1000.0	280.34937	62.679173	327.37906	-15.933614	1.1932596	0.9931362	2.6737285	32.662415	-11.118092	-281.8038	0.07163578	0.00030600931	0.072381005	0.071181566	-0.018025892	0.7987381	0.7521606	9.783872	2.9802322e-07	324.9368	17.3688	342.57843	252.82927	322.55408	16.159014	336.9452	258.48532	309.68506	17.513624	325.41486	241.42805	-12.868984	2.766858	-6.1331697	-19.26618	12.868984	2.766858	19.26618	6.1331697	-0.040220615	0.010120103	-0.019220196	-0.07266973	173.26625	71.49795	371.1857	37.61577	0.5446692	0.24761456	1.3748659	0.11788072
71	71999	6370.531986713409	3245.1853	0.0	3245.1853	3245.1853	1000.0	3228.7236	0.0	3228.7236	3228.7236	1000.0	280.84067	62.734905	327.934	-19.503185	1.0574509	0.99150676	2.67561	31.87658	-12.259201	-282.31094	0.070879586	0.00034604926	0.0715614	0.07005406	-0.022396393	0.7974149	0.7502099	8.643564	7.748604e-07	324.09717	19.136002	340.86963	250.04417	323.36255	18.58526	338.57004	253.44415	309.98843	18.009226	325.0689	241.73657	-13.374163	2.4333522	-7.105965	-19.338135	13.374163	2.4333522	19.338135	7.105965	-0.041374154	0.007147671	-0.02156416	-0.05894555	184.78943	66.1086	373.96344	50.49474	0.5697283	0.19531447	1.1352981	0.15323417
72	72999	6466.4984583854675	3219.6138	0.0	3219.6138	3219.6138	1000.0	3212.8218	0.0	3212.8218	3212.8218	1000.0	281.3278	62.713116	328.02682	-19.612669	1.0500499	0.9899284	2.706276	30.982697	-12.032814	-282.7743	0.070399635	0.00028538582	0.07090069	0.06949411	-0.026725246	0.7995751	0.7516829	9.398396	3.4570694e-06	323.23938	17.109886	337.19617	250.91406	324.33865	17.440384	339.05792	255.078	310.4365	18.236647	324.58636	240.55258	-13.902168	2.625291	-8.274355	-21.313612	13.902168	2.625291	21.313612	8.274355	-0.043124165	0.0093682045	-0.025249159	-0.08124214	200.16243	75.82122	454.27008	68.46495	0.62290734	0.2559009	1.7281109	0.20892051
73	73999	6561.50009894371	3223.407	0.0	3223.407	3223.407	1000.0	1364.4565	0.0	1364.4565	1364.4565	402.0	281.7996	62.59156	327.9743	-55.68574	1.0970693	1.0022044	2.6755419	35.719704	-10.939221	-283.2255	0.06904426	0.00046802734	0.069879174	0.06814645	0.0059583723	0.79822576	0.75091964	10.201386	1.3411045e-06	280.33737	58.018692	330.67444	35.266357	264.37885	57.035645	316.0755	29.200539	270.24475	53.662308	319.71796	45.117653	5.8659344	8.260436	24.866438	-12.893431	8.562829	5.4149747	24.866438	0.044422656	0.03215568	0.061121047	0.5451725	-0.050415527	102.64399	110.253624	618.3397	0.0019733724	0.5655471	1.095217	9.743737	7.752861e-06
74	74999	6656.652182340622	2966.3103	0.0	2966.3103	2966.3103	885.0	3222.4556	0.0	3222.4556	3222.4556	1000.0	282.81607	61.96418	328.5414	-34.254013	1.0381159	0.95985556	2.6442254	31.127548	-10.225267	-284.19824	0.067415096	0.0014037443	0.069535896	0.06526522	-0.10817528	0.78912926	0.7421222	8.448402	6.109476e-06	307.31073	54.313095	346.7407	4.891893	299.69742	54.399445	337.75723	4.891893	291.61618	51.259075	322.95306	6.993161	-8.081255	8.813267	23.039627	-18.134668	11.023939	4.631752	23.039627	0.008362279	-0.024187079	0.031876177	0.21012685	-0.073339805	142.98035	88.25019	530.8244	6.992771e-05	0.45948133	0.2813548	1.7881004	2.2425603e-07
75	75999	6751.93430519104	3226.3704	0.0	3226.3704	3226.3704	1000.0	3278.962	0.0	3278.962	3278.962	1000.0	282.92264	62.278374	329.5382	-23.068758	1.028471	1.0058278	2.6895592	35.052773	-10.469416	-284.36224	0.06552186	0.00048520343	0.06626571	0.06463833	0.015942615	0.7916373	0.74655163	9.924001	3.516674e-06	312.81952	27.786192	341.10275	206.21078	299.16122	26.458776	329.42	195.3718	295.7282	26.841034	321.26697	185.29915	-3.433002	5.543052	12.048301	-12.928649	5.5447316	3.4302888	12.928649	0.0006123802	-0.011577792	0.01927499	0.040875666	-0.05285894	42.51093	42.51519	167.14996	3.7500953e-07	0.14562544	0.14753921	0.60706407	1.2089724e-09
76	76999	6846.258989334106	3218.473	0.0	3218.473	3218.473	1000.0	1410.4424	0.0	1410.4424	1410.4424	415.0	283.94226	61.812817	329.33026	-23.997627	1.1062951	0.98865587	2.6828513	32.517822	-10.077252	-285.29324	0.06611764	0.0005069164	0.066923745	0.06483958	-0.030871585	0.7926277	0.7493333	9.835051	4.917383e-07	272.6462	71.40366	336.9106	4.3953457	256.24875	68.22025	318.24176	4.3953457	261.63696	68.71989	319.49292	8.634932	5.3882475	9.036271	37.4717	-12.310807	8.164151	6.635813	37.4717	0.000619621	0.025320996	0.04861659	0.6800499	-0.07550939	110.687386	172.9205	1404.1282	3.839302e-07	0.45463422	0.67938954	4.986683	1.2978164e-09
77	77999	6942.534722566605	3244.398	0.0	3244.398	3244.398	1000.0	3245.0125	0.0	3245.0125	3245.0125	1000.0	284.31418	62.36868	329.7767	-19.92206	1.0776919	0.99949884	2.7030578	28.69058	-10.176978	-285.73068	0.06486983	0.00018671411	0.065190345	0.06437825	-0.0013306671	0.7968583	0.75070226	8.329251	2.8312206e-07	329.92484	17.545872	343.97635	257.6744	321.6948	16.363382	336.79565	255.46024	307.51566	16.625595	322.94537	242.20505	-14.179122	3.4698749	-6.4468565	-29.393478	14.179122	3.4698749	29.393478	6.4468565	-0.044196907	0.010976215	-0.01969101	-0.090600684	213.08752	104.14154	863.97656	41.561962	0.6635702	0.32112476	2.6630692	0.12694512
78	78999	7037.1792278289795	2341.4138	919.7757	3261.1895	1421.6381	710.5	3281.6863	0.0	3281.6863	3281.6863	1000.0	285.3882	61.740883	329.9759	-26.270002	1.1074995	0.98820436	2.6731846	32.02489	-9.6910925	-286.76056	0.06375109	0.00041540954	0.064682916	0.063190445	-0.032335017	0.786395	0.74349433	10.788782	2.3841858e-07	287.5948	67.66574	339.21368	4.8143	271.30832	65.58927	330.1561	4.8143	276.12106	62.33555	325.20825	9.9791975	4.8126917	11.236568	31.86033	-16.448038	10.091738	6.897775	31.86033	0.021742346	0.029872019	0.07465327	0.72801113	-0.053829838	149.42247	179.28111	1015.0807	0.00047272956	0.73553866	1.3531358	14.641658	2.1282603e-06
79	79999	7132.8580327034	1432.8402	106.91565	1539.7559	1325.9246	418.5	2830.8523	0.0	2830.8523	2830.8523	832.0	285.0216	62.17654	329.74728	-20.588593	0.9788952	1.0052246	2.6543481	31.11219	-10.369735	-286.33246	0.06328422	0.0003865447	0.0641654	0.06249754	0.01446331	0.7846072	0.741658	9.103106	7.301569e-07	312.6832	39.86669	341.35638	100.247284	305.31186	41.034843	336.3163	90.17788	298.33926	39.353107	324.7068	89.867775	-6.9726295	8.860901	25.52064	-19.21784	10.497466	4.1153784	25.52064	0.18506204	-0.022091368	0.02977232	0.09172537	-0.07321094	127.133125	89.13548	651.3031	0.03424796	0.4151853	0.3063367	2.3408902	0.000107707216
80	80999	7227.824517726898	2920.4666	0.0	2920.4666	2920.4666	858.0	3268.0098	0.0	3268.0098	3268.0098	1000.0	284.78342	61.90488	329.63455	-20.26614	1.134583	1.020951	2.634104	30.472713	-12.879371	-286.07953	0.06516067	0.00044074908	0.06604968	0.06401371	0.057292122	0.7869417	0.7452213	9.297905	1.9818544e-06	286.01013	70.30149	345.3672	4.387411	271.96332	69.06324	332.66177	4.387411	270.92804	67.950836	325.75317	6.7769156	-1.0352762	8.89308	22.416018	-15.576669	7.8171644	4.364699	22.416018	0.017054316	-0.0014541423	0.044771537	0.462346	-0.13244033	80.15865	78.47595	502.47787	0.00029084968	0.3178252	0.33124933	2.9355893	9.5363276e-07
81	81999	7323.772768735886	3217.117	0.0	3217.117	3217.117	1000.0	3249.288	0.0	3249.288	3249.288	1000.0	284.79855	62.23299	329.10098	-24.68821	1.0903968	0.9926488	2.6320662	31.44953	-10.852957	-286.13882	0.06619177	0.00049827347	0.06729782	0.06529261	-0.01992731	0.78210366	0.7395251	10.112631	2.503395e-06	328.0548	16.312386	343.34186	257.30856	324.8296	16.702162	342.04892	258.55258	311.6213	17.411415	327.81625	242.7731	-13.20829	3.0511024	-4.699825	-19.298298	13.20829	3.0511024	19.298298	4.699825	-0.0408747	0.010215397	-0.01459659	-0.06877072	183.76819	78.84872	372.42432	22.088354	0.5698904	0.2540059	1.2453209	0.068601415
82	82999	7418.42222905159	1806.1205	630.67053	2436.791	1175.45	534.5	3241.4387	0.0	3241.4387	3241.4387	1000.0	284.8658	61.888798	329.2236	-22.398556	1.0199265	0.9983408	2.6373959	30.770615	-10.640667	-286.1212	0.06486996	0.00049469864	0.0656688	0.063823104	-0.004463749	0.77600324	0.73943096	10.208976	1.4901161e-07	315.12054	33.056614	343.21222	138.74728	304.1412	35.480595	334.66403	123.86698	299.84863	35.00971	326.61682	123.351	-4.2925687	7.050885	15.671187	-17.920483	7.164323	4.10044	17.920483	0.023663092	-0.013972505	0.023440177	0.054720897	-0.059548248	68.14113	61.220913	321.1437	0.0005599419	0.223687	0.2045469	1.0671333	1.7915465e-06
83	83999	7514.187483549118	3232.3213	0.0	3232.3213	3232.3213	1000.0	3224.1394	0.0	3224.1394	3224.1394	1000.0	285.26865	61.825096	329.70877	-26.666372	1.0227361	0.9808578	2.6396544	31.360273	-11.981784	-286.53836	0.06455533	0.00046890628	0.06529587	0.06337433	-0.052447185	0.78200096	0.73664623	9.86496	2.1792948e-07	325.79233	17.289532	343.69022	253.20857	320.7139	16.969448	339.07928	254.73204	311.0296	17.7905	326.43195	241.9885	-9.6842785	2.8587236	-2.8985214	-16.96049	9.6842785	2.8587236	16.96049	2.8985214	-0.03041748	0.009788877	-0.009063656	-0.06244938	101.95755	56.49541	287.65823	8.401426	0.3217719	0.18890639	1.059172	0.0262712
84	84999	7609.349579572678	3251.0981	0.0	3251.0981	3251.0981	1000.0	3270.8728	0.0	3270.8728	3270.8728	1000.0	285.87766	61.572254	329.51663	-24.640303	0.9987761	0.9986799	2.6100235	32.37728	-10.111527	-287.07825	0.06300971	0.0001502382	0.06344969	0.06268789	-0.0035741858	0.7771381	0.7344231	10.204348	3.1143427e-06	324.28403	18.891882	346.70065	257.07928	309.82993	18.91064	335.40964	253.51073	305.01855	17.385466	323.98065	243.17593	-4.8114	6.787549	18.123297	-21.493114	7.0997257	4.3375444	21.493114	0.012935035	-0.015077652	0.022259407	0.06671782	-0.06409535	69.2204	70.6097	461.954	0.00016731513	0.22302102	0.22536102	1.3776088	5.52208e-07
85	85999	7704.208713293076	3247.879	0.0	3247.879	3247.879	1000.0	1185.5503	0.0	1185.5503	1185.5503	352.0	286.47784	61.166416	329.59833	-23.119812	1.0885441	0.9983971	2.6105227	31.621973	-11.700562	-287.70892	0.06312446	0.00032700785	0.063867286	0.062532105	-0.004367378	0.78117806	0.73446137	10.0431795	6.0796738e-06	272.45386	72.53853	339.78555	4.616754	254.57971	69.06963	325.10892	4.616754	270.03085	71.02067	322.76843	10.927146	15.451136	20.463043	82.33059	-43.698788	18.568096	17.683311	82.33059	0.008144584	0.072839916	0.1084328	0.80393744	-0.2559171	657.4737	1117.4033	6778.3257	6.6334236e-05	2.8758912	5.036942	32.805237	2.0946294e-07
86	86999	7799.6497094631195	2262.0437	1080.4956	3342.5393	1181.548	675.5	3239.2646	0.0	3239.2646	3239.2646	1000.0	286.88577	61.195435	329.7267	-28.73151	1.131491	0.9886926	2.621736	29.864746	-10.93073	-288.1392	0.061744064	0.0005385011	0.06310931	0.06107733	-0.03128693	0.7731036	0.7278792	8.453642	9.0152025e-07	314.03412	33.35575	338.12326	137.7643	304.83713	38.1468	334.04062	119.76145	300.77518	34.104084	326.88275	124.97987	-4.061951	9.0408	27.126879	-16.552187	9.083694	3.9651003	27.126879	0.06373578	-0.010888423	0.03245714	0.10349786	-0.062157653	98.23552	87.91046	735.8675	0.00406225	0.33408004	0.3220455	2.650028	1.3660829e-05
87	87999	7895.078104257584	1878.1158	0.0	1878.1158	1878.1158	557.0	3261.131	0.0	3261.131	3261.131	1000.0	286.69754	61.20075	329.52557	-23.79247	1.054905	1.0256872	2.6033707	30.345642	-10.108978	-287.8784	0.06345386	0.0009433116	0.06462943	0.061876316	0.070976034	0.77198285	0.7328232	9.843654	1.3113022e-06	308.0974	55.549046	345.30032	4.801846	294.99997	56.168484	333.03967	4.801846	291.93777	53.45952	325.79776	6.046295	-3.0621984	10.151985	34.007534	-16.55071	8.99552	5.614311	34.007534	0.011276234	-0.006377727	0.03874041	0.17954403	-0.06342519	112.43986	155.20943	1156.5122	0.00012715346	0.38836253	0.550991	4.0549774	3.9466323e-07
88	88999	7990.7832045555115	1732.2572	0.0	1732.2572	1732.2572	511.0	3198.4426	0.0	3198.4426	3198.4426	1000.0	286.21707	61.639446	329.72827	-22.072174	1.082659	1.0003905	2.5947812	29.944416	-9.2858515	-287.46317	0.06499442	0.00044205983	0.065793164	0.06435027	0.0011330051	0.7704408	0.7323156	8.484464	1.1771917e-06	320.45328	16.432554	339.61362	253.34987	320.06256	16.062265	336.93408	258.63284	312.86624	17.810946	327.09985	242.4566	-7.1963015	6.5327783	19.414473	-18.073563	8.97209	3.7370496	19.414473	0.0066888193	-0.022675458	0.021445505	0.06418725	-0.0673891	94.46394	67.714676	376.92178	4.4740304e-05	0.30250078	0.23541377	1.2461616	1.3838371e-07
89	89999	8086.386941194534	3228.2449	0.0	3228.2449	3228.2449	1000.0	3224.0566	0.0	3224.0566	3224.0566	1000.0	286.87238	60.87424	329.53952	-27.396057	1.0397613	0.97588235	2.5953245	34.689323	-11.202481	-288.03925	0.06337046	0.0005527716	0.06464072	0.06213486	-0.0664675	0.7673403	0.72471505	8.732437	1.3411045e-07	307.4932	54.665386	346.29575	4.823329	296.50363	54.19349	335.24115	4.823329	292.24173	52.99166	325.5122	4.7203074	-4.2619095	9.236406	27.88436	-20.10334	8.89139	4.941483	27.88436	0.011804429	-0.013988991	0.032344837	0.09476277	-0.1824949	103.47508	112.92378	777.53754	0.00013934454	0.343597	0.3783382	2.6423993	1.285177e-06
90	90999	8181.996852636337	3228.816	0.0	3228.816	3228.816	1000.0	3236.692	0.0	3236.692	3236.692	1000.0	287.43353	60.9068	329.83313	-30.527258	1.0016083	0.9816177	2.591121	32.435745	-11.03247	-288.5611	0.060898934	0.0006976471	0.062167577	0.05992607	-0.051282942	0.76865226	0.7240524	8.722685	9.536743e-07	326.25882	17.451466	342.07306	254.07126	320.2692	17.141296	337.17447	253.98204	311.4722	17.766582	327.3216	243.03123	-8.7970085	2.672849	-1.9213983	-17.423569	8.7970085	2.672849	17.423569	1.9213983	-0.027651524	0.009030123	-0.0059406054	-0.059087943	84.53147	48.08791	303.58072	3.6917715	0.26671544	0.15882428	0.93249327	0.011414269
91	91999	8277.637243509293	2279.8308	946.52155	3226.3523	1333.3092	694.5	3234.0432	0.0	3234.0432	3234.0432	1000.0	287.77472	60.681614	330.43033	-23.965477	0.9827455	1.0033677	2.6232805	32.678326	-13.07623	-288.9764	0.060759336	0.00016852662	0.061082896	0.06022268	0.009527354	0.77212775	0.73099893	8.524798	1.1026859e-06	325.72083	16.225636	342.24426	256.0231	321.88882	16.033987	337.59583	258.01102	312.7963	17.314728	328.92572	243.29224	-9.092494	2.9345558	-2.4406624	-19.6301	9.092494	2.9345558	19.6301	2.4406624	-0.02852331	0.010311089	-0.0076067927	-0.06105544	91.28509	56.284126	385.34085	5.956833	0.28897956	0.1940397	1.1658447	0.018565612
92	92999	8373.44906926155	3245.0708	0.0	3245.0708	3245.0708	1000.0	3254.8489	0.0	3254.8489	3254.8489	1000.0	287.67737	60.829712	330.2122	-24.396229	0.9856813	0.99576765	2.6058578	36.796555	-11.36456	-288.82138	0.060828082	0.00033191446	0.06157601	0.060208727	-0.01181443	0.774022	0.73345786	9.04536	2.3581088e-06	328.54196	17.151184	344.35526	257.4257	321.9654	16.606504	339.04266	257.20895	312.09177	17.329756	325.9485	242.85072	-9.873626	2.7952394	-3.1988888	-18.076317	9.873626	2.7952394	18.076317	3.1988888	-0.030864513	0.0094833365	-0.009853735	-0.061925065	105.30185	55.969276	326.7532	10.232889	0.33048782	0.18479607	1.053277	0.031521004
93	93999	8467.922592401505	3230.3127	0.0	3230.3127	3230.3127	1000.0	3228.16	0.0	3228.16	3228.16	1000.0	288.10022	60.334373	330.27576	-22.791658	1.0742728	0.9815136	2.6088006	31.491552	-12.6031885	-289.22842	0.05936459	0.0006247853	0.06028713	0.058230728	-0.05216938	0.7743769	0.7309	8.582562	8.940697e-08	328.10544	16.46613	344.7268	257.86145	323.4344	16.628216	338.56412	255.16791	312.83682	16.781729	327.61053	243.48404	-10.597552	2.7646992	-3.9036577	-19.47668	10.597552	2.7646992	19.47668	3.9036577	-0.032864816	0.008829069	-0.0125029655	-0.05811168	119.95168	59.1339	379.34113	15.238543	0.37192312	0.184377	1.1267488	0.048807297
94	94999	8563.341427564621	3241.3423	0.0	3241.3423	3241.3423	1000.0	3243.9883	0.0	3243.9883	3243.9883	1000.0	288.68884	60.074703	330.42953	-18.384321	0.9637933	0.9808905	2.604494	32.124977	-11.15307	-289.80792	0.056823503	0.0005359661	0.058400825	0.05630191	-0.054511458	0.7707822	0.7287356	8.906394	8.6426735e-07	307.56888	54.80646	344.84573	5.3125877	298.33688	55.691345	338.79062	5.3125877	291.88937	53.04012	323.99402	8.672613	-6.447534	8.870137	26.204283	-20.81413	9.893821	4.7288833	26.204283	0.013506638	-0.018657343	0.033876877	0.33600256	-0.06289104	120.25004	103.71588	686.6645	0.00018242928	0.38930017	0.3335745	2.339284	6.4643825e-07
95	95999	8659.345427513123	3249.882	0.0	3249.882	3249.882	1000.0	3228.7805	0.0	3228.7805	3228.7805	1000.0	289.05283	60.285522	331.07596	-21.561964	1.0300729	0.9835544	2.63313	32.022987	-11.660248	-290.17746	0.0557684	0.0005856505	0.05679652	0.054920148	-0.047375385	0.7717944	0.7300913	9.3605385	1.5422702e-06	325.7203	17.27603	341.32217	254.46812	323.092	17.509298	337.3986	256.35703	313.30612	17.45341	328.0693	243.02393	-9.785886	2.6112351	-3.7139792	-16.077065	9.785886	2.6112351	16.077065	3.7139792	-0.03035801	0.008240868	-0.0121061625	-0.052418478	102.58211	51.283962	258.47202	13.793641	0.31787992	0.15852416	0.7680234	0.044962037
96	96999	8755.451898813248	3272.942	0.0	3272.942	3272.942	1000.0	3232.1191	0.0	3232.1191	3232.1191	1000.0	289.91754	59.74691	330.8942	-28.455824	0.9485679	0.9877906	2.61617	32.92507	-10.872951	-291.04053	0.054524146	0.00034235726	0.0553605	0.053985298	-0.035452746	0.7696225	0.7266333	9.488668	4.976988e-06	324.95435	16.727858	341.15442	255.41629	322.4071	17.252821	338.40146	254.79005	313.526	17.58438	327.57855	242.87779	-8.881094	2.5105686	-3.1777434	-14.649977	8.881094	2.5105686	14.649977	3.1777434	-0.027678506	0.008287419	-0.010433735	-0.05458463	85.17677	44.633457	214.62181	10.098053	0.26597723	0.1437875	0.7716903	0.033155736
97	97999	8851.51163983345	3249.207	0.0	3249.207	3249.207	1000.0	3236.8184	0.0	3236.8184	3236.8184	1000.0	290.3837	59.55821	331.26233	-23.282162	0.96137273	0.9987992	2.621417	32.98313	-14.326688	-291.49448	0.054419246	0.00033930744	0.05508886	0.053850062	-0.0034468765	0.76870257	0.73043996	11.728072	2.3841858e-07	326.96918	17.145864	345.01733	253.93117	323.88937	17.790926	340.29727	253.16441	314.22305	17.879738	329.30487	243.20236	-9.66628	2.921005	0.81555724	-23.326136	9.667833	2.9158592	23.326136	0.14409578	-0.029931968	0.009388946	0.0027050793	-0.06999094	101.96922	56.511963	544.10864	0.020763593	0.31602597	0.17877078	1.6326182	6.869536e-05
98	98999	8947.349131822586	3241.0237	0.0	3241.0237	3241.0237	1000.0	3223.74	0.0	3223.74	3223.74	1000.0	290.79822	59.40774	331.21317	-26.421404	1.0245696	0.992536	2.6564355	34.157486	-10.531058	-291.87735	0.053470682	0.00017637697	0.054053765	0.053222258	-0.021783257	0.77061987	0.73501706	9.603533	7.4505806e-08	325.93607	17.185513	341.1143	255.25313	321.34863	16.878672	337.1589	254.27379	312.44577	17.38741	327.0868	243.12662	-8.902861	2.8867502	-1.2808834	-15.767619	8.902861	2.8867502	15.767619	1.2808834	-0.027852608	0.009437809	-0.003917558	-0.052231044	87.594246	52.022224	248.61781	1.6406622	0.2745826	0.16619904	0.7552092	0.005017935
99	99999	9043.218188285828	3250.3518	0.0	3250.3518	3250.3518	1000.0	3276.1814	0.0	3276.1814	3276.1814	1000.0	291.21768	59.316936	331.80875	-19.829868	1.0508543	1.0014069	2.6324675	31.741287	-11.38073	-292.30124	0.053603318	0.0003347947	0.054150403	0.05297965	0.0041836966	0.77399147	0.7348833	9.09671	1.296401e-06	330.7661	17.587954	345.0239	257.50055	325.11	17.170912	340.00146	258.71024	313.74304	17.876587	327.06506	243.1333	-11.366923	2.6516354	-5.3216786	-17.535583	11.366923	2.6516354	17.535583	5.3216786	-0.035180263	0.009098852	-0.016118381	-0.06564391	136.23813	61.003838	307.49667	28.320263	0.42307633	0.20108698	1.1511042	0.08577684
