Epoch	TotalEnvInteracts	Time	AverageEpRet	StdEpRet	MaxEpRet	MinEpRet	EpLen	AverageTestEpRet	StdTestEpRet	MaxTestEpRet	MinTestEpRet	TestEpLen	AverageQ1Vals	StdQ1Vals	MaxQ1Vals	MinQ1Vals	LossQ1	AverageLogPi	StdLogPi	MaxLogPi	MinLogPi	LossPi	AverageAlpha	StdAlpha	MaxAlpha	MinAlpha	LossAlpha	AveragePreTanh	StdPreTanh	MaxPreTanh	MinPreTanh
0	999	1.492873191833496	18.531794	9.892109	51.2227	6.696097	22.83721	47.272575	0.66995394	48.6391	46.31941	50.2	0.0	0.0	0.0	0.0	0.0	0.0	0.0	0.0	0.0	0.0	0.0	0.0	0.0	0.0	0.0	0.0	0.0	0.0	0.0
1	1999	1.879711389541626	20.151817	12.101919	65.203514	6.7891846	24.195122	47.272575	0.66995394	48.6391	46.31941	50.2	0.0	0.0	0.0	0.0	0.0	0.0	0.0	0.0	0.0	0.0	0.0	0.0	0.0	0.0	0.0	0.0	0.0	0.0	0.0
2	2999	2.2883315086364746	17.428719	10.798082	63.36147	5.468231	21.723404	47.385536	0.84493065	49.07926	46.138054	50.2	0.0	0.0	0.0	0.0	0.0	0.0	0.0	0.0	0.0	0.0	0.0	0.0	0.0	0.0	0.0	0.0	0.0	0.0	0.0
3	3999	2.7239973545074463	18.014074	11.071851	50.493156	5.792627	20.6875	47.49043	0.9026875	49.102757	46.253006	50.3	0.0	0.0	0.0	0.0	0.0	0.0	0.0	0.0	0.0	0.0	0.0	0.0	0.0	0.0	0.0	0.0	0.0	0.0	0.0
4	4999	3.2028892040252686	20.566559	16.361631	99.95171	5.1732616	23.32558	47.594963	0.88666356	49.293304	45.661358	50.5	0.0	0.0	0.0	0.0	0.0	0.0	0.0	0.0	0.0	0.0	0.0	0.0	0.0	0.0	0.0	0.0	0.0	0.0	0.0
5	5999	95.77103161811829	129.50018	47.50398	209.99675	10.283395	73.0	157.87901	1.075439	159.70003	155.71243	86.9	94.81669	54.446587	184.17729	-18.680502	7.113966	-0.7611209	1.8532329	12.309938	-10.278397	-101.19244	0.8833864	0.062422793	0.99970007	0.7787237	-0.19978066	0.8344121	0.6114036	4.8000307	3.5762787e-07
6	6999	193.10541415214539	224.73625	121.66482	384.3639	60.747814	166.0	1022.6544	0.46114418	1023.44904	1022.12146	1000.0	173.33394	50.35863	212.13394	-25.872131	14.124273	-0.41112405	2.2379994	15.355582	-10.471243	-182.54053	0.68455935	0.05244205	0.7785183	0.59665865	-0.5366128	0.85010517	0.6432509	5.6881924	2.592802e-06
7	7999	290.489141702652	1052.3666	0.0	1052.3666	1052.3666	1000.0	1026.4419	0.5106885	1027.4879	1025.7874	1000.0	174.33777	48.14976	212.75	-25.110952	8.596129	-0.3649212	2.291106	17.58557	-11.38696	-182.40741	0.5203489	0.0418796	0.5964816	0.45011067	-0.89501745	0.8380849	0.6467297	5.007354	1.7881393e-07
8	8999	388.31310081481934	621.9524	304.12735	926.0797	317.825	516.5	1052.9797	0.80814946	1054.7795	1051.9736	1000.0	160.14919	40.672787	200.08351	-25.08436	4.7435775	-0.48712912	2.3120759	20.067255	-9.391935	-166.5566	0.38708583	0.034547	0.44997638	0.3307279	-1.4173098	0.8258509	0.64311606	5.084156	2.9802322e-07
9	9999	486.047194480896	303.02353	38.067097	342.75388	249.32439	164.0	1040.9922	0.5221413	1041.7748	1040.1543	1000.0	143.6253	37.429195	180.38808	-17.10315	3.4420888	-0.48823285	2.3298037	21.574759	-10.552099	-148.78992	0.2851469	0.024947993	0.33062798	0.24487619	-1.8705515	0.8046368	0.636927	5.3620434	9.23872e-07
10	10999	580.1239035129547	502.1746	291.66333	1006.8426	322.0803	343.0	310.54437	1.4109066	313.0278	307.46185	149.1	137.17172	31.62025	164.19951	-24.857517	2.3930166	-0.2556503	2.3664045	23.23098	-10.850143	-141.69405	0.21387717	0.016368303	0.24480338	0.18826853	-1.9287678	0.82972956	0.6460738	5.8256125	2.1457672e-06
11	11999	674.2410297393799	287.48456	87.68711	330.61453	56.409115	125.25	319.4025	1.1455766	322.2436	317.78867	133.3	143.13475	33.76181	172.44856	-25.06633	2.8159745	0.10038168	2.4414015	25.551601	-10.347187	-147.51778	0.16826776	0.010892945	0.18822145	0.1504663	-1.5994838	0.84853256	0.66469437	6.1853933	5.9604645e-07
12	12999	767.6301262378693	311.2327	54.903877	383.08182	220.20656	142.28572	380.09708	1.5973839	382.05054	376.93466	182.9	142.44554	37.6228	174.73404	-14.189011	2.758615	0.33528164	2.508618	24.996544	-9.654911	-146.54065	0.1365256	0.008617537	0.15043136	0.121685505	-1.3272136	0.86253965	0.6761608	6.6933227	6.854534e-06
13	13999	862.4606399536133	340.3693	111.3579	560.2834	211.69066	159.5	592.3132	60.401432	692.36	535.9883	240.7	135.64389	35.503185	167.76276	-26.143736	2.1230245	0.3890002	2.5924296	26.454891	-10.893268	-139.30638	0.10862827	0.007421758	0.121657945	0.09633927	-1.3561503	0.86041766	0.6827579	6.6152472	2.861023e-06
14	14999	957.0916187763214	429.8598	53.694252	490.95416	354.93546	169.6	390.2494	1.3892586	392.34534	387.21628	160.0	140.43921	37.110313	201.25455	-24.476961	2.3166378	0.9211576	2.7207103	28.798033	-10.427742	-144.06227	0.092407346	0.0013818452	0.09632131	0.09106888	-0.18582028	0.89989275	0.71744937	6.75001	2.026558e-06
15	15999	1055.682963848114	467.0802	78.444496	563.7671	308.9114	176.33333	1492.0347	19.818117	1518.3259	1464.0902	1000.0	155.50833	43.24317	218.56024	-14.208972	2.492495	1.2367486	2.7574735	32.194664	-11.242385	-159.5285	0.10149759	0.005235031	0.11014573	0.0933561	0.54263884	0.9151703	0.7359002	7.175107	4.235655e-06
16	16999	1150.9236102104187	700.45074	278.26584	1160.274	438.27908	257.75	188.49149	1.2925861	190.42516	186.15439	90.2	163.94383	46.269802	228.87491	-21.468262	2.940337	1.0839269	2.8144553	31.162449	-10.971775	-167.89748	0.11279285	0.0015234689	0.11878459	0.11016322	0.18201585	0.9133089	0.769205	8.602541	5.9604645e-07
17	17999	1243.9101178646088	1234.4417	422.95447	1657.3961	811.4872	447.5	275.34958	1.8809181	277.4274	271.479	134.4	168.99997	48.474342	225.5393	-22.231508	2.5097392	1.0563481	2.8114274	32.438385	-11.0651	-172.87897	0.122863114	0.0021098459	0.12687384	0.11886145	0.11836491	0.91302127	0.7872274	8.992174	1.2218952e-06
18	18999	1340.4825990200043	1396.9907	0.0	1396.9907	1396.9907	565.0	2911.5269	21.375324	2938.255	2869.877	1000.0	176.42612	50.06862	244.51956	-23.618723	2.5922124	0.94570935	2.7258322	30.376461	-11.721215	-180.19739	0.12246133	0.0030305577	0.12661572	0.11781997	-0.11387302	0.8767849	0.74867177	8.037459	3.461726e-06
19	19999	1438.7632930278778	1732.2131	1039.646	2771.8591	692.56714	619.0	2219.1587	1073.0563	2932.8223	510.41672	768.8	185.77007	52.976017	256.40118	-30.13904	2.668334	1.1164268	2.7567568	28.121958	-11.902558	-189.50575	0.12794213	0.0061552175	0.13792692	0.118399635	0.23972486	0.8958876	0.77461714	9.771893	3.144145e-06
20	20999	1532.858124256134	2767.571	0.0	2767.571	2767.571	1000.0	283.57718	6.655405	300.25348	276.24228	127.4	193.38853	54.456127	263.6127	-20.317902	2.1639848	0.97600573	2.641321	30.18031	-9.984445	-197.05664	0.13589704	0.0017020076	0.13828255	0.1330121	-0.047853105	0.8666233	0.734241	8.742052	1.0579824e-06
21	21999	1626.2473888397217	2870.6746	0.0	2870.6746	2870.6746	1000.0	280.07913	4.493045	287.21286	272.45428	128.7	200.7394	56.517544	270.15	-25.625877	2.2257206	0.997267	2.6352458	34.567535	-10.980885	-204.42847	0.13320418	0.00037629736	0.1338355	0.13226585	-0.0054626386	0.852143	0.7323297	8.482041	5.9604645e-07
22	22999	1722.8836703300476	3005.481	0.0	3005.481	3005.481	1000.0	3052.645	2.1330564	3056.7263	3048.688	1000.0	206.95688	57.967747	278.57343	-20.04823	2.197008	0.9976454	2.6087217	29.90962	-11.310071	-210.50415	0.13140872	0.0008068581	0.13281912	0.12978642	-0.0046983757	0.84395754	0.73344344	8.313448	6.854534e-07
23	23999	1815.89555478096	1311.8834	0.0	1311.8834	1311.8834	444.0	870.09357	20.188889	902.6489	843.17523	297.0	211.59756	59.77468	284.2462	-23.301653	2.204284	1.019081	2.6137896	28.793316	-10.596639	-215.04385	0.1331622	0.0011869343	0.13634087	0.13138857	0.03835975	0.8423756	0.7374538	8.82568	1.5497208e-06
24	24999	1913.8596060276031	3107.5989	0.0	3107.5989	3107.5989	1000.0	3018.9219	0.9110952	3020.2314	3017.2231	1000.0	216.93799	61.017536	290.13193	-29.699224	2.045257	1.0069189	2.5710192	25.792635	-10.54445	-220.34697	0.1386431	0.0014028139	0.14047565	0.13592432	0.013805772	0.8299659	0.7244893	9.091574	1.1920929e-06
25	25999	2009.4274439811707	3073.4146	0.0	3073.4146	3073.4146	1000.0	1827.7418	306.94302	2567.1692	1406.319	567.3	223.68912	61.900017	295.45566	-34.240284	1.9686189	0.97085977	2.5583708	27.799309	-14.741821	-227.00807	0.13429666	0.0020244468	0.13791245	0.1311936	-0.058364447	0.80785847	0.7194892	9.656421	5.3346157e-06
26	26999	2107.333304166794	3104.1848	0.0	3104.1848	3104.1848	1000.0	3091.3945	265.12894	3255.3435	2523.7622	955.6	229.24712	62.39123	299.09576	-23.490704	2.1052303	0.9702758	2.542464	27.09455	-10.559585	-232.47508	0.12815836	0.002416349	0.13173647	0.1239659	-0.06096753	0.80062604	0.72173566	10.428967	2.3841858e-07
27	27999	2204.9307968616486	2889.651	284.38403	3174.035	2605.2668	905.0	2921.8147	2.8064833	2927.3796	2918.28	1000.0	233.4372	63.51825	303.40823	-28.420458	1.955491	1.0119109	2.539884	30.880054	-10.643662	-236.59262	0.12595022	0.0010690687	0.12816058	0.124330916	0.02471133	0.79561996	0.7282074	10.88749	8.940697e-07
28	28999	2299.973285675049	2217.6448	0.0	2217.6448	2217.6448	691.0	1135.0575	27.233944	1180.4542	1105.1534	359.4	236.03947	64.46865	305.68234	-29.884539	1.982535	1.0029407	2.5481544	26.840118	-11.073563	-239.12607	0.12882854	0.0008994999	0.13061428	0.12750047	0.0061063822	0.7968598	0.73382264	10.771714	1.4603138e-06
29	29999	2396.6872148513794	3110.904	0.0	3110.904	3110.904	1000.0	2544.8054	497.31058	3302.944	1996.695	778.8	238.50914	63.886345	306.45282	-21.814405	2.2002702	0.96935403	2.5282335	30.03767	-11.422534	-241.52675	0.12550813	0.0018833254	0.12838632	0.12183347	-0.06368696	0.7940712	0.73283315	10.812495	3.0398369e-06
30	30999	2494.2195115089417	3116.348	0.0	3116.348	3116.348	1000.0	3198.4512	14.977688	3210.9355	3155.2546	1000.0	242.35045	63.772476	308.20856	-40.868904	1.6909161	0.98441476	2.4859638	27.655521	-12.002281	-245.16512	0.12034512	0.0012502874	0.12234099	0.11835795	-0.032992557	0.79399604	0.7363582	11.072841	8.7171793e-07
31	31999	2592.12282037735	3214.294	0.0	3214.294	3214.294	1000.0	3194.4597	9.870911	3210.3574	3179.1587	1000.0	245.56064	64.25954	310.477	-34.18023	1.8921347	1.0048258	2.4950292	31.107792	-10.89892	-248.39203	0.1191013	0.0004928057	0.12010032	0.1183794	0.010349674	0.7908902	0.73810714	11.334726	8.940697e-08
32	32999	2690.213588476181	1882.9867	284.5443	2167.531	1598.4424	591.5	3216.73	1.5647593	3220.1426	3215.0679	1000.0	247.10721	64.44943	310.33835	-27.458836	1.8659487	0.99608046	2.4722	27.805645	-11.183142	-249.898	0.11965786	0.0010769484	0.12103942	0.11773219	-0.008266458	0.7800681	0.73071873	11.235165	1.3262033e-06
33	33999	2788.1348493099213	1491.0471	34.7901	1525.8372	1456.257	469.5	3220.6858	27.280113	3246.0264	3142.8262	995.7	247.41882	64.86342	311.4101	-21.1705	1.914027	0.99001217	2.4832273	27.248035	-11.325647	-250.1132	0.118101195	0.00045609815	0.11882388	0.11684207	-0.021303542	0.7793942	0.72673494	11.346728	5.2154064e-06
34	34999	2886.555808067322	3197.2227	0.0	3197.2227	3197.2227	1000.0	3083.6458	1.7759483	3086.4045	3080.4236	1000.0	248.09784	64.920906	311.87473	-16.417263	1.7695957	0.9893952	2.4877472	31.022778	-12.178122	-250.68074	0.11527991	0.000979691	0.11682237	0.11390365	-0.022826904	0.7770582	0.72717494	10.585678	1.0281801e-06
35	35999	2984.118267774582	3217.5627	0.0	3217.5627	3217.5627	1000.0	3242.474	6.9094024	3254.1636	3235.3628	1000.0	250.85437	64.573425	312.93304	-29.315483	1.6216509	0.99757063	2.5054042	33.640747	-12.537403	-253.41037	0.11478399	0.0007732861	0.116372585	0.113739796	-0.005197221	0.77881676	0.7285118	11.892997	7.8231096e-08
36	36999	3082.17698431015	3231.8464	0.0	3231.8464	3231.8464	1000.0	3334.0454	3.7528343	3338.7397	3327.1233	1000.0	253.49022	64.45566	314.16135	-24.324284	1.4440792	0.97623354	2.4823723	28.580399	-10.896462	-255.98413	0.111359775	0.0013996825	0.11399284	0.109440975	-0.05204615	0.771472	0.723305	12.068509	9.536743e-07
37	37999	3176.7727353572845	3248.4253	0.0	3248.4253	3248.4253	1000.0	383.0252	3.3711507	387.73434	377.6453	141.1	256.15622	64.46509	316.33658	-15.318315	1.6805551	0.98284703	2.5101109	30.105377	-11.662218	-258.6688	0.10843086	0.0009093386	0.10985098	0.10628156	-0.038133215	0.77016634	0.73019034	10.968179	2.9802322e-07
38	38999	3272.000049352646	3274.1748	0.0	3274.1748	3274.1748	1000.0	2817.6846	667.4337	3047.8735	815.42633	926.9	259.19324	63.583603	317.4857	-17.249638	1.4474672	0.9740959	2.4888098	32.263573	-12.653058	-261.58643	0.104199745	0.0012363287	0.106373176	0.10150705	-0.05859408	0.76183116	0.72345585	10.63582	1.5199184e-06
39	39999	3369.9326691627502	2293.7305	0.0	2293.7305	2293.7305	705.0	3294.3782	17.743204	3320.1687	3271.0364	999.5	261.66953	63.838924	318.8434	-32.745552	1.5001941	1.0047686	2.490995	32.114117	-9.849998	-264.01047	0.102491565	0.0002352047	0.103018574	0.10155157	0.01096706	0.7610433	0.72045636	10.551364	7.301569e-07
40	40999	3467.2481598854065	3240.8223	0.0	3240.8223	3240.8223	1000.0	3094.342	4.5519614	3098.8691	3081.841	1000.0	263.14166	64.3477	320.36487	-40.554756	1.7287248	0.9916431	2.5044026	34.71723	-11.3623085	-265.49554	0.10282735	0.0012577842	0.10464624	0.100712605	-0.019027263	0.76186305	0.71871763	11.109195	3.3825636e-06
41	41999	3564.9504947662354	3213.4917	0.0	3213.4917	3213.4917	1000.0	3175.9534	4.9531	3185.8333	3166.833	1000.0	265.9151	63.34592	321.15573	-17.131939	1.4855177	0.98606086	2.4828236	33.92924	-12.422993	-268.22424	0.09972272	0.0016775203	0.1025645	0.097528726	-0.032048486	0.7653204	0.71532017	10.666572	9.653158e-07
42	42999	3659.6279089450836	3245.7478	0.0	3245.7478	3245.7478	1000.0	441.13617	95.718994	536.1286	169.96912	157.4	268.22025	63.378788	323.33896	-25.896194	1.3524753	0.9710089	2.4906728	33.711212	-11.507993	-270.52475	0.0962928	0.0013443519	0.0990625	0.09385386	-0.06781371	0.76751024	0.71833307	10.130366	1.937151e-06
43	43999	3755.3540778160095	2682.8755	568.1459	3251.0212	2114.7295	820.0	1452.7676	78.17456	1631.8745	1319.6207	455.0	270.54355	62.885147	324.4021	-42.19802	1.3630779	0.9605903	2.4826753	33.045418	-13.007047	-272.78888	0.089500606	0.002087757	0.093898825	0.08731771	-0.094508424	0.7616328	0.7114221	11.406086	5.1632524e-06
44	44999	3850.5859713554382	3198.3052	0.0	3198.3052	3198.3052	1000.0	1277.4493	69.087	1479.7606	1230.7963	387.6	270.78824	63.44321	324.22095	-20.988352	1.575312	1.0428996	2.4843	32.757668	-9.277287	-272.91544	0.091265716	0.001770142	0.094234675	0.08755094	0.102986746	0.758356	0.716404	10.242548	8.940697e-08
45	45999	3945.9258773326874	3243.7317	0.0	3243.7317	3243.7317	1000.0	1005.7044	4.6342335	1015.688	1000.32294	310.8	271.9302	63.286007	324.1682	-28.012514	1.2482264	0.989928	2.4643881	36.31608	-13.189407	-274.0634	0.09341797	0.0004006612	0.094337314	0.09244033	-0.023817485	0.75785434	0.7101361	12.799463	9.834766e-07
46	46999	4042.7295022010803	2045.729	0.0	2045.729	2045.729	634.0	3347.6245	4.831998	3353.4688	3339.848	1000.0	272.7382	63.138577	324.96356	-15.769719	1.5005591	1.0087059	2.485719	36.7429	-11.141174	-274.78537	0.093125455	0.00045458504	0.09395293	0.09222859	0.020709408	0.76531714	0.7166399	13.392174	9.536743e-07
47	47999	4135.615355730057	3274.7712	0.0	3274.7712	3274.7712	1000.0	959.3579	2.6278174	964.76654	956.1949	303.0	273.2528	62.64928	325.18826	-35.966736	1.3395348	1.0108278	2.4591002	35.445824	-11.757933	-275.29004	0.09599454	0.0007183027	0.09730086	0.0938488	0.02558709	0.7636777	0.71441793	12.376786	2.0451844e-06
48	48999	4234.028610706329	1232.4889	0.0	1232.4889	1232.4889	383.0	3192.8872	1.1948653	3195.404	3191.3118	1000.0	272.88913	62.814312	324.48376	-36.38933	1.5384498	1.004123	2.4646533	36.481632	-11.036194	-274.8738	0.09610423	0.00044967132	0.09710264	0.09537422	0.009715313	0.7535756	0.7127451	12.621492	2.0116568e-07
49	49999	4332.046477556229	3228.3342	0.0	3228.3342	3228.3342	1000.0	3259.2925	8.229478	3273.6025	3249.4167	1000.0	273.86746	62.368923	325.42737	-33.90964	1.3185432	0.96966875	2.4801195	38.699974	-11.302968	-275.79932	0.09481328	0.001784661	0.09735488	0.09130096	-0.071659714	0.74776554	0.71160555	12.6867695	1.1920929e-07
50	50999	4427.591388940811	3236.8318	0.0	3236.8318	3236.8318	1000.0	1446.9303	166.28313	1570.1022	1014.02136	460.9	275.82483	62.18665	325.93063	-28.10808	1.2463561	0.9711811	2.4719133	35.411278	-11.132382	-277.7556	0.09065306	0.0018877607	0.0927666	0.08713865	-0.06950424	0.7520968	0.7095457	10.392805	1.7285347e-06
51	51999	4525.119925260544	3266.3865	0.0	3266.3865	3266.3865	1000.0	3301.1848	2.9935853	3305.8196	3295.8906	1000.0	276.7804	62.573593	326.97375	-31.56438	1.3876837	0.986168	2.4808047	36.6048	-12.119662	-278.64856	0.085992984	0.0009368756	0.08751521	0.0847425	-0.033823386	0.7422118	0.7086238	10.606959	1.0430813e-07
52	52999	4621.15038061142	3303.1733	0.0	3303.1733	3303.1733	1000.0	1267.8484	24.95682	1298.1255	1226.991	381.6	277.8466	62.14901	327.82587	-33.631702	1.2895371	1.0045437	2.5056684	38.26502	-11.301892	-279.67737	0.08687992	0.00097137986	0.08869658	0.0852202	0.011278378	0.76502943	0.7243746	11.001735	8.046627e-07
53	53999	4715.605915784836	3273.5784	0.0	3273.5784	3273.5784	1000.0	1111.2382	19.045738	1137.846	1075.58	337.9	279.63327	61.530365	327.95807	-27.444773	1.1655893	1.0040313	2.5116353	37.210415	-12.604731	-281.43262	0.08653534	0.00041927883	0.08728778	0.08582433	0.009960983	0.7649616	0.7198386	12.7053	1.6391277e-06
54	54999	4813.187692642212	3324.5642	0.0	3324.5642	3324.5642	1000.0	2713.5757	1324.2892	3380.3118	64.98895	807.8	280.71558	61.06774	328.2618	-23.502483	1.2086182	0.9832835	2.4997563	36.575024	-11.686428	-282.51752	0.0860415	0.0009069377	0.087045155	0.08415076	-0.041097984	0.7604865	0.72092915	12.187489	3.848225e-06
55	55999	4911.073396205902	3308.9763	0.0	3308.9763	3308.9763	1000.0	2926.6714	956.0153	3249.9832	58.631905	903.6	282.11005	60.431595	329.07733	-21.326157	1.315262	0.9755616	2.4728622	36.48932	-11.364745	-283.82663	0.08136303	0.0015237033	0.084475845	0.07985494	-0.06092623	0.7505458	0.71009976	11.563965	1.9222498e-06
56	56999	5009.083589553833	3280.0288	0.0	3280.0288	3280.0288	1000.0	3253.0754	169.5495	3322.0178	2744.7007	981.6	283.04874	60.718956	330.42282	-24.693388	1.2809712	1.006278	2.4642284	33.6967	-10.8749	-284.8688	0.08168573	0.0007059979	0.08318705	0.08055249	0.015865218	0.75284034	0.7132056	12.223314	5.364418e-06
57	57999	5107.6017026901245	3302.7483	0.0	3302.7483	3302.7483	1000.0	3265.3914	3.5294986	3271.9968	3261.3127	1000.0	284.18207	60.91479	331.33228	-22.422874	1.1666672	0.98325366	2.4540522	33.877792	-11.603803	-285.95352	0.08077127	0.0010761432	0.082458116	0.0791952	-0.04214921	0.7483418	0.70763946	11.435103	2.4586916e-06
58	58999	5202.624598503113	1942.319	1363.4438	3305.8562	79.85425	593.6667	735.18066	98.40078	920.4493	634.22144	231.2	285.81763	60.20015	333.52502	-26.325577	1.5761005	0.9767573	2.448472	32.57241	-12.621754	-287.56378	0.07593727	0.0016905764	0.07932856	0.073720396	-0.05928192	0.74092263	0.7027665	12.315041	1.2516975e-06
59	59999	5300.839095115662	1278.1049	0.0	1278.1049	1278.1049	393.0	3198.7615	1.8358514	3201.9995	3196.4917	1000.0	284.30396	61.703724	333.03397	-29.569412	1.7191468	1.1142402	2.4549997	32.75069	-10.196482	-285.99786	0.08507902	0.0040525575	0.090263106	0.07588929	0.28499925	0.75347596	0.7224742	12.806096	1.5348196e-06
60	60999	5399.35595870018	3280.5513	0.0	3280.5513	3280.5513	1000.0	3125.0068	0.75480443	3126.1716	3123.1196	1000.0	283.8833	60.76879	331.76715	-53.088913	1.5387207	0.9631346	2.4426005	33.61293	-10.974487	-285.5625	0.088734925	0.0023968702	0.09132229	0.08467291	-0.08982487	0.7603464	0.7236965	12.177519	6.2584877e-07
61	61999	5497.191857814789	3229.1672	0.0	3229.1672	3229.1672	1000.0	3223.4531	1.5153389	3226.493	3221.2021	1000.0	284.14273	60.38848	331.38583	-53.883266	1.2546589	0.9998132	2.459097	33.473156	-11.168955	-285.771	0.085604325	0.000411515	0.08637367	0.08453133	-0.0003962593	0.754939	0.72377884	11.634773	2.9802322e-08
62	62999	5595.426705121994	3267.1553	0.0	3267.1553	3267.1553	1000.0	3296.0476	1.1185848	3298.0957	3294.6672	1000.0	285.021	60.600468	332.06552	-22.079544	1.3216814	0.96008456	2.457368	32.6196	-11.115286	-286.661	0.08171738	0.0024025766	0.085419	0.07863441	-0.099770464	0.7529734	0.7179083	12.04604	1.5553087e-06
63	63999	5692.11706662178	3272.2522	0.0	3272.2522	3272.2522	1000.0	1952.7467	727.01025	3387.8147	1460.9845	579.9	286.24002	60.220863	332.36365	-42.976288	1.2135664	0.96881586	2.4613268	33.318394	-10.821604	-287.8203	0.07812872	0.0016520234	0.08036699	0.07523092	-0.07977876	0.7497563	0.71482736	12.244757	4.8428774e-07
64	64999	5786.369836568832	3264.2898	0.0	3264.2898	3264.2898	1000.0	12.709322	0.6784414	13.541957	11.864842	14.5	287.69174	59.89089	333.02808	-24.968597	1.5029372	0.9745324	2.4921532	36.564846	-9.7506485	-289.32214	0.07457434	0.0012314026	0.07597015	0.07205024	-0.06637079	0.75219685	0.7213273	12.871625	1.8775463e-06
65	65999	5884.107178211212	3102.3154	0.0	3102.3154	3102.3154	926.0	3308.6914	8.801426	3324.8057	3297.0854	1000.0	288.1783	60.097477	333.73898	-25.052242	1.2350434	1.0550956	2.4362307	36.26012	-11.441197	-289.6913	0.074803725	0.0017978878	0.0789488	0.07208505	0.14249922	0.7518878	0.72237635	13.436355	8.6426735e-07
66	66999	5982.327724695206	3299.5247	0.0	3299.5247	3299.5247	1000.0	3285.5093	1.4239348	3287.1558	3282.7961	1000.0	289.2989	59.571278	334.20685	-28.378479	1.2950842	0.9830926	2.4399967	37.38871	-14.23048	-290.8255	0.07911152	0.0012852495	0.08097704	0.076682344	-0.0430698	0.75537	0.7198675	12.347665	8.7323133e-07
67	67999	6081.31626033783	3271.3618	0.0	3271.3618	3271.3618	1000.0	3237.5945	1.5685225	3240.6372	3235.4707	1000.0	290.41696	59.41401	334.94308	-18.938139	1.1856079	0.9883554	2.4292216	34.798847	-10.331171	-291.9872	0.07731346	0.00057487446	0.07813933	0.07532547	-0.029941656	0.7532279	0.715768	14.186884	1.6242266e-06
68	68999	6177.449655532837	3279.6252	0.0	3279.6252	3279.6252	1000.0	1683.8025	52.02567	1753.4307	1587.6797	510.8	291.08066	58.982098	336.11203	-23.371338	1.1708579	0.9965939	2.449045	31.938688	-14.185741	-292.5922	0.07541823	0.0003116867	0.0761852	0.07472841	-0.0087537775	0.75409245	0.71540415	16.714699	3.5762787e-07
69	69999	6275.653619766235	3266.0996	0.0	3266.0996	3266.0996	1000.0	3305.504	5.4954658	3313.479	3296.754	1000.0	292.07068	58.70912	336.61786	-19.548426	1.1496775	0.97842705	2.4515336	36.635384	-10.686486	-293.59457	0.073808834	0.00087203947	0.07496687	0.07215698	-0.056263268	0.7661139	0.72017294	15.577883	1.6763806e-06
70	70999	6372.7299036979675	3288.2927	0.0	3288.2927	3288.2927	1000.0	3240.5732	2.1610432	3244.749	3236.3997	1000.0	293.69208	57.677307	336.38422	-20.823078	1.1969213	0.9961474	2.433022	35.16781	-12.052269	-295.15094	0.07204424	0.0009762189	0.07364022	0.07044852	-0.01006106	0.76051587	0.7186409	19.628742	1.847744e-06
71	71999	6471.200244188309	3303.0596	0.0	3303.0596	3303.0596	1000.0	3290.1492	1.2616941	3292.53	3287.9536	1000.0	295.1148	57.49764	336.76462	-20.105711	1.1856011	0.99921376	2.3778963	33.852074	-11.955954	-296.62473	0.07132665	0.00061708345	0.07237745	0.06999925	-0.0019859513	0.7595729	0.70729285	16.440649	2.6635826e-06
72	72999	6568.840963602066	3315.996	0.0	3315.996	3315.996	1000.0	3313.3267	1.6022128	3315.4688	3311.1443	1000.0	296.4911	57.075058	337.1347	-22.45245	1.1669289	1.0058929	2.4076157	35.69799	-11.546533	-297.96274	0.07190779	0.00040340587	0.072661005	0.071240924	0.01561066	0.76585484	0.71450865	14.751856	2.771616e-06
73	73999	6663.448931932449	2867.4414	461.23486	3328.6763	2406.2065	860.5	338.15912	983.15656	3287.6287	9.503565	110.6	297.47177	56.243683	337.6823	-24.431948	1.3565221	0.9853715	2.39523	31.77035	-10.936476	-298.92554	0.07157651	0.0009304822	0.07310716	0.07026	-0.038553838	0.76533616	0.7178199	16.361902	3.0298252e-06
74	74999	6761.725762844086	3289.6775	0.0	3289.6775	3289.6775	1000.0	3244.6956	1.3698652	3246.5466	3242.1587	1000.0	296.88483	56.705383	338.12207	-24.184952	1.2059637	1.0320565	2.46407	34.55755	-13.690931	-298.27484	0.07202251	0.001281834	0.07427826	0.0701109	0.08426534	0.7742842	0.73681825	13.155329	1.7136335e-06
75	75999	6859.105804681778	3279.1606	0.0	3279.1606	3279.1606	1000.0	3244.1436	1.120024	3245.9485	3242.2668	1000.0	296.3421	56.620026	336.87946	-23.83141	1.1816306	1.0128958	2.4510264	33.53752	-11.243798	-297.75543	0.076208465	0.0006136869	0.077248365	0.07429193	0.033462778	0.7754812	0.73145545	18.79618	6.7800283e-07
76	76999	6956.936081171036	3251.9922	0.0	3251.9922	3251.9922	1000.0	3272.4666	2.7807012	3277.6707	3267.404	1000.0	296.53918	56.38799	336.27258	-16.604813	1.1285957	0.990019	2.4441047	32.318108	-10.449939	-297.89822	0.07577716	0.00056507403	0.07654475	0.07464666	-0.025745476	0.7777525	0.7284736	15.883886	2.0861626e-07
77	77999	7053.8278024196625	3269.2612	0.0	3269.2612	3269.2612	1000.0	3292.9578	1.7295985	3296.5535	3290.668	1000.0	297.19757	56.19525	337.0777	-20.667192	1.1050066	0.9813392	2.466236	34.169918	-9.819139	-298.62408	0.07381439	0.0008426772	0.075134285	0.072302274	-0.048649956	0.7729326	0.7238813	24.642265	6.631017e-07
78	78999	7152.256117582321	3297.945	0.0	3297.945	3297.945	1000.0	3321.7778	3.3869069	3327.334	3316.1267	1000.0	297.90344	56.15038	337.32443	-27.35081	1.050688	0.9876082	2.448143	36.35888	-10.332856	-299.2896	0.07152467	0.0009490076	0.07320419	0.07014389	-0.032608673	0.7703046	0.7243033	21.305964	2.7790666e-06
79	79999	7250.542382240295	3277.032	0.0	3277.032	3277.032	1000.0	3254.2878	1.7618804	3257.018	3251.417	1000.0	298.68042	55.497524	337.2204	-21.761225	1.1694599	0.9877432	2.4452415	31.785938	-11.434586	-300.03366	0.06917006	0.0004964908	0.07086117	0.06862625	-0.03252804	0.77297956	0.72716314	16.222084	3.1292439e-06
80	80999	7348.841461420059	3288.7598	0.0	3288.7598	3288.7598	1000.0	3258.1072	1.5224261	3261.3381	3255.5916	1000.0	299.212	55.026123	337.62262	-36.946117	1.0164665	0.9860051	2.4156194	30.773556	-10.604862	-300.53372	0.068748094	0.0006804959	0.069599025	0.067442246	-0.037487034	0.7734118	0.72486675	25.034452	3.0770898e-06
81	81999	7447.033125400543	3297.385	0.0	3297.385	3297.385	1000.0	3355.7903	4.6620417	3360.5667	3346.0225	1000.0	299.94446	54.98118	337.81738	-36.714092	1.278633	0.99694246	2.4431834	34.152462	-10.923086	-301.30557	0.06772905	0.0004299231	0.06838148	0.06690042	-0.008170966	0.7712378	0.7240855	18.199835	5.9604645e-08
82	82999	7543.463593482971	3305.8604	0.0	3305.8604	3305.8604	1000.0	3311.5938	1.8571159	3315.666	3308.6965	1000.0	300.603	54.71651	337.98822	-22.599726	1.1783891	1.0054793	2.4527428	32.44398	-10.957117	-301.9255	0.0674124	0.00037522026	0.06807815	0.066607945	0.014833121	0.774687	0.7302864	19.434149	2.682209e-07
83	83999	7641.241963386536	3300.1501	0.0	3300.1501	3300.1501	1000.0	3337.7017	2.3927658	3343.1084	3334.1672	1000.0	301.17142	54.074337	337.3228	-20.388508	0.98033583	0.9631352	2.4273725	28.981535	-10.476358	-302.45026	0.066005185	0.0011102309	0.067903206	0.06368703	-0.10030081	0.7664693	0.7193221	16.411934	6.556511e-07
84	84999	7739.007806777954	3311.559	0.0	3311.559	3311.559	1000.0	3284.1792	1.7185888	3286.3154	3281.0225	1000.0	301.4794	54.116863	338.21176	-30.982792	1.0744184	0.9759913	2.4574249	32.934723	-9.9391775	-302.7172	0.0629149	0.0010328848	0.06412258	0.060961265	-0.06653168	0.77158546	0.72496885	25.252638	1.7881393e-07
85	85999	7836.241519451141	3315.5347	0.0	3315.5347	3315.5347	1000.0	3381.5532	2.7886176	3386.6824	3376.8618	1000.0	301.92474	53.64102	337.85635	-41.005795	0.9913577	1.006509	2.4665132	33.376152	-11.157105	-303.16428	0.06133397	0.00020721792	0.061815653	0.060810905	0.018220501	0.76501614	0.72429925	15.442018	4.8801303e-06
86	86999	7933.574578046799	3295.911	0.0	3295.911	3295.911	1000.0	3319.9097	2.6239326	3325.0315	3314.5835	1000.0	302.47525	53.671284	338.62384	-25.585018	1.0780746	0.98828363	2.4514308	35.301247	-11.79438	-303.75345	0.061521214	0.0007559812	0.062576324	0.0603553	-0.032682993	0.76565504	0.7221883	13.416446	2.1457672e-06
87	87999	8032.042074680328	640.6098	0.0	640.6098	640.6098	207.0	3287.054	2.1286929	3291.1572	3284.4546	1000.0	302.39703	54.26896	338.2679	-27.689837	0.9611918	1.0138484	2.4543965	35.41163	-12.910215	-303.58795	0.06143239	0.00039456328	0.06212665	0.060466085	0.03875889	0.75847703	0.7255291	17.878675	1.3411045e-06
88	88999	8130.796168088913	3307.2744	0.0	3307.2744	3307.2744	1000.0	3321.3574	1.3748745	3322.826	3319.1992	1000.0	302.30392	54.220203	338.831	-27.926994	0.93207884	0.968541	2.490384	33.25018	-11.842595	-303.57562	0.06156717	0.0013307562	0.063107714	0.05881593	-0.08821969	0.76322883	0.7230982	16.37319	2.6673079e-06
89	89999	8228.344934463501	3319.3625	0.0	3319.3625	3319.3625	1000.0	3290.3699	1.9029003	3293.2585	3286.555	1000.0	303.01404	53.809334	339.67657	-17.941536	1.0217352	0.99813676	2.4716642	32.10301	-10.599213	-304.20795	0.058167078	0.00045432712	0.058928724	0.05754564	-0.005227928	0.7678966	0.7225425	14.984411	1.1026859e-06
90	90999	8327.103806734085	3335.2275	0.0	3335.2275	3335.2275	1000.0	3337.8882	5.2952275	3342.1382	3322.6414	1000.0	303.77386	53.628918	339.5695	-28.470566	1.008633	0.9888345	2.4616141	33.701675	-10.43626	-304.94925	0.057763543	0.00061936193	0.058867373	0.05699676	-0.03172673	0.76888883	0.71821004	26.780804	8.046627e-07
91	91999	8425.39550614357	3313.4392	0.0	3313.4392	3313.4392	1000.0	3378.3647	4.6400948	3383.3298	3366.775	1000.0	304.8977	53.74962	341.2303	-33.39482	0.9548613	0.95376706	2.444226	33.399654	-11.523434	-306.10532	0.05542521	0.0017177878	0.05767812	0.05286125	-0.13379017	0.76552045	0.71449816	18.468327	3.7550926e-06
92	92999	8523.995295286179	3332.302	0.0	3332.302	3332.302	1000.0	3316.3743	1.5667226	3318.3616	3312.7693	1000.0	305.4734	53.56017	340.3583	-24.430466	1.1233816	1.0143111	2.47806	31.423382	-11.646432	-306.67398	0.053856052	0.00041803918	0.054776706	0.05307066	0.04193491	0.78100586	0.72761285	23.30671	1.0728836e-06
93	93999	8622.089634656906	3370.3328	0.0	3370.3328	3370.3328	991.0	3312.2075	2.1355515	3315.481	3309.2622	1000.0	305.3858	53.67863	340.64456	-24.3712	1.0214142	1.0845636	2.478397	33.24537	-13.151201	-306.52362	0.0584973	0.0021581654	0.0621866	0.054358467	0.24060094	0.7835373	0.74000186	18.617905	5.9604645e-08
94	94999	8720.08167552948	3302.731	0.0	3302.731	3302.731	1000.0	3370.3445	2.1070364	3373.1948	3366.505	1000.0	305.4502	53.54658	341.00244	-29.497368	1.0293998	1.0052589	2.4706812	34.815495	-14.525879	-306.6111	0.06322123	0.0003452861	0.063833006	0.06220162	0.014634808	0.79067075	0.73964447	19.377876	8.791685e-07
95	95999	8818.268234014511	3298.3223	0.0	3298.3223	3298.3223	1000.0	3331.9753	2.5617573	3335.7046	3326.8723	1000.0	305.36087	53.485065	340.99356	-28.911755	1.2689898	0.9382931	2.5027626	34.716263	-11.180811	-306.52905	0.06015846	0.0016576777	0.06299087	0.056679294	-0.17387035	0.77806324	0.7300345	18.913515	1.2218952e-06
96	96999	8916.49134016037	3306.8113	0.0	3306.8113	3306.8113	1000.0	3311.5898	1.4073776	3313.8442	3309.1943	1000.0	306.16162	53.035336	341.03082	-29.260733	0.9109354	0.9809889	2.4800324	34.256348	-10.853971	-307.3235	0.055576947	0.00042109762	0.0567816	0.054903246	-0.054807443	0.770422	0.7290713	23.924156	4.4703484e-06
97	97999	9014.05753660202	3110.3555	202.02173	3312.3772	2908.3337	929.0	3328.3625	1.3773592	3331.9827	3326.5496	1000.0	307.14374	52.62592	341.9156	-27.906904	0.99041736	0.9948695	2.4926896	33.864502	-13.529818	-308.2788	0.05555313	0.0005966273	0.056329045	0.054251637	-0.014862148	0.77332944	0.7322619	14.324897	1.1324883e-06
98	98999	9112.288895606995	3336.1118	0.0	3336.1118	3336.1118	978.0	3325.5754	6.573375	3332.9578	3309.7043	1000.0	306.82153	52.54153	341.55276	-19.692816	1.0558045	1.029544	2.519443	33.206203	-10.944193	-307.93994	0.05586	0.0010365517	0.05746787	0.05436912	0.08537555	0.77491844	0.7358618	16.657495	4.798174e-06
99	99999	9210.009680271149	3316.3699	0.0	3316.3699	3316.3699	1000.0	3351.9348	9.727637	3369.7898	3329.622	1000.0	306.25812	53.157444	341.6932	-20.788446	1.0832626	1.0090247	2.5160396	32.230797	-10.617286	-307.39407	0.0579078	0.00039876474	0.058534395	0.057207778	0.025845824	0.77785414	0.73670465	16.074562	3.1590462e-06
