Epoch	TotalEnvInteracts	Time	AverageEpRet	StdEpRet	MaxEpRet	MinEpRet	EpLen	AverageTestEpRet	StdTestEpRet	MaxTestEpRet	MinTestEpRet	TestEpLen	AverageQ1Vals	StdQ1Vals	MaxQ1Vals	MinQ1Vals	LossQ1	AverageLogPi	StdLogPi	MaxLogPi	MinLogPi	LossPi	AverageAlpha	StdAlpha	MaxAlpha	MinAlpha	LossAlpha	AveragePreTanh	StdPreTanh	MaxPreTanh	MinPreTanh	AverageMCDisRet	StdMCDisRet	MaxMCDisRet	MinMCDisRet	AverageMCDisRetEnt	StdMCDisRetEnt	MaxMCDisRetEnt	MinMCDisRetEnt	AverageQPred	StdQPred	MaxQPred	MinQPred	AverageQBias	StdQBias	MaxQBias	MinQBias	AverageQBiasAbs	StdQBiasAbs	MaxQBiasAbs	MinQBiasAbs	AverageNormQBias	StdNormQBias	MaxNormQBias	MinNormQBias	AverageQBiasSqr	StdQBiasSqr	MaxQBiasSqr	MinQBiasSqr	AverageNormQBiasSqr	StdNormQBiasSqr	MaxNormQBiasSqr	MinNormQBiasSqr
0	999	1.962364673614502	19.052065	15.706	83.04234	5.1059	22.522728	98.482796	0.0	98.482796	98.482796	125.0	0.0	0.0	0.0	0.0	0.0	0.0	0.0	0.0	0.0	0.0	0.0	0.0	0.0	0.0	0.0	0.0	0.0	0.0	0.0	13.339489	15.44748	70.81407	-2.221739	18.81871	19.290012	86.63004	-0.6066245	1.0262578	0.28874487	2.3066216	0.27468047	-17.792452	19.328314	1.7758254	-85.560234	17.907682	19.2216	85.560234	0.006817012	-0.6825418	0.36946842	0.17758253	-0.99436355	690.155	1335.9569	7320.554	4.6471654e-05	16.705044	19.399769	84.50364	4.6471655e-06
1	1999	2.818192720413208	18.730679	15.602331	83.04234	5.1059	22.222221	86.215385	0.0	86.215385	86.215385	77.0	0.0	0.0	0.0	0.0	0.0	0.0	0.0	0.0	0.0	0.0	0.0	0.0	0.0	0.0	0.0	0.0	0.0	0.0	0.0	9.843143	12.133706	72.006256	-1.2635865	13.9037895	14.738047	88.45047	-0.37490907	1.0834692	0.24960928	2.28584	0.39212233	-12.82032	14.678065	1.2361997	-87.56511	12.891397	14.61568	87.56511	0.018540021	-0.6472955	0.35685426	0.12361998	-0.98999035	379.80618	1030.1163	7667.6484	0.0003437324	11.56676	14.71684	86.688614	3.437324e-05
2	2999	3.66766619682312	14.880216	10.057022	61.04082	6.0590525	19.9	20.41771	0.0	20.41771	20.41771	22.0	0.0	0.0	0.0	0.0	0.0	0.0	0.0	0.0	0.0	0.0	0.0	0.0	0.0	0.0	0.0	0.0	0.0	0.0	0.0	8.749449	8.504007	42.93976	-1.5455327	12.299543	10.886588	55.049767	-0.58529705	0.89021677	0.31490505	2.499323	0.19899864	-11.4093275	10.842187	1.1716449	-54.2148	11.461056	10.787492	54.2148	0.0038163133	-0.6479757	0.35206074	0.11716449	-0.98860097	247.72577	450.92343	2939.2449	1.4564247e-05	10.186837	11.010323	53.392506	1.4564247e-06
3	3999	4.548569202423096	17.850042	17.819202	90.71151	4.7930055	21.733334	18.89049	0.0	18.89049	18.89049	20.0	0.0	0.0	0.0	0.0	0.0	0.0	0.0	0.0	0.0	0.0	0.0	0.0	0.0	0.0	0.0	0.0	0.0	0.0	0.0	18.729946	26.959553	122.457184	-0.39583293	24.422443	31.739399	146.89702	-0.26903877	1.111973	0.4244118	2.69496	-0.06613985	-23.31047	31.559673	0.7862087	-145.87532	23.332983	31.54303	145.87532	0.0014937589	-0.7358518	0.32354748	0.07862087	-1.0042372	1539.3909	4162.059	21279.607	2.2313156e-06	22.008965	31.514383	145.07597	2.2313158e-07
4	4999	5.459208250045776	18.229647	11.426507	58.095108	6.4634733	22.326086	33.422256	0.0	33.422256	33.422256	31.0	0.0	0.0	0.0	0.0	0.0	0.0	0.0	0.0	0.0	0.0	0.0	0.0	0.0	0.0	0.0	0.0	0.0	0.0	0.0	8.129347	7.347967	41.533783	-1.2340426	12.13178	9.864498	52.8902	-0.3400336	1.1166085	0.35259044	2.909125	-0.13648261	-11.015171	9.746905	0.95106304	-51.583885	11.062494	9.693163	51.583885	0.0018934577	-0.6409714	0.3501325	0.0951063	-0.98029065	216.33615	353.5986	2660.897	3.585182e-06	9.700147	9.796832	50.30983	3.585182e-07
5	5999	99.52935218811035	120.42794	41.540565	197.3294	11.057599	72.07692	478.7006	0.0	478.7006	478.7006	306.0	92.799126	52.610485	176.38824	-23.495348	5.5863056	-0.79901475	1.8372833	11.201948	-12.354088	-99.38691	0.88134694	0.06416875	0.99970007	0.774715	-0.21042056	0.8174735	0.60346496	4.535184	1.8775463e-06	93.22789	37.456665	140.00606	1.4217231	105.73376	43.11143	163.74382	1.4217231	138.46298	61.026077	176.32596	-17.784788	32.729225	58.811256	155.83286	-106.404076	56.84279	36.03975	155.83286	0.23096208	0.76489204	2.2138243	15.583285	-2.4852667	4529.9663	4964.713	24283.879	0.053343486	112.68679	277.14487	2428.388	0.0004059897
6	6999	197.1994981765747	277.52832	148.8615	534.1013	168.16463	187.75	1032.5669	0.0	1032.5669	1032.5669	1000.0	170.55469	51.40925	206.6893	-32.12659	7.8379917	-0.50296617	2.1908245	15.801383	-10.973786	-179.8075	0.6789993	0.05353567	0.7745103	0.5887748	-0.5862352	0.8212503	0.6310719	4.980068	1.4901161e-08	106.27043	6.5069146	124.71205	94.138985	136.45071	6.94142	155.66173	123.9789	180.36441	18.154547	204.73602	129.98413	43.91369	12.711769	62.248394	4.526388	43.91369	12.711769	62.248394	4.526388	0.31938267	0.08545396	0.44909284	0.036078986	2090.001	991.87933	3874.8625	20.48819	15.098999	6.895571	27.824326	0.1633075
7	7999	294.9731197357178	519.01575	0.0	519.01575	519.01575	336.0	1034.0216	0.0	1034.0216	1034.0216	1000.0	170.19397	47.31404	205.71494	-43.94312	4.9040623	-0.4677619	2.197428	18.920786	-9.896111	-178.20006	0.51264733	0.042231668	0.5885998	0.4420205	-0.98624253	0.80562437	0.6274285	5.3236065	1.2218952e-06	111.09985	10.400722	138.6114	90.29154	138.90485	9.740915	166.75932	97.0473	157.45453	14.517032	192.33539	95.678276	18.549675	7.402938	34.64451	-13.700427	18.604202	7.26482	34.64451	0.048170947	0.132626	0.049547587	0.22629724	-0.09674436	398.89398	263.00858	1200.2418	0.00232044	2.820102	1.7210284	7.8399568	1.5852716e-05
8	8999	391.1917293071747	716.0791	244.29053	1044.6556	459.35226	578.0	411.19507	0.0	411.19507	411.19507	226.0	159.9678	38.23134	193.4131	-33.486996	2.680656	-0.5339601	2.2139127	17.439548	-12.212233	-166.40765	0.3816201	0.033254474	0.4418928	0.32672682	-1.4843395	0.7875725	0.6209039	5.4441385	2.861023e-06	117.84932	39.474545	159.1285	1.8824973	127.435234	44.793697	178.91043	1.8824973	127.53026	44.797894	177.58002	11.687817	0.09502099	5.8657923	23.51371	-19.4528	4.256715	4.0369444	23.51371	0.00066111464	0.024582773	0.18386237	1.8141475	-0.30349675	34.416542	69.12024	552.8946	4.370726e-07	0.6310925	2.3411312	32.91131	3.5323446e-09
9	9999	487.56092953681946	306.8799	138.97137	605.10767	184.80833	169.71428	127.766365	0.0	127.766365	127.766365	68.0	148.50446	36.34572	177.50569	-23.400248	1.8030671	-0.35643947	2.2760668	23.155191	-11.220158	-153.93106	0.2840988	0.022501435	0.32662955	0.249147	-1.6984581	0.81024504	0.63392884	5.6990533	7.748604e-07	88.0171	47.675705	158.21167	1.7906338	87.76733	47.79583	164.30518	1.7906338	132.2465	52.829956	174.35211	14.355207	44.479183	51.830425	165.93584	-43.484676	48.262493	48.32724	165.93584	0.07589693	1.3962898	3.1573694	16.593584	-0.51064724	4664.7905	7553.607	27534.701	0.0057603447	186.7137	499.69107	2753.4702	9.3038405e-05
10	10999	581.5576801300049	307.84515	67.85651	409.81924	219.59924	153.25	1049.334	0.0	1049.334	1049.334	1000.0	144.46826	38.339787	176.46199	-17.793985	1.7019423	-0.18899745	2.3632305	21.584969	-9.930243	-149.32014	0.22033869	0.017292721	0.24909413	0.1900346	-1.8114139	0.8098535	0.64802927	6.2326856	7.748604e-07	91.70483	33.941498	135.96677	1.4651015	110.811844	41.605568	162.76581	1.4651015	139.03087	13.40995	164.25964	114.35036	28.219042	44.975002	131.94827	-23.76413	33.30644	41.34908	131.94827	0.0014316838	0.9315526	2.3156903	13.194827	-0.16067742	2819.0657	4425.8438	17410.346	2.0497184e-06	102.45493	282.68143	1741.0345	1.640885e-08
11	11999	677.5408825874329	322.57147	230.54504	838.60986	82.14	190.28572	352.75684	0.0	352.75684	352.75684	178.0	133.82858	33.1621	164.93658	-25.149221	1.6621691	-0.19804339	2.398892	24.05806	-9.474942	-137.92563	0.16484396	0.013254278	0.18997633	0.14376885	-2.154625	0.8108427	0.64783823	6.297307	1.6391277e-06	114.63637	40.946297	157.10326	2.6618118	120.19615	44.229637	169.47403	2.6618118	110.80453	41.889362	158.75177	-0.6571361	-9.391621	4.6610327	3.8286366	-20.987041	9.474401	4.4903755	20.987041	0.0074220006	-0.082499325	0.059449248	0.38286367	-0.50306565	109.92775	94.85768	440.4559	5.5086093e-05	0.890484	0.68091565	3.63508	1.1368926e-06
12	12999	774.1574394702911	326.35977	17.890995	348.1254	291.81442	151.14285	303.0942	0.0	303.0942	303.0942	133.0	129.47159	33.192833	159.41812	-20.826605	1.0123243	0.07161739	2.4627917	27.147837	-9.6765	-133.17793	0.12670754	0.0091749495	0.14373137	0.11305155	-1.9093935	0.8222343	0.6567422	6.901829	1.3560057e-06	113.87025	44.403572	157.89806	2.8546386	110.8152	45.000645	160.91978	2.8546386	113.36683	42.42483	152.54816	7.295564	2.5516295	5.6075945	15.770156	-9.44056	5.4450207	2.8823054	15.770156	0.0009798416	0.058493584	0.11887225	0.9634834	-0.05922778	37.95593	35.408398	248.69781	9.600894e-07	0.51139027	0.83345103	9.283003	5.7277692e-08
13	13999	868.6578731536865	326.10278	24.751703	367.66467	295.47787	149.83333	347.10764	0.0	347.10764	347.10764	162.0	129.2314	34.421352	158.25883	-18.936325	0.82405615	0.2615714	2.5024095	28.297731	-15.877389	-132.68874	0.10221554	0.0070187217	0.113034	0.088983156	-1.6961341	0.833429	0.6707629	6.727967	4.172325e-07	115.23568	44.23079	163.51079	2.1606987	116.65896	46.80329	172.59148	2.1606987	113.730965	37.40569	153.32303	4.541247	-2.9280047	22.655	114.26691	-24.0223	15.379051	16.891033	114.26691	0.019484742	0.11708907	0.9443082	11.426691	-0.16062434	521.82227	1488.2267	13056.926	0.00037965516	15.051982	98.33105	1305.6926	5.1124557e-06
14	14999	964.9807884693146	329.6307	37.036972	402.82535	293.75372	150.85715	337.85474	0.0	337.85474	337.85474	162.0	126.40375	33.661823	154.2701	-20.390842	0.6781276	0.41912168	2.518138	29.532284	-10.972088	-129.4783	0.07929236	0.004540458	0.088954456	0.07233974	-1.4630435	0.85201937	0.6803388	7.332557	4.7683716e-07	98.57675	44.16059	157.31435	1.9304774	103.826744	47.176796	166.36789	1.9304774	121.0742	34.734554	153.45497	1.7458923	17.247458	39.25702	120.24487	-26.87107	30.903109	29.725176	120.24487	0.011675289	0.6293905	1.8310876	12.0244875	-0.37068054	1838.5883	2959.4177	14458.83	0.00013631236	62.597404	191.68912	1445.883	2.2121842e-06
15	15999	1062.0383698940277	345.22214	5.2934732	354.5726	339.95935	161.66667	346.48907	0.0	346.48907	346.48907	156.0	126.24776	34.38906	153.7223	-12.545833	0.56127334	0.6894737	2.5586069	33.55331	-12.779523	-129.1694	0.06682753	0.002807889	0.072327666	0.06231422	-0.8373256	0.87369	0.69049937	7.3426394	4.902482e-06	120.09955	45.665295	164.39197	2.6798964	121.805626	47.52096	171.76404	2.6798964	109.77638	41.42775	151.288	0.29721922	-12.02924	6.587513	1.0601661	-21.854391	12.035492	6.5760846	21.854391	0.027820978	-0.09453899	0.03684183	0.106016606	-0.41429994	188.09793	154.23492	477.61444	0.0007740068	1.2629994	0.8503304	2.8053362	7.7400684e-05
16	16999	1158.309030532837	339.30734	12.336036	353.4564	321.86642	151.57143	379.8856	0.0	379.8856	379.8856	193.0	126.80264	35.493587	159.17601	-14.419727	0.5359273	0.87724864	2.545325	33.24462	-10.235422	-129.53671	0.06017808	0.0012864738	0.06230523	0.057044	-0.34578127	0.8665704	0.69162863	7.6034646	3.5762787e-07	118.91486	41.23894	162.98567	2.3429723	118.05685	43.319576	168.91873	2.3429723	111.9117	39.56007	154.20413	1.3290374	-6.145148	5.0528316	8.392507	-15.0725765	6.762299	4.1910934	15.0725765	0.0009845044	-0.04806605	0.043967664	0.12673816	-0.34394094	63.293953	60.304214	227.18256	9.692487e-07	0.45322007	0.36819255	1.3449222	2.0716076e-08
17	17999	1255.0395748615265	342.72513	15.3504	360.96576	318.34512	152.28572	368.0519	0.0	368.0519	368.0519	169.0	125.74953	35.859783	158.52335	-15.15008	0.6304292	0.9214262	2.5701628	33.854744	-12.65493	-128.35011	0.0532382	0.0015745669	0.057033055	0.051178977	-0.22743714	0.85351133	0.69666505	9.060265	5.2154064e-07	124.42472	45.392265	169.03377	2.7977931	117.306786	43.9742	167.30115	2.7977931	112.50472	41.9768	154.40265	0.49541333	-4.8020763	4.2051573	6.352461	-13.639436	5.2578998	3.6190836	13.639436	0.002058999	-0.047624074	0.049746048	0.051662665	-0.4287926	40.743282	46.80445	186.03421	4.2394768e-06	0.31844032	0.30171707	2.1768296	3.0784378e-08
18	18999	1352.0292737483978	347.47876	7.7945585	357.23492	336.67685	152.83333	348.81964	0.0	348.81964	348.81964	152.0	127.62693	37.12141	160.09285	-17.323572	0.5684452	0.98470634	2.5475345	34.482796	-11.090536	-130.17393	0.053750787	0.0006360604	0.054714788	0.05250746	-0.04487133	0.8526471	0.69953734	8.94069	8.046627e-07	123.50924	47.022655	167.76329	2.5624535	122.52734	47.22972	171.67186	2.5624535	114.630104	43.43182	156.5318	2.1068063	-7.897241	4.3645806	3.240113	-15.678161	7.935712	4.2942357	15.678161	0.0035124337	-0.05992078	0.030761044	0.3240113	-0.1588017	81.415985	69.850006	245.80473	1.233719e-05	0.55254996	0.38596305	1.4521716	3.1166294e-07
19	19999	1449.0153818130493	333.9462	17.923708	356.2549	307.5117	146.14285	348.3389	0.0	348.3389	348.3389	152.0	128.62354	38.27779	164.03574	-10.084272	0.531899	1.0226694	2.523401	35.384445	-12.974148	-131.06546	0.05277198	0.0009194102	0.054281797	0.05134004	0.06663344	0.8404706	0.7014454	8.828768	2.2975728e-06	123.300606	47.8142	168.84239	2.4783518	116.12724	45.158722	166.57086	2.4783518	116.239174	44.151997	159.20251	1.8411214	0.11193068	2.9956942	8.60447	-12.194392	2.326958	1.8899677	12.194392	0.00041506186	0.006540075	0.029142078	0.1892809	-0.08630208	8.9867115	14.059526	148.7032	1.7227636e-07	0.07172364	0.09720134	0.95790297	2.2876672e-09
20	20999	1546.2548201084137	340.01413	10.322343	354.36612	318.6521	145.0	324.1368	0.0	324.1368	324.1368	139.0	129.22502	39.257973	166.03647	-14.638825	0.5561663	1.0235157	2.589852	37.0682	-12.161818	-131.65533	0.054300454	0.0007165606	0.056017637	0.053470135	0.06831593	0.83355397	0.7059097	9.772998	6.2584877e-07	121.98784	45.94732	166.82108	3.1236362	118.476974	46.05844	167.99934	3.1236362	117.72928	45.1488	160.86172	3.294486	-0.7476926	3.4167368	8.804631	-9.978718	2.7663038	2.1402571	9.978718	0.00020983757	-0.0019532752	0.041086096	0.29317024	-0.24458177	12.233136	16.357166	99.57482	4.4031808e-08	0.10239409	0.12200754	0.9119855	6.6028416e-10
21	21999	1642.8054184913635	342.0932	5.7256384	352.7179	332.86328	146.28572	351.89328	0.0	351.89328	351.89328	152.0	129.79918	39.959297	168.60886	-12.65754	0.55847454	0.9471558	2.5695465	41.78473	-11.384865	-132.08221	0.054348595	0.0012226938	0.055965323	0.051694248	-0.15434608	0.8201731	0.70734245	9.95276	9.23872e-07	125.10475	47.76229	169.59943	2.6318839	119.83162	46.546288	170.42735	2.6318839	118.47632	44.74157	161.38419	2.2307796	-1.3552991	3.4687052	5.93394	-10.330462	2.7051148	2.5595124	10.330462	0.00076514337	-0.006107466	0.030166874	0.14083923	-0.14557035	13.86875	22.585907	106.718445	5.854444e-07	0.09413205	0.13429564	0.6424864	1.4211595e-08
22	22999	1736.101767539978	347.4885	4.448522	353.85178	339.88974	149.16667	344.17963	0.0	344.17963	344.17963	146.0	130.0743	40.452175	168.68721	-14.281629	0.4858374	0.96850044	2.6096513	39.5547	-10.578571	-132.21983	0.050548002	0.00064343633	0.0518024	0.049326643	-0.093980476	0.82033587	0.7132091	10.160001	1.5497208e-06	125.02392	47.887188	169.69165	2.8880203	121.48542	47.201725	172.31818	2.8880203	119.42401	45.389973	163.01176	3.1622741	-2.06141	3.5156498	6.1083517	-11.016748	3.013169	2.744088	11.016748	0.0016748819	-0.010220405	0.031969927	0.21474618	-0.06524549	16.609203	25.455921	121.368744	2.8052293e-06	0.110775165	0.14953303	0.71879315	2.3477475e-07
23	23999	1833.2143876552582	346.36807	4.327306	354.81113	340.7508	147.0	349.6566	0.0	349.6566	349.6566	146.0	129.9555	40.957447	168.71213	-14.0945835	0.57283235	0.9481212	2.6529622	40.29017	-12.01099	-132.09132	0.047084786	0.0017068717	0.049319822	0.044589497	-0.1581152	0.8072244	0.7092335	13.526808	2.6095659e-06	127.40763	48.56563	172.99419	2.9581606	122.67314	47.702595	173.92072	2.9581606	120.335396	46.179	164.92998	2.4538786	-2.337746	3.9029126	8.7537985	-11.006638	3.5307777	2.8690403	11.006638	0.0052778996	-0.014193836	0.042015124	0.39822662	-0.089193635	20.697784	28.727661	121.14607	2.7856226e-05	0.14829375	0.18055324	1.5858444	2.4982253e-07
24	24999	1930.64137673378	345.31815	4.908841	355.258	339.35388	146.57143	340.63943	0.0	340.63943	340.63943	144.0	130.25989	41.47088	171.50052	-17.194101	0.47206295	1.0503796	2.7419178	39.86018	-10.736682	-132.31856	0.048766863	0.0012578509	0.05030594	0.0453888	0.1541702	0.857211	0.73898685	13.111179	1.8696301e-06	123.43745	47.64403	168.40364	2.920051	122.32753	48.54134	174.30952	2.920051	121.02236	46.295486	163.80797	2.431065	-1.3051608	4.7845826	11.687359	-11.888791	3.847899	3.1287942	11.888791	4.664623e-05	-0.002437876	0.041483603	0.42420623	-0.07707281	24.595676	32.271805	141.34334	2.1758708e-09	0.17160548	0.20530675	1.7995092	4.185674e-11
25	25999	2027.8779125213623	348.04468	3.0772762	351.25574	341.65775	147.85715	355.96768	0.0	355.96768	355.96768	159.0	130.45306	41.91926	171.77214	-8.040164	0.49512714	0.94500947	2.6899815	40.266632	-10.838003	-132.4718	0.046695814	0.0011166281	0.048832715	0.044969197	-0.16811454	0.8293442	0.72143793	16.46048	8.940697e-08	124.76899	46.772434	171.0648	2.793164	122.89767	46.699234	173.90398	2.793164	121.68837	45.605793	167.1544	2.1482623	-1.2093028	4.4978156	16.12932	-10.5309515	3.5344074	3.0332692	16.12932	0.0040720007	-0.008024947	0.03604293	0.1897916	-0.12139812	21.692759	34.065613	260.15497	1.6581189e-05	0.15285385	0.24528821	2.1078675	1.1888853e-07
26	26999	2125.188215494156	344.52725	6.188753	351.31293	333.66348	145.57143	352.35547	0.0	352.35547	352.35547	151.0	130.49681	41.848988	170.70898	-19.903366	0.42335522	1.0129591	2.6451638	40.612675	-10.424208	-132.4247	0.045003984	0.00033947412	0.046003133	0.044496957	0.04012638	0.8183043	0.7103484	12.546519	1.9073486e-06	126.22846	47.609615	171.802	2.6132722	124.97828	47.644882	174.09781	2.6132722	121.070885	45.59345	164.04971	2.2364898	-3.9073951	3.0978515	2.7199833	-11.329716	4.0779877	2.869571	11.329716	0.002803463	-0.028609427	0.027240051	0.15246767	-0.13913958	24.86442	28.84021	128.36246	7.859405e-06	0.16897999	0.16354151	0.740414	6.00934e-08
27	27999	2219.9303138256073	349.98526	2.5069857	352.02856	344.51855	148.0	355.28568	0.0	355.28568	355.28568	153.0	130.57681	42.146355	170.83185	-14.068378	0.4165501	0.9893299	2.6183178	40.324036	-9.290483	-132.477	0.045411434	0.00038991074	0.046199363	0.04478841	-0.032859124	0.81036377	0.70360696	14.358309	1.4901161e-07	126.85036	46.725388	171.0035	3.1203845	125.97596	47.76296	176.43744	3.1203845	121.50244	45.390057	163.78532	0.79107326	-4.473525	4.1555967	10.394398	-13.6049	4.8873115	3.659999	13.6049	0.010288311	-0.033974823	0.03725356	0.18205796	-0.250056	37.281403	46.439762	185.09332	0.00010584934	0.25343457	0.26366985	1.3064584	1.1507474e-06
28	28999	2317.033106803894	348.71042	4.501504	358.99503	344.58173	148.57143	359.1184	0.0	359.1184	359.1184	150.0	130.46553	42.57746	172.32108	-18.410883	0.42095926	0.9881021	2.6560745	39.298294	-10.776672	-132.2771	0.045471326	0.00045784228	0.04630275	0.044467058	-0.03682289	0.8245376	0.7092705	12.840506	7.003546e-07	125.267494	51.415386	176.20732	2.260475	123.63441	50.879604	178.49533	2.260475	122.91034	45.35789	165.36098	3.0446963	-0.7240706	26.43869	152.59946	-14.332769	11.386473	23.872093	152.59946	0.007868169	0.15026191	1.2359617	15.259945	-0.1106133	699.52856	3130.1975	23286.592	6.190808e-05	26.071472	177.12085	2328.6592	1.7960406e-06
29	29999	2414.0075781345367	316.67712	93.71306	359.91583	69.278305	133.75	355.11206	0.0	355.11206	355.11206	144.0	130.36098	42.72499	171.38644	-15.851161	0.4887188	1.0006555	2.6061249	38.33443	-11.458742	-132.11563	0.04438925	0.00026174213	0.0448856	0.04386835	0.0021154156	0.815039	0.7071791	11.167337	9.685755e-07	130.68188	49.5338	176.19156	3.108375	128.38129	49.090225	177.84953	3.108375	121.498795	46.175266	164.70941	3.3324623	-6.882494	3.4969673	2.3391383	-13.786278	6.963137	3.3335001	13.786278	0.011428074	-0.048238046	0.03178834	0.21787736	-0.105890185	59.5975	46.875813	190.06146	0.00013060086	0.40585068	0.2569437	1.0973226	5.5160726e-06
30	30999	2511.1975598335266	351.99835	3.660751	360.1782	348.1898	146.0	355.71973	0.0	355.71973	355.71973	146.0	130.3715	42.897224	171.66704	-13.20428	0.39948514	1.0138749	2.579371	38.907085	-9.82045	-132.05516	0.044383552	0.00037244993	0.045440935	0.04371976	0.04311012	0.797022	0.7026647	15.587013	2.3841858e-07	129.54236	49.027355	175.02386	3.0395534	125.00996	46.83539	172.14412	3.0395534	121.77661	46.371105	165.98792	2.7409563	-3.2333467	2.080643	1.8402711	-9.575439	3.3045242	1.9656372	9.575439	0.004393567	-0.029614298	0.024083367	0.14136858	-0.10954152	14.7836075	15.163534	91.68903	1.930343e-05	0.12458578	0.11448017	0.5446129	1.483819e-07
31	31999	2608.1925687789917	353.4265	4.7110195	358.52432	343.46307	145.16667	355.6581	0.0	355.6581	355.6581	145.0	130.65268	43.139954	172.9469	-19.037336	0.41924375	0.9371011	2.5208685	38.35345	-10.885614	-132.26091	0.044023648	0.0013431562	0.046201114	0.041369095	-0.19718271	0.8028669	0.699679	15.788624	2.95043e-06	130.85283	50.756668	179.03574	2.8980508	127.54794	50.005135	178.87183	2.8980508	122.76903	47.165394	169.07504	3.6248512	-4.7789135	3.4828486	2.967668	-12.166663	4.912189	3.2922096	12.166663	0.011538064	-0.02817756	0.038592186	0.29676682	-0.084978335	34.968243	36.19829	148.02768	0.00013312692	0.22802278	0.2052166	0.88070536	2.4838155e-06
32	32999	2704.2452092170715	355.80426	6.985008	364.32162	341.45224	142.85715	365.55063	0.0	365.55063	365.55063	151.0	131.58057	43.47275	173.00165	-15.387257	0.4109905	0.99663377	2.59129	39.1698	-12.445954	-133.24277	0.041273743	0.00033032862	0.042017758	0.040841717	-0.010627857	0.8295778	0.70775133	16.83453	1.7359853e-06	132.21483	50.5878	178.91643	2.7203522	130.58028	51.33185	183.07393	2.7203522	123.24946	47.46881	168.2649	2.5681188	-7.3308234	4.4191027	1.9399225	-15.832969	7.384727	4.3284225	15.832969	0.014542641	-0.050309036	0.026062088	0.08657682	-0.21070588	73.26945	63.36607	250.68289	0.00021148841	0.4597285	0.349626	1.3761761	4.791079e-06
33	33999	2802.406651496887	364.96048	4.065373	372.21365	360.66708	145.14285	368.42303	0.0	368.42303	368.42303	145.0	132.5063	44.123505	174.81566	-14.499637	0.38140884	0.9949259	2.5747666	37.502663	-11.417797	-134.12439	0.04137803	0.00020878218	0.041734144	0.04081418	-0.01613842	0.8463026	0.71768963	20.398987	1.1622906e-06	135.9061	52.16065	184.10818	3.0206602	132.91704	51.532818	187.32884	3.0206602	124.9947	48.17118	169.30276	1.6575221	-7.9223304	4.5416136	1.5306368	-19.088686	7.927553	4.5324917	19.088686	0.15185964	-0.061379753	0.033130698	0.15306367	-0.32355982	83.38958	83.66766	364.37796	0.02306135	0.54002714	0.45357883	1.9782637	0.0003113287
34	34999	2900.2253959178925	360.20798	9.846622	371.98245	342.7969	144.57143	367.4102	0.0	367.4102	367.4102	145.0	133.81563	44.882286	175.04169	-21.531542	0.4854298	1.0503044	2.6056118	39.704926	-11.373681	-135.4281	0.04278965	0.0011504136	0.04430539	0.040721618	0.15915518	0.8698456	0.729158	15.116555	1.3113022e-06	135.46619	51.531025	180.76793	3.1651597	132.99916	51.02264	182.73058	3.1651597	126.93409	48.25871	171.0787	3.389632	-6.0650725	3.2310684	2.2973506	-14.540632	6.14105	3.08422	14.540632	0.0006056732	-0.040022977	0.029310526	0.22973508	-0.10476519	47.224907	40.72081	211.42998	3.6684e-07	0.3044861	0.21186118	1.1788368	1.2419588e-08
35	35999	2998.0171976089478	365.66302	5.8284216	372.20166	357.86096	144.42857	367.38928	0.0	367.38928	367.38928	144.0	134.1346	45.40853	176.17601	-13.382934	0.42277136	0.9994393	2.5931034	37.961884	-10.110111	-135.7209	0.043295886	0.00038710318	0.044099025	0.042716548	-0.0016337242	0.8556449	0.7151046	15.420721	4.440546e-06	137.29697	51.191696	182.00287	3.358435	130.12025	48.992207	179.63625	3.358435	128.59618	48.5154	172.08176	2.5641103	-1.5240805	3.2939248	5.416415	-11.358218	2.8072405	2.30047	11.358218	0.005105273	-0.011956549	0.03230503	0.2315718	-0.10705181	13.172763	19.765244	129.00912	2.6063812e-05	0.09771065	0.12560889	0.9560489	1.9379375e-07
36	36999	3096.0869641304016	369.22	6.4389462	377.6085	360.55728	144.28572	389.43903	0.0	389.43903	389.43903	151.0	135.25804	46.07093	177.5005	-12.676495	0.50001293	1.0303028	2.5873065	37.0354	-11.203377	-136.83162	0.04500206	0.0009380609	0.04642202	0.043527268	0.09411879	0.8642571	0.7296684	31.88034	4.7683716e-07	141.54848	53.73296	191.36438	3.0919802	138.4428	52.737328	190.08162	3.0919802	128.9869	48.407997	174.63123	3.82439	-9.455899	4.8363647	3.071995	-16.518951	9.541111	4.666011	16.518951	0.012330985	-0.059781868	0.03914944	0.3071995	-0.13295092	112.80447	75.463326	272.87573	0.00015205318	0.7008334	0.41892263	1.8230647	1.4601347e-05
37	37999	3193.484349966049	393.55444	13.716514	418.53818	378.2383	149.57143	521.4654	0.0	521.4654	521.4654	177.0	136.67891	46.583878	179.01997	-8.966281	0.4871803	1.00858	2.60288	38.120586	-11.096436	-138.23875	0.0466306	0.00048759018	0.0476901	0.045917477	0.026474018	0.87011606	0.7241907	14.694154	9.313226e-07	175.07256	59.474888	225.49518	4.3137817	156.8142	56.642235	207.67264	4.3137817	127.65081	46.023384	174.62117	9.334029	-29.163399	14.823971	11.058008	-52.386013	29.604067	13.923114	52.386013	0.02337851	-0.15755334	0.14412361	1.1058009	-0.35642236	1070.2539	672.16766	2744.2944	0.00054655474	6.259236	4.1311536	18.671547	9.680394e-06
38	38999	3291.494864463806	489.233	94.802505	580.24194	309.43637	173.6	503.127	0.0	503.127	503.127	173.0	141.35657	48.026127	184.07013	-16.576254	0.64007264	1.1455996	2.7054534	42.16968	-12.058354	-143.06429	0.050655007	0.0026235979	0.056957323	0.046660215	0.43138602	0.88971996	0.77791315	44.878746	4.61936e-07	173.95697	58.271523	224.59486	4.264897	143.41687	48.058025	189.73401	4.264897	150.04425	46.376106	183.44348	10.76103	6.627386	11.855688	43.60623	-12.320695	10.333194	8.815026	43.60623	0.014038692	0.07360184	0.1425697	1.0947835	-0.12043749	184.47957	309.68155	1901.5035	0.00019708488	1.5730145	2.6332583	15.295879	1.0955243e-06
39	39999	3389.7048223018646	476.04416	154.49712	591.96985	111.86654	162.57143	86.01999	0.0	86.01999	86.01999	50.0	156.33156	54.686012	216.1336	-17.405638	1.0650703	1.369019	2.8119054	41.586834	-11.366807	-158.46556	0.06904369	0.007012779	0.080741115	0.056979395	0.9889998	0.90958995	0.8225292	52.06125	1.6093254e-06	106.172806	90.33542	262.64404	2.2060244	100.17401	80.76543	232.25969	2.2060244	190.21884	36.41948	215.44635	8.087009	90.044846	88.38112	211.99911	-38.739445	102.72133	73.26407	211.99911	0.0977176	3.536934	5.312288	21.199911	-0.17413712	15919.296	14615.493	44943.63	0.009548729	653.2954	1089.188	4494.363	5.1224877e-05
40	40999	3487.781603574753	677.81525	48.55334	752.60846	621.1815	215.5	99.64492	0.0	99.64492	99.64492	56.0	170.2526	59.185535	225.59196	-26.238943	1.0896816	1.1648421	2.866849	39.65518	-11.087784	-172.57274	0.087935284	0.0028600888	0.093125924	0.0807637	0.40357307	0.93969166	0.8128238	46.90415	2.9355288e-06	200.65521	75.34739	273.58157	2.4756348	182.48247	66.54053	242.72296	2.4756348	186.42015	52.171913	222.71849	7.3967876	3.9376676	39.609062	215.96059	-26.784342	20.312334	34.23145	215.96059	0.0626041	0.27721146	1.7451522	21.596058	-0.12022268	1584.3829	6344.35	46638.973	0.003919273	53.12619	357.70282	4663.8975	3.056477e-05
41	41999	3585.428467988968	749.17926	36.912388	817.2705	711.19183	232.0	712.3807	0.0	712.3807	712.3807	222.0	178.21744	63.42241	237.73038	-17.988138	1.1676039	1.0400399	2.8693137	38.13588	-12.386515	-180.66376	0.096027404	0.0011648998	0.0970857	0.09313805	0.094281204	0.9170991	0.81317675	50.910606	2.3841858e-07	218.0904	68.05856	283.7358	4.6928535	188.53262	59.220444	241.26067	4.6928535	194.95149	57.832153	240.12277	9.814933	6.4188647	13.893629	50.391747	-20.622261	11.507593	10.090096	50.391747	0.003267912	0.059933644	0.13141523	1.2726165	-0.13881841	234.23476	390.3641	2539.3281	1.0679249e-05	1.5027055	2.3624697	16.195526	4.609479e-08
42	42999	3682.0952842235565	816.1091	56.130974	895.48987	776.20374	251.66667	900.57336	0.0	900.57336	900.57336	270.0	184.43408	66.86788	249.27425	-15.909322	1.1716336	1.0651894	2.872767	36.151352	-9.157606	-187.02115	0.10135995	0.0023671736	0.10541069	0.0970767	0.1494233	0.91320074	0.80649155	51.49912	5.2675605e-06	237.83656	72.05022	303.4149	5.0775266	203.7931	65.075615	261.04666	5.0775266	207.0475	56.52881	249.95668	6.0127926	3.2544074	22.60923	92.22953	-19.284883	13.475798	18.443733	92.22953	0.00015804068	0.075423285	0.30994895	2.6623223	-0.089934066	521.76843	1466.5786	8506.287	2.4976856e-08	5.650463	20.012566	209.37488	4.8953597e-10
43	43999	3780.1151218414307	805.7651	87.2774	914.27313	679.3413	249.0	853.1073	0.0	853.1073	853.1073	261.0	190.35886	68.39039	256.01163	-15.065098	1.255239	0.98946756	2.8091483	37.56081	-9.290557	-192.89404	0.10625864	0.0011438206	0.10794115	0.10387878	-0.023706125	0.91185737	0.80347794	49.12329	6.645918e-06	235.56645	70.763405	298.5491	4.404779	214.62198	62.614624	270.66803	4.404779	210.71602	60.432087	255.87344	5.923279	-3.9059665	10.943297	22.187628	-24.947313	10.139111	5.675454	24.947313	0.0034188074	-0.008027546	0.10517216	1.6177303	-0.16953021	135.01231	125.098305	622.3684	1.1688245e-05	0.7349139	1.2415907	26.170513	6.161402e-08
44	44999	3878.787700653076	827.5043	45.06797	872.4227	757.9835	253.0	810.35675	0.0	810.35675	810.35675	247.0	194.14543	70.25455	263.74765	-21.76369	1.329431	1.0448897	2.818163	36.79488	-11.793798	-196.78358	0.106727876	0.0021289093	0.11091517	0.10394332	0.100231856	0.9230912	0.8012167	37.70267	4.172325e-07	235.80331	73.51546	308.81403	4.541482	219.90266	65.83622	279.27374	4.541482	212.94194	64.50911	261.55334	6.3448267	-6.960731	9.823094	25.406883	-27.590662	10.301766	6.2304564	27.590662	0.0028025112	-0.028078528	0.07325113	0.89268225	-0.17492875	144.94496	140.81311	761.2446	7.85407e-06	0.7119517	0.7721747	7.9688168	3.0550126e-08
45	45999	3974.2061944007874	911.29913	51.22887	988.21655	844.5041	275.5	1078.404	0.0	1078.404	1078.404	335.0	198.63141	71.69105	269.53683	-13.358606	1.262621	1.0545729	2.8157241	36.15952	-11.363089	-201.2584	0.115809694	0.0028181165	0.120315924	0.1109263	0.11779736	0.937187	0.8134539	46.762333	2.0228326e-06	252.9834	67.33178	320.13168	4.4082923	224.8861	57.682026	280.58752	4.4082923	232.21999	55.184982	272.0568	8.812939	7.3339143	13.933719	64.35112	-23.055784	11.288275	10.977689	64.35112	0.014266901	0.049382772	0.11459077	1.6518449	-0.10931409	247.9348	552.545	4141.0664	0.00020354445	1.3546982	3.193453	27.285915	8.562929e-07
46	46999	4070.9385979175568	885.2535	32.395443	919.2245	841.64703	278.0	1113.8185	0.0	1113.8185	1113.8185	338.0	202.88116	73.42526	273.68552	-19.654137	1.3352753	1.0159463	2.7610521	36.670174	-11.203158	-205.50403	0.12546903	0.0020645682	0.12781157	0.120334744	0.033665657	0.9357719	0.79801774	39.907707	2.3543835e-06	250.61493	71.66559	325.80948	4.3618007	239.28137	67.102455	309.84863	4.3618007	224.65564	61.794235	269.11218	5.864796	-14.625745	18.337584	47.665386	-52.422684	19.818254	12.54656	52.422684	0.036265176	-0.05314486	0.08852032	0.73315567	-0.22562146	550.1794	598.5719	2748.1377	0.0013151629	2.2298956	2.3867571	12.091827	9.145253e-05
47	47999	4169.636460781097	923.07135	106.96957	1104.3984	826.89215	289.0	176.80919	0.0	176.80919	176.80919	86.0	201.97096	72.30674	272.45325	-17.549234	1.1925874	0.92655295	2.752442	35.31187	-16.275166	-204.50081	0.11699027	0.0037248805	0.1233012	0.11047764	-0.1576361	0.9243269	0.79163826	43.052654	8.940697e-07	186.24487	89.33485	291.7303	3.019183	173.83197	80.641495	266.5106	3.019183	233.8735	46.939228	271.77783	8.696447	60.041527	75.12764	257.62625	-12.2928295	62.50621	73.08981	257.62625	0.1146064	1.2785486	3.4948926	25.762625	-0.05174405	9249.146	15722.253	66371.28	0.013134628	258.58102	856.77704	6637.1284	5.1377858e-05
48	48999	4268.039743423462	884.70514	12.031881	900.44977	867.2984	270.5	644.88184	0.0	644.88184	644.88184	222.0	200.60974	72.29819	276.14963	-15.401191	1.1933703	0.9497833	2.7450097	34.25286	-11.642211	-203.04541	0.10605292	0.0026304203	0.110527694	0.10240949	-0.11245709	0.90551555	0.7904449	40.43007	5.9604645e-07	224.39009	73.432655	296.84647	4.341093	211.7231	68.24711	278.65436	4.341093	230.14804	55.654766	272.97043	6.156971	18.424942	48.494602	174.7328	-32.256226	31.309738	41.363087	174.7328	0.00015499242	0.29446355	1.2954307	15.859389	-0.20557146	2691.2048	6190.347	30531.553	2.4022649e-08	44.521717	199.6699	2515.2021	2.4022648e-09
49	49999	4366.6185183525085	839.86676	140.59544	949.4046	641.3908	270.0	903.5498	0.0	903.5498	903.5498	284.0	201.66675	73.129295	276.63235	-25.56291	1.3264167	0.9875285	2.7243116	34.219406	-11.528752	-204.1344	0.1022424	0.0007736719	0.10318388	0.10031736	-0.028514327	0.8967609	0.78874224	38.82239	2.0489097e-06	241.17722	73.22345	321.29526	4.2120614	226.50616	66.75449	300.56158	4.2120614	222.98239	64.7463	272.42056	7.769863	-3.523763	13.825749	41.259373	-35.41904	11.012972	9.070982	41.259373	0.0015580412	-0.011509855	0.07560978	0.569428	-0.21989286	203.56825	275.4988	1702.3358	2.4274923e-06	0.94068795	1.3294953	9.093804	9.164231e-09
50	50999	4465.443982124329	1003.0188	114.85667	1134.4391	870.3372	307.5	1446.1152	0.0	1446.1152	1446.1152	435.0	202.16612	72.30589	275.76547	-15.829407	1.2723367	1.0049257	2.7657177	34.78817	-11.600413	-204.60352	0.10155368	0.00044611213	0.10229547	0.10035848	0.011352753	0.91308457	0.79939026	37.714905	3.3527613e-07	279.2684	52.509228	323.09344	43.682465	262.0291	49.136356	304.82614	44.71778	238.43561	42.765594	272.14807	36.164017	-23.593489	8.925406	3.6670747	-41.71751	23.627357	8.835361	41.71751	0.14444956	-0.087909445	0.028691225	0.02255513	-0.20956355	636.3156	388.64136	1740.3508	0.020865675	2.2926946	1.2779824	5.808892	0.0001138378
51	51999	4563.372662067413	1114.6989	62.17099	1179.9254	1031.0271	341.33334	1173.4501	0.0	1173.4501	1173.4501	354.0	201.85706	71.64309	271.9048	-22.990494	1.1641814	1.0210192	2.8059325	36.022778	-10.245951	-204.19699	0.10279143	0.0010002585	0.10453373	0.10096594	0.04788376	0.9122178	0.81579554	41.389725	1.6391277e-06	266.08215	62.38803	318.3991	4.886694	253.04971	57.99475	301.22424	4.886694	231.10649	52.85946	272.21567	17.58886	-21.943213	8.266702	12.702166	-36.605183	22.209288	7.5226665	36.605183	0.07559946	-0.08369736	0.059119117	1.2702166	-0.19638672	549.84296	315.44815	1339.9395	0.0057152784	2.1095498	1.1430466	16.134502	5.4699332e-05
52	52999	4660.967699050903	1180.6509	0.91278076	1181.5636	1179.738	357.5	942.51013	0.0	942.51013	942.51013	287.0	203.13751	71.77151	275.31302	-16.18467	1.100199	1.0033957	2.792423	34.728004	-11.276833	-205.50647	0.105155714	0.0004099727	0.10586731	0.10443384	0.007714702	0.9175551	0.8006825	45.13408	6.482005e-07	245.26097	74.13959	307.37125	4.5744257	231.27243	67.67368	285.44748	4.5744257	218.96553	65.96965	272.84045	2.8625255	-12.306916	4.7633886	4.998571	-25.353676	12.355395	4.6361895	25.353676	0.04525923	-0.06116881	0.048424568	0.2364898	-0.43081233	174.15005	116.9496	642.80884	0.002048398	0.81465983	0.6488923	4.349862	2.5444595e-05
53	53999	4755.846985816956	800.352	319.25693	1043.6871	168.12813	249.8	1153.9283	0.0	1153.9283	1153.9283	361.0	205.31084	72.80592	280.7289	-20.746618	1.1175644	0.98674583	2.8010685	35.575672	-9.851229	-207.64813	0.10474895	0.0008400225	0.10618711	0.10304112	-0.029947087	0.9145178	0.7942978	36.43594	2.3245811e-06	268.45584	61.236557	316.74548	4.972013	256.13815	57.685448	300.40915	4.972013	237.33727	50.57134	277.14697	9.2859955	-18.800894	12.039384	35.132538	-37.296276	20.665138	8.448211	37.296276	0.3107842	-0.06808948	0.064411975	0.43139824	-0.29777965	498.42032	317.1132	1391.0123	0.096586816	1.9315783	1.3890927	13.519034	0.00045486368
54	54999	4854.995164871216	950.6782	20.095427	978.9584	934.10596	295.0	1228.5264	0.0	1228.5264	1228.5264	377.0	206.56561	73.21251	282.1761	-19.807777	3.1624224	1.0171301	2.8003187	36.593956	-13.5608015	-208.8909	0.102947086	0.0012666117	0.105778195	0.10139284	0.038823515	0.91346735	0.7969257	38.855766	5.066395e-07	283.4336	36.53115	320.11926	149.87874	266.22855	33.604233	300.11853	142.48103	255.59467	22.492382	280.56622	152.37285	-10.63386	13.916995	30.072178	-28.849058	15.918754	7.3044505	30.072178	0.0336077	-0.033586636	0.056885455	0.1860649	-0.09720925	306.76172	212.88158	904.3358	0.0011294773	1.1409932	0.82681	5.4769545	4.5545207e-06
55	55999	4953.458635091782	827.8151	88.81053	932.9814	715.76764	254.66667	1100.7123	0.0	1100.7123	1100.7123	330.0	206.96323	73.2935	284.59143	-13.830785	2.0637925	1.0259469	2.7659643	35.782337	-13.062492	-209.23312	0.10778383	0.0007777339	0.109933876	0.10566684	0.05788497	0.91036654	0.8012609	42.619884	7.8231096e-07	252.80736	72.792244	320.94205	4.6050453	240.24973	67.11279	299.27777	4.6050453	235.08824	59.83771	281.85638	4.3205366	-5.1614776	16.043392	49.260925	-24.63946	14.683492	8.272025	49.260925	0.01912127	-0.009350984	0.08803353	0.43283778	-0.15794462	284.03134	319.42706	2426.6387	0.00036562295	1.37502	2.23723	21.321991	1.3545168e-06
56	56999	5052.662269115448	1343.724	288.86057	1747.1803	1086.5172	409.66666	154.61859	0.0	154.61859	154.61859	78.0	207.15869	73.71834	290.0177	-49.529068	1.8832514	1.0155171	2.7341864	35.325333	-12.941154	-209.39304	0.11130316	0.00094387884	0.11273612	0.1095985	0.034152664	0.9053113	0.80125153	33.97027	1.5236437e-06	70.24464	30.075354	105.63256	2.926659	69.29484	33.076077	112.4797	2.926659	255.66568	13.876333	277.84946	225.37991	186.37083	46.226738	274.77142	113.87644	186.37083	46.226738	274.77142	113.87644	5.1812224	6.4910636	27.477142	1.019885	36870.996	17712.85	75499.336	12967.845	1201.06	1767.955	7549.9336	116.14087
57	57999	5152.747773170471	540.0597	470.59113	1234.8937	152.50948	183.6	1286.5939	0.0	1286.5939	1286.5939	381.0	208.42542	74.08532	294.28455	-20.801355	3.1887314	1.0250322	2.7394245	35.37876	-11.948235	-210.70312	0.11572716	0.0013353504	0.117408715	0.112531625	0.0542317	0.9073315	0.80427396	44.107628	4.7683716e-07	260.94315	76.530876	331.76822	4.475265	247.65018	71.19378	313.51495	4.475265	232.6937	62.321293	286.31915	4.87759	-14.95649	16.078741	56.189903	-39.928555	19.30985	10.457155	56.189903	0.020311384	-0.047363278	0.0959559	0.61669445	-0.2564325	482.22244	442.0637	3157.3054	0.0004125523	2.083769	3.0735278	34.34692	2.9415512e-05
58	58999	5250.990346908569	867.88684	422.3948	1225.0269	161.24286	271.5	173.7672	0.0	173.7672	173.7672	84.0	206.85757	73.86858	296.7206	-18.187065	3.6667852	1.0254154	2.7609944	35.773914	-10.461086	-209.07256	0.11923771	0.0014271908	0.12199034	0.117234565	0.054037128	0.92060447	0.80373985	41.355766	5.364418e-07	154.58655	112.616425	326.03284	2.8148859	144.927	104.78229	303.34402	2.8148859	261.28754	16.249912	288.91357	224.0693	116.360535	99.33777	272.6976	-32.722027	124.01935	89.593346	272.6976	0.0016155842	3.2602036	5.6821513	27.26976	-0.112650454	23407.764	22281.172	74363.98	2.6101122e-06	752.8715	1490.5398	7436.398	1.0629108e-08
59	59999	5350.00648355484	930.14435	459.09482	1279.9219	152.99614	288.5	3157.7952	0.0	3157.7952	3157.7952	1000.0	207.72313	74.00405	299.7746	-48.38126	4.9958797	1.0963051	2.7850356	35.460175	-10.788046	-209.98491	0.13264182	0.005835373	0.1411612	0.12199907	0.1956983	0.9678653	0.83167475	48.221943	1.1324883e-06	295.72623	34.53187	338.1018	151.5444	283.5925	30.54767	318.83786	147.59348	266.64682	15.715761	287.34412	181.73596	-16.945704	19.18373	43.581734	-50.52382	22.614695	11.989491	50.52382	0.041131925	-0.052352503	0.07577618	0.23774461	-0.16361964	655.17236	627.82605	2552.6562	0.0016918351	2.3176117	2.2475321	8.88105	6.64058e-06
60	60999	5448.566365242004	1047.8329	42.216034	1090.049	1005.6169	317.5	1074.7731	0.0	1074.7731	1074.7731	321.0	210.12405	73.754036	294.2556	-33.026703	4.1680527	1.0347046	2.7903936	35.901485	-9.6817665	-212.39897	0.14506166	0.00211046	0.14831819	0.14098108	0.06718481	0.98320925	0.8150225	33.325665	3.5241246e-06	269.51163	66.75368	328.65024	4.3769736	261.23868	63.09434	310.917	4.3769736	238.88281	56.442978	285.3302	3.0683417	-22.355898	8.149227	16.017591	-35.86812	22.536587	7.635341	35.86812	0.05308082	-0.08341796	0.030298714	0.37458265	-0.18178265	566.19617	304.92908	1286.5219	0.0028175735	2.023032	0.91010934	4.5232487	2.26002e-05
61	61999	5549.486940145493	1103.5928	134.87296	1298.471	973.7429	332.25	2924.9614	0.0	2924.9614	2924.9614	1000.0	211.79936	73.43613	290.15707	-48.07429	2.7833629	1.0103086	2.7868984	35.23983	-10.334034	-214.07909	0.15282238	0.0019808207	0.15545104	0.14833233	0.019674724	0.9907762	0.81715316	36.44044	2.3841858e-07	303.42218	19.013103	335.2511	236.9119	297.24988	17.236994	323.5488	240.60338	269.34906	11.121672	287.8142	226.96799	-27.90084	12.149924	-8.332573	-58.691833	27.90084	12.149924	58.691833	8.332573	-0.09236658	0.035856113	-0.028617438	-0.18326683	926.0775	814.50397	3444.7314	69.43177	3.0113456	2.5077522	10.756267	0.23845688
62	62999	5649.05201292038	1421.2478	241.784	1663.0319	1179.4639	451.0	1552.3718	0.0	1552.3718	1552.3718	468.0	210.66588	72.417175	287.72784	-43.17151	2.839476	0.9819034	2.7739594	35.904736	-10.81157	-212.84044	0.14808878	0.0010559029	0.1506311	0.14618868	-0.034478843	0.9658564	0.8132853	42.84978	2.0451844e-06	286.61047	39.33975	331.51782	125.05757	281.71014	37.752007	323.7258	124.71283	255.66267	28.19646	283.30457	114.865524	-26.047443	12.663534	25.001263	-50.208927	26.794094	10.995952	50.208927	0.14597584	-0.08806081	0.043370496	0.18967704	-0.16205694	838.8344	586.7736	2520.9363	0.021308947	2.8250427	1.8228303	8.132208	0.00010989316
63	63999	5749.07041478157	1182.7864	117.95795	1300.7444	1064.8285	360.5	1304.9321	0.0	1304.9321	1304.9321	392.0	211.37294	71.67785	288.37732	-66.49003	2.0988786	0.99111605	2.8029022	35.92714	-11.558186	-213.57805	0.14536516	0.0005565635	0.14638603	0.14413992	-0.017085316	0.96830386	0.808005	36.388508	2.682209e-07	289.05585	37.506725	328.78464	110.08106	278.70425	35.927303	314.67734	107.17419	255.12506	28.019539	283.76086	149.92061	-23.579212	13.56039	43.404854	-47.157616	25.802187	8.608746	47.157616	0.10112599	-0.07940336	0.06346468	0.40499353	-0.2084633	739.86334	373.73532	2223.8408	0.010226466	2.6940606	1.6399829	17.578686	3.7927366e-05
64	64999	5848.220548868179	1405.3467	229.02002	1728.552	1225.6069	432.0	3053.7217	0.0	3053.7217	3053.7217	1000.0	213.02496	72.03027	290.38242	-71.67222	2.0349114	1.0013078	2.8097384	33.525146	-10.672696	-215.19559	0.14446506	0.00031786526	0.14512137	0.14370768	0.0025932672	0.97110987	0.8094153	36.60373	5.662441e-07	316.3394	17.606873	337.51263	246.84277	307.6895	14.721476	322.0943	252.02466	273.9348	12.301274	285.99377	225.29395	-33.754677	3.9379156	-26.268894	-43.065357	33.754677	3.9379156	43.065357	26.268894	-0.10952221	0.009797045	-0.086897194	-0.13454157	1154.8853	267.11423	1854.6251	690.0548	3.7327816	0.75862634	5.794081	2.3389685
65	65999	5943.303498744965	1599.4403	33.543457	1632.9838	1565.8969	498.0	1194.3413	0.0	1194.3413	1194.3413	358.0	214.22081	72.22165	287.6958	-39.455086	2.2395122	1.0154244	2.7947817	33.890686	-11.649583	-216.38841	0.1460159	0.0017361235	0.14822136	0.14302494	0.029705282	0.97012573	0.80850196	36.65268	4.053116e-06	249.22057	67.85878	309.73734	4.7352223	243.15533	66.233536	301.24075	4.7352223	232.56358	62.17643	285.67108	6.4580536	-10.591761	8.901234	20.038252	-33.25116	12.439114	6.0568833	33.25116	0.015126171	-0.031128637	0.09510446	1.2558031	-0.23556198	191.41737	147.18488	1105.6398	0.00022880104	0.89116967	1.0621259	15.770414	8.76567e-07
66	66999	6040.132184505463	1085.7681	0.0	1085.7681	1085.7681	317.0	2911.6387	0.0	2911.6387	2911.6387	1000.0	215.80269	72.75629	290.4669	-36.499107	1.9161794	0.9839334	2.8019218	34.620007	-12.466065	-217.87079	0.14554286	0.0011802585	0.14804721	0.14405575	-0.030829098	0.9630033	0.81186783	45.420685	1.937151e-06	306.62555	17.933798	334.35812	240.56403	303.00223	15.730947	326.5769	245.39885	274.32977	13.103996	287.69473	225.93661	-28.67247	8.568003	-12.585535	-52.11535	28.67247	8.568003	52.11535	12.585535	-0.09407024	0.025743714	-0.04296618	-0.17095493	895.5213	524.0286	2716.0093	158.39569	2.9149857	1.6369847	8.909375	0.54075235
67	67999	6139.590890645981	2226.9927	764.9243	2991.917	1462.0682	741.0	857.8465	0.0	857.8465	857.8465	286.0	218.0749	72.81191	298.36	-30.740803	2.2359335	1.0041956	2.7698612	33.118607	-11.584189	-220.17918	0.14543274	0.00090929423	0.14721587	0.14430977	0.008146757	0.9608529	0.80214125	43.093323	5.2005053e-06	237.40125	73.82903	311.27502	4.310974	225.95824	73.15207	297.92505	4.310974	241.6802	56.300655	285.42636	7.715309	15.722008	34.214195	141.28975	-37.083176	25.158869	28.014708	141.28975	0.0041591167	0.17109258	0.4075276	3.6491256	-0.12541819	1417.7926	3163.8362	19962.793	1.729825e-05	12.952158	35.919937	335.23267	6.475513e-08
68	68999	6240.182611942291	1956.8276	979.448	2936.2756	977.37964	619.0	2821.0078	0.0	2821.0078	2821.0078	1000.0	220.15526	72.93088	296.9175	-36.602455	2.216306	0.9794944	2.7682173	33.421528	-11.165108	-222.25864	0.14291812	0.0015897475	0.14588659	0.1398836	-0.039788187	0.9474047	0.80020773	35.96917	1.3411045e-06	245.37166	76.67172	303.62177	2.5574996	247.42166	77.131355	305.45657	2.5574996	276.7736	13.561035	290.10773	228.48856	29.351936	75.6838	279.906	-22.06119	46.41489	66.597534	279.906	1.99521	0.7238213	2.9696882	27.990599	-0.07406487	6589.5737	15447.278	78347.37	3.9808629	173.02429	791.6887	7834.737	0.017532097
69	69999	6340.866688966751	2998.6616	0.0	2998.6616	2998.6616	1000.0	174.11899	0.0	174.11899	174.11899	84.0	221.56204	73.55454	311.7878	-42.877953	1.9035465	0.98406965	2.7355845	32.45955	-9.904229	-223.65628	0.13993166	0.0014009009	0.14157134	0.1369831	-0.031353135	0.95482814	0.7963363	41.854805	8.940697e-08	255.3632	86.83382	325.53598	3.0030158	254.39839	86.78268	319.46832	3.0030158	267.85727	38.13672	290.22107	3.064252	13.458898	74.71335	283.2899	-34.783394	44.176735	61.73849	283.2899	0.34482822	0.6426638	2.9613898	28.328989	-0.22018991	5763.225	14895.681	80253.16	0.11890649	165.31534	799.6702	8025.316	0.00042394202
70	70999	6441.481198549271	2995.427	0.0	2995.427	2995.427	1000.0	3154.1272	0.0	3154.1272	3154.1272	1000.0	223.71846	73.7844	294.0959	-47.409245	1.71131	0.9759234	2.7763789	32.668106	-10.55055	-225.79977	0.13562381	0.0017223718	0.13797821	0.13229774	-0.04821237	0.95025927	0.81162316	48.06565	2.8908253e-06	301.2649	18.888882	331.91977	240.52802	298.86105	18.966986	327.00247	236.42043	278.88214	12.06541	290.98193	230.33356	-19.978899	13.312286	29.318953	-38.3969	22.125717	9.318043	38.3969	0.07002092	-0.06480865	0.044503354	0.12401193	-0.117908224	576.37335	367.48166	1474.322	0.004902929	1.8836979	1.1456099	4.5273104	1.7070237e-05
71	71999	6542.323869943619	2241.3083	0.0	2241.3083	2241.3083	708.0	3009.4692	0.0	3009.4692	3009.4692	1000.0	225.36934	74.42119	296.02567	-34.205482	1.8115704	0.9692517	2.7807934	33.045937	-11.168906	-227.395	0.12871243	0.002014816	0.13228212	0.12577319	-0.06293199	0.9406068	0.8159687	44.4084	1.1175871e-06	315.36636	19.159828	334.6864	241.11273	310.14825	16.064217	323.09894	248.39484	283.6072	13.35417	294.82236	230.33548	-26.541046	3.803487	-17.35507	-32.213104	26.541046	3.803487	32.213104	17.35507	-0.08530057	0.009444986	-0.058892667	-0.10078729	718.8935	192.85606	1037.6842	301.1985	2.2984328	0.5490076	3.2340243	1.0220864
72	72999	6643.722686767578	2102.405	1040.5798	3142.9849	1061.8252	657.0	2968.8347	0.0	2968.8347	2968.8347	1000.0	226.04886	74.66383	304.6408	-44.188232	2.0588424	1.0250555	2.8144825	32.966663	-11.677012	-228.09608	0.12924488	0.0013146743	0.1308725	0.12585998	0.05150313	0.9484788	0.80456036	34.065155	2.0861626e-06	300.70593	15.513514	325.1627	237.08452	306.0459	15.23637	324.8058	248.80353	283.09534	12.864642	296.65924	230.56549	-22.950546	4.546351	-13.043787	-34.929893	22.950546	4.546351	34.929893	13.043787	-0.07470561	0.012743441	-0.04423738	-0.10828734	547.397	213.59001	1220.0975	170.14038	1.7710941	0.6414997	3.7824655	0.59059995
73	73999	6743.741956949234	1125.7378	0.0	1125.7378	1125.7378	337.0	163.54604	0.0	163.54604	163.54604	81.0	226.9591	74.67209	300.31778	-21.787622	1.8959516	1.0017451	2.7827551	33.118282	-11.14142	-228.98132	0.13267568	0.0007376788	0.1337936	0.13070203	0.0035977326	0.94610065	0.80525815	46.156467	1.7881393e-07	216.64189	100.20468	331.2705	3.1136198	210.50739	96.9405	318.3283	3.1136198	261.84183	43.24193	297.30255	6.777801	51.334427	95.14463	294.18893	-41.99536	69.976616	82.4075	294.18893	0.016804213	1.383335	4.174315	29.418894	-0.20649986	11687.724	20329.654	86547.125	0.00028238154	341.46176	1157.6123	8654.713	9.891476e-07
74	74999	6842.819797515869	3018.8096	0.0	3018.8096	3018.8096	1000.0	832.6924	0.0	832.6924	832.6924	302.0	228.47093	74.63457	303.0189	-27.558823	1.711431	0.9941744	2.7862973	34.51168	-10.765879	-230.48328	0.13104723	0.00059718936	0.13193518	0.1294683	-0.011799326	0.93829095	0.79753447	37.430233	4.373491e-06	286.9481	49.420094	335.13525	72.38635	290.90298	48.957092	335.88617	78.23638	286.38947	13.391801	298.02478	231.00807	-4.5135427	48.405586	207.99786	-42.97822	34.15913	34.592285	207.99786	0.07944516	0.0389891	0.35763732	2.6585824	-0.12816505	2363.4724	6271.8335	43263.113	0.006311533	16.095613	59.9458	552.9795	2.1694386e-05
75	75999	6939.132847070694	1580.9481	1556.1803	3137.1284	24.76789	511.0	3082.7344	0.0	3082.7344	3082.7344	1000.0	230.28673	74.633804	300.87646	-47.440296	1.7436122	0.9937517	2.7688618	33.673172	-11.886238	-232.27643	0.12996843	0.0007061071	0.13100946	0.12828146	-0.01270589	0.9342892	0.80561894	42.770996	2.682209e-06	282.33627	65.95697	341.38632	4.6443	276.3153	65.2127	332.53275	4.6443	260.0266	56.818447	296.74597	-0.95273983	-16.288683	14.826243	47.860104	-41.871403	19.225203	10.748503	47.860104	0.023927473	-0.054335	0.09400634	0.52938884	-0.73615813	485.1387	451.28754	2290.5896	0.000572524	1.8975097	2.4633021	25.336605	2.5350282e-06
76	76999	7040.021253824234	3102.0469	0.0	3102.0469	3102.0469	1000.0	3138.5122	0.0	3138.5122	3138.5122	1000.0	231.73643	74.38725	300.6762	-50.234875	1.8084817	0.9836138	2.7567527	32.65668	-11.40859	-233.6984	0.12713844	0.0008879892	0.1287466	0.12553948	-0.033732504	0.91812605	0.7995658	37.58674	9.536743e-07	313.8537	24.080502	343.75903	221.23164	307.95682	23.798336	334.60156	217.38779	284.01447	15.791842	298.43018	231.3746	-23.94234	12.05892	18.951715	-45.031853	25.08286	9.460617	45.031853	0.08201359	-0.07551509	0.038461566	0.07730704	-0.13631222	718.6532	432.09564	2027.8677	0.0067262286	2.2674353	1.2831562	6.138392	2.3155437e-05
77	77999	7141.424393892288	3095.785	0.0	3095.785	3095.785	1000.0	3079.1067	0.0	3079.1067	3079.1067	1000.0	232.99994	74.15921	304.20935	-31.209002	1.5387778	0.9847326	2.7560432	31.779533	-10.410072	-234.93774	0.1229708	0.0007229027	0.12555328	0.121995635	-0.031813838	0.9119737	0.78913176	48.728508	1.559034e-06	308.03107	15.706683	327.5896	241.18187	308.96136	14.741042	325.11285	251.7014	287.4261	14.261217	300.48102	231.67856	-21.535265	3.52493	-9.661919	-29.74034	21.535265	3.52493	29.74034	9.661919	-0.069738805	0.011132444	-0.031379323	-0.092996016	476.1927	144.2038	884.48773	93.35267	1.5390023	0.4510655	2.765733	0.30318448
78	78999	7242.8680720329285	2419.7393	0.0	2419.7393	2419.7393	735.0	3101.5955	0.0	3101.5955	3101.5955	1000.0	233.60013	74.37626	303.27527	-35.752247	1.8343354	0.98078465	2.7706535	32.5353	-9.842753	-235.54001	0.12134016	0.0010117672	0.122751676	0.11890002	-0.04059716	0.9157801	0.79563797	36.56025	1.1026859e-06	310.83658	22.02731	335.1633	223.45515	304.98053	21.460703	326.7026	217.00293	282.31384	21.390882	301.7122	177.40533	-22.666676	4.919315	-9.144228	-42.233665	22.666676	4.919315	42.233665	9.144228	-0.074657045	0.018670786	-0.030441651	-0.19015047	537.97784	225.27171	1783.6825	83.6169	1.7767136	0.86715066	8.030751	0.2783654
79	79999	7344.09281039238	2522.1953	576.48315	3098.6785	1945.7122	792.5	3079.677	0.0	3079.677	3079.677	1000.0	234.5418	74.56985	305.94482	-49.570396	1.5584648	0.98965263	2.7581499	32.86261	-9.956514	-236.48239	0.1188619	0.000937244	0.12025934	0.11682301	-0.02207382	0.9118274	0.7965867	39.029606	3.0770898e-06	237.82414	112.99359	336.5107	3.2113981	235.97188	112.23257	328.23572	3.2113981	280.99133	17.918495	313.82358	231.82753	45.019447	104.53139	308.33115	-30.68635	77.628716	83.23067	308.33115	14.494913	1.5264813	4.3981066	30.833115	-0.09951658	12953.561	21399.55	95068.09	210.10251	387.65262	1226.7274	9506.81	0.67768884
80	80999	7444.88042140007	1397.9755	1208.8208	3041.5098	168.81688	436.66666	172.71284	0.0	172.71284	172.71284	84.0	235.07584	74.9407	305.99106	-28.878733	2.228762	0.9948038	2.751146	32.58103	-11.523458	-236.96371	0.11605599	0.0003685639	0.11691385	0.11550752	-0.011127173	0.90940267	0.798433	46.60369	4.6491623e-06	275.7531	77.4756	337.83826	3.1279528	266.21713	74.82108	322.90118	3.1279528	274.81067	38.79677	303.7198	7.7138004	8.593558	58.14501	293.06366	-23.866127	30.191158	50.430008	293.06366	0.026787177	0.41842276	2.4994168	29.306366	-0.07830439	3454.6914	12093.481	85886.31	0.0007175528	107.54924	688.8982	8588.631	2.4416545e-06
81	81999	7547.1133248806	1087.7511	0.0	1087.7511	1087.7511	326.0	3048.1172	0.0	3048.1172	3048.1172	1000.0	235.20842	74.44378	317.7555	-45.239044	2.169188	1.0219153	2.7071218	32.618187	-11.350921	-237.07916	0.11906124	0.0013553844	0.12061353	0.11571654	0.046928298	0.9052638	0.79116035	32.1435	3.3080578e-06	309.45352	18.224545	337.0329	239.55444	308.9862	17.393509	331.6283	247.52011	290.35925	15.447312	305.6236	232.32779	-18.626957	4.0624495	-10.126923	-30.420233	18.626957	4.0624495	30.420233	10.126923	-0.06005574	0.011539197	-0.035457563	-0.092103384	363.46698	157.66394	925.3906	102.55456	1.1640595	0.47195378	2.8018064	0.35907596
82	82999	7647.9322419166565	2691.7588	399.55872	3091.3174	2292.2	851.0	3107.3823	0.0	3107.3823	3107.3823	1000.0	234.67955	74.80871	309.364	-39.298763	1.9488513	1.049982	2.9725344	33.953697	-11.586915	-236.5332	0.12708002	0.002672007	0.1301291	0.120024	0.10416889	0.9389154	0.82233715	43.153835	1.7881393e-07	292.5927	47.80468	333.89066	5.5984797	288.6416	47.258217	327.11115	5.5984797	270.26636	44.70753	304.76825	11.200395	-18.375244	7.3131123	13.379795	-40.97518	18.66433	6.5401826	40.97518	0.79238206	-0.059816767	0.05048913	0.5769183	-0.20645395	391.13126	274.11737	1678.9653	0.62786937	1.3852695	1.1180689	8.255313	0.006012422
83	83999	7748.706678390503	1317.6536	1144.47	2462.1235	173.18347	420.0	3091.7297	0.0	3091.7297	3091.7297	1000.0	234.88783	74.413994	322.7796	-65.36463	2.6870453	0.9931239	2.9217916	32.391876	-11.174438	-236.76936	0.12790097	0.00079144223	0.12965488	0.1265298	-0.014019835	0.9326254	0.80579376	34.84559	1.8775463e-06	310.19547	18.567558	335.90005	239.04994	308.11508	17.809586	328.04892	246.30664	288.01773	15.008049	303.09125	231.95087	-20.097336	4.759486	-8.146843	-35.695244	20.097336	4.759486	35.695244	8.146843	-0.06481744	0.013391444	-0.028602414	-0.11363478	426.5556	193.64952	1274.1505	66.371056	1.3652613	0.58794874	4.0562215	0.2330194
84	84999	7850.9556131362915	1465.9188	0.0	1465.9188	1465.9188	436.0	3028.4512	0.0	3028.4512	3028.4512	1000.0	234.82033	74.2901	307.85696	-36.99447	2.1090574	1.0049765	2.96849	32.631325	-9.869326	-236.64313	0.12867697	0.000551383	0.12984452	0.1276841	0.010269824	0.93206924	0.8165487	34.40896	1.6950071e-06	285.24078	49.69235	326.16885	4.280909	286.885	50.099648	327.4773	4.280909	270.3594	47.131954	303.79126	6.5771074	-16.525621	6.856802	7.4181194	-52.299072	16.564047	6.763453	52.299072	0.34360388	-0.05755301	0.026922777	0.22961986	-0.17126141	320.11194	254.95601	2735.1929	0.11806363	1.0861008	0.8091758	8.956814	0.0011666699
85	85999	7952.291539430618	3049.0615	0.0	3049.0615	3049.0615	1000.0	3150.3904	0.0	3150.3904	3150.3904	1000.0	236.09055	73.61658	305.85974	-63.87841	1.9842366	0.9889353	3.0081635	33.154007	-10.210512	-237.94334	0.1268575	0.0012875414	0.12930666	0.12504919	-0.022658523	0.9297431	0.8150002	34.668793	5.6028366e-06	315.5243	19.047573	341.0396	243.8792	317.40726	18.807499	337.8704	250.99968	289.73843	15.540626	304.1371	231.12659	-27.668839	4.499035	-17.836132	-37.368237	27.668839	4.499035	37.368237	17.836132	-0.08680045	0.010656475	-0.062065214	-0.113231085	785.80597	248.19688	1396.3851	318.1276	2.4478319	0.6842589	4.227266	1.1070033
86	86999	8054.775060415268	2918.6665	0.0	2918.6665	2918.6665	899.0	3088.1162	0.0	3088.1162	3088.1162	1000.0	236.73357	73.5704	305.9876	-38.628136	1.91139	1.0103877	3.0314245	33.37646	-9.877354	-238.55334	0.12823768	0.0006866074	0.1293255	0.12691371	0.021408673	0.93345505	0.8188451	33.949104	1.296401e-06	301.5053	22.829025	334.48184	233.86835	306.18512	21.711016	337.5446	245.26346	287.7396	15.328691	304.41492	231.38559	-18.445557	13.4132	35.70392	-42.830933	21.31493	8.113338	42.830933	0.42497212	-0.058235306	0.043908443	0.13873476	-0.13723885	520.1525	324.48492	1834.4888	0.18060128	1.6594703	0.9962286	5.8780675	0.0006107029
87	87999	8157.350232601166	3109.342	0.0	3109.342	3109.342	1000.0	3108.0696	0.0	3108.0696	3108.0696	1000.0	237.56564	73.96606	308.34485	-49.307148	1.7489991	0.9821162	3.045344	33.19428	-10.422939	-239.34563	0.12795247	0.0010219504	0.12930053	0.12563485	-0.036801	0.92718345	0.82452434	46.067513	1.9073486e-06	316.55948	18.018333	339.177	246.45798	319.6682	17.164635	336.75754	257.14627	291.4494	16.108698	305.5932	231.21411	-28.218782	3.1881394	-18.452332	-35.720676	28.218782	3.1881394	35.720676	18.452332	-0.08833071	0.00917852	-0.057968434	-0.11028578	806.4638	176.0242	1275.9667	340.48853	2.5176713	0.5012977	3.819642	1.0696527
88	88999	8259.738233804703	3104.1257	0.0	3104.1257	3104.1257	1000.0	3060.5813	0.0	3060.5813	3060.5813	1000.0	239.71164	73.95629	339.42212	-75.621605	1.8356738	0.9878774	3.0615003	32.65552	-9.878538	-241.53734	0.12469016	0.0005141724	0.12563868	0.12337755	-0.025210904	0.923788	0.8197118	40.134834	6.556511e-07	278.5713	59.677425	329.85095	3.3269632	281.80853	59.94831	329.2569	3.3269632	291.35507	17.043325	306.56415	231.58228	9.54654	60.0324	293.37292	-28.27471	38.391357	47.128853	293.37292	0.06031804	0.2586299	1.805278	29.337294	-0.09773976	3695.0256	11214.282	86067.67	0.003638266	68.534836	510.29913	8606.768	1.1959064e-05
89	89999	8361.277024269104	1936.3982	1164.6649	3101.0632	771.7333	637.0	1042.8435	0.0	1042.8435	1042.8435	355.0	241.34525	74.01912	311.92645	-59.787132	3.4912674	1.0143592	3.0577722	32.522285	-10.221424	-243.1658	0.12181829	0.0014875244	0.12598372	0.12009594	0.029991684	0.91744965	0.8208712	35.66284	1.66893e-06	277.06424	57.827244	332.49988	4.505279	267.31195	56.948357	319.5886	4.505279	260.79926	54.892887	305.97452	3.1094236	-6.5126724	11.834354	29.186523	-26.81871	11.96964	6.2605557	29.186523	0.00026843877	-0.025155852	0.05389933	0.184082	-0.26595104	182.46684	162.6133	851.85315	7.205937e-08	0.7257184	0.70985055	5.2235475	2.6494104e-10
90	90999	8463.35102891922	2057.095	0.0	2057.095	2057.095	675.0	3151.8984	0.0	3151.8984	3151.8984	1000.0	241.77829	73.82826	313.68036	-64.76312	2.9081016	1.0119373	3.0355737	32.532436	-11.736869	-243.55125	0.12841882	0.0007011803	0.1294936	0.12598732	0.02468494	0.9207667	0.8293305	45.335228	4.7534704e-06	289.65567	69.75258	340.72345	3.022845	278.48798	68.62314	330.5326	3.022845	278.42648	31.978052	305.5056	44.529564	-0.061478257	54.897358	291.25223	-47.607807	29.022985	46.598175	291.25223	0.032189205	0.31778315	2.2295032	29.125223	-0.5167046	3013.7236	11077.931	84827.87	0.001036145	87.787346	599.70374	8482.787	3.7720322e-06
91	91999	8566.07312822342	2084.3904	1053.3364	3137.7268	1031.0541	673.5	3142.968	0.0	3142.968	3142.968	1000.0	241.79416	74.03432	318.6099	-53.62895	3.6739967	1.0376364	3.0195072	33.304955	-12.529997	-243.60652	0.13241197	0.0022802644	0.13563398	0.12821348	0.07629782	0.9323387	0.82596374	51.68753	1.1920929e-07	314.7661	17.464005	331.56635	244.4031	314.1394	16.065044	327.28522	253.39438	295.10327	17.870913	311.48352	231.14157	-19.036137	3.7504356	-8.932203	-31.282057	19.036137	3.7504356	31.282057	8.932203	-0.061045025	0.014042298	-0.028340844	-0.103195995	376.4403	149.4682	978.5671	79.784256	1.212759	0.52148324	3.0427186	0.2531462
92	92999	8668.579967737198	3130.391	0.0	3130.391	3130.391	1000.0	3164.1895	0.0	3164.1895	3164.1895	1000.0	242.4961	74.01506	316.06088	-37.388638	2.7303905	0.9820317	2.9559805	32.38591	-11.147049	-244.28493	0.13267033	0.0014772343	0.13587862	0.13049968	-0.036083	0.9188745	0.8178897	40.752163	1.5646219e-06	296.72913	53.53763	351.30194	4.814937	290.0663	55.804195	339.05817	4.814937	280.03696	39.81768	310.8407	22.58023	-10.02938	21.649408	78.84709	-38.116043	20.4281	12.327937	78.84709	0.010782911	0.005787454	0.2542301	2.7816517	-0.11416879	569.28534	679.19574	6216.864	0.00011627118	3.4771085	10.113104	104.802124	3.878482e-07
93	93999	8767.48691034317	2188.8782	959.3724	3148.2505	1229.5057	692.5	3135.0835	0.0	3135.0835	3135.0835	1000.0	243.90982	73.86569	317.18256	-61.425777	2.7166693	0.9669048	2.9609745	32.570835	-11.354644	-245.65111	0.12926383	0.0022761927	0.13261642	0.12526666	-0.067794934	0.91945535	0.8106828	39.439487	6.2584877e-07	304.4268	20.871588	339.49353	238.90826	302.85815	20.405462	335.88348	230.09122	292.8095	16.455168	310.91583	232.4438	-10.048659	14.701629	55.06961	-28.236502	16.041039	7.732952	55.06961	0.07981156	-0.031182628	0.052990086	0.23773795	-0.08436429	317.1134	360.9465	3032.662	0.006369885	1.0881441	1.4502581	13.025296	2.1365902e-05
94	94999	8869.895163536072	3110.1118	0.0	3110.1118	3110.1118	1000.0	3142.8132	0.0	3142.8132	3142.8132	1000.0	244.04355	73.84734	316.0839	-33.47156	2.4136703	0.96990657	2.9386928	34.213036	-11.235154	-245.76491	0.12178874	0.0019269225	0.12567008	0.11975994	-0.06308062	0.91240025	0.8087392	36.554848	3.7252903e-07	288.44983	52.554203	331.5174	4.0385437	281.66977	55.959682	323.8353	4.0385437	282.02567	47.39952	311.1874	-5.9393497	0.35585684	25.21243	113.88854	-25.7994	16.54416	19.028505	113.88854	0.01601108	0.008426356	0.17012717	0.970627	-1.256544	635.7932	1658.3871	12970.601	0.00025635466	3.5876372	10.850631	110.5433	8.7477065e-07
95	95999	8971.737974405289	3116.7632	0.0	3116.7632	3116.7632	1000.0	3137.0664	0.0	3137.0664	3137.0664	1000.0	245.52428	73.51489	319.52982	-41.369812	2.3125598	0.9958312	2.9228704	33.863297	-11.157031	-247.20299	0.119606085	0.000582832	0.12031555	0.118179455	-0.008813134	0.91852033	0.81434333	47.082596	1.3113022e-06	299.46286	66.38613	343.0459	3.1638143	297.57916	65.27629	336.65262	3.1638143	293.2693	18.817936	312.00644	232.40999	-4.309889	56.773605	290.15344	-29.548367	31.774767	47.24597	290.15344	9.12672	0.31894255	2.3130138	29.015343	-0.09004933	3241.8179	11745.385	84189.016	83.29702	94.66058	640.3231	8418.901	0.26624626
96	96999	9074.980472564697	3117.2954	0.0	3117.2954	3117.2954	1000.0	3176.2107	0.0	3176.2107	3176.2107	1000.0	247.02486	73.12976	313.22433	-31.125715	2.318048	1.0046927	2.9832015	32.547318	-10.874313	-248.7453	0.12010747	0.0006940839	0.12143976	0.11883518	0.010031757	0.92356724	0.820357	38.83815	1.1995435e-06	317.629	20.287073	345.2438	241.90182	316.27103	18.159943	337.99622	250.63213	294.356	17.048527	312.02405	231.84602	-21.915028	3.0041542	-14.478776	-30.695484	21.915028	3.0041542	30.695484	14.478776	-0.06929117	0.008779832	-0.049600404	-0.10037808	489.29333	132.44382	942.21277	209.63495	1.5421406	0.3967033	2.7921982	0.7195141
97	97999	9178.125303030014	3139.142	0.0	3139.142	3139.142	1000.0	1356.2935	0.0	1356.2935	1356.2935	453.0	248.29814	73.19772	317.62592	-36.467945	2.2005396	0.97208554	2.959136	33.54749	-10.985367	-249.98738	0.11793198	0.0014135869	0.12013835	0.1150448	-0.059693772	0.91628844	0.8186293	42.81212	1.706183e-06	317.44748	18.695206	342.90607	245.06693	318.97864	17.730255	340.86655	254.31044	294.45898	16.264957	310.08685	233.58588	-24.51968	3.6790051	-13.7457485	-34.651672	24.51968	3.6790051	34.651672	13.7457485	-0.07680921	0.010138235	-0.044716123	-0.103551716	614.74976	182.93185	1200.7384	188.9456	1.9176592	0.5220147	3.5882401	0.61465657
98	98999	9281.29826784134	3157.2034	0.0	3157.2034	3157.2034	1000.0	2807.5432	0.0	2807.5432	2807.5432	860.0	249.07343	73.20275	315.88293	-47.999096	1.789608	0.9986547	3.0212908	33.464165	-11.350879	-250.71924	0.11440491	0.00045006466	0.11519758	0.11355909	-0.0028563756	0.9195614	0.83846855	52.90795	3.3974648e-06	316.69562	17.153225	344.0685	248.2014	316.84457	16.264132	342.18924	254.25981	294.30493	16.001991	312.96637	233.57773	-22.53967	4.085257	-11.090514	-30.17839	22.53967	4.085257	30.17839	11.090514	-0.07122816	0.012817576	-0.035132468	-0.09467852	524.7261	180.07399	910.7352	122.999504	1.6549981	0.5527542	2.8193796	0.3896371
99	99999	9381.499284505844	3237.1072	0.0	3237.1072	3237.1072	1000.0	1271.8466	0.0	1271.8466	1271.8466	381.0	249.92738	72.67772	315.16733	-35.22526	1.9495088	1.0054297	3.0101104	32.27494	-11.784023	-251.57794	0.11593555	0.0007759271	0.11718013	0.11477328	0.011788137	0.9231246	0.8283059	43.230507	2.0563602e-06	290.93506	60.17732	348.54745	3.8492613	284.47278	60.389828	339.45267	3.8492613	274.49902	52.68853	313.25696	-1.1718233	-9.973777	24.96484	91.19432	-38.656868	22.19607	15.167526	91.19432	0.066085465	-0.029275464	0.1277152	0.6198257	-0.6851471	722.7195	1162.8818	8316.404	0.0043672887	3.1714358	6.8619695	56.524586	1.597749e-05
