Epoch	TotalEnvInteracts	Time	AverageEpRet	StdEpRet	MaxEpRet	MinEpRet	EpLen	AverageTestEpRet	StdTestEpRet	MaxTestEpRet	MinTestEpRet	TestEpLen	AverageQ1Vals	StdQ1Vals	MaxQ1Vals	MinQ1Vals	LossQ1	AverageLogPi	StdLogPi	MaxLogPi	MinLogPi	LossPi	AverageAlpha	StdAlpha	MaxAlpha	MinAlpha	LossAlpha	AveragePreTanh	StdPreTanh	MaxPreTanh	MinPreTanh	AverageMCDisRet	StdMCDisRet	MaxMCDisRet	MinMCDisRet	AverageMCDisRetEnt	StdMCDisRetEnt	MaxMCDisRetEnt	MinMCDisRetEnt	AverageQPred	StdQPred	MaxQPred	MinQPred	AverageQBias	StdQBias	MaxQBias	MinQBias	AverageQBiasAbs	StdQBiasAbs	MaxQBiasAbs	MinQBiasAbs	AverageNormQBias	StdNormQBias	MaxNormQBias	MinNormQBias	AverageQBiasSqr	StdQBiasSqr	MaxQBiasSqr	MinQBiasSqr	AverageNormQBiasSqr	StdNormQBiasSqr	MaxNormQBiasSqr	MinNormQBiasSqr
0	999	2.073561191558838	19.052065	15.706	83.04234	5.1059	22.522728	71.61605	0.0	71.61605	71.61605	99.0	0.0	0.0	0.0	0.0	0.0	0.0	0.0	0.0	0.0	0.0	0.0	0.0	0.0	0.0	0.0	0.0	0.0	0.0	0.0	14.1227865	16.06823	70.39515	-2.7498553	18.792711	18.579624	83.68721	-0.8078958	0.065055974	0.36160046	1.4683752	-0.7178687	-18.727657	18.610268	1.1700519	-83.663414	18.75859	18.579086	83.663414	0.03828054	-0.75443244	0.34432992	0.11700519	-1.0485308	697.06714	1254.1727	6999.5664	0.0014653996	18.045914	19.123545	83.63962	0.00014653995
1	1999	2.8814330101013184	18.730679	15.602331	83.04234	5.1059	22.222221	71.61605	0.0	71.61605	71.61605	99.0	0.0	0.0	0.0	0.0	0.0	0.0	0.0	0.0	0.0	0.0	0.0	0.0	0.0	0.0	0.0	0.0	0.0	0.0	0.0	14.1227865	16.06823	70.39515	-2.7498553	18.792711	18.579624	83.68721	-0.8078958	0.065055974	0.36160046	1.4683752	-0.7178687	-18.727657	18.610268	1.1700519	-83.663414	18.75859	18.579086	83.663414	0.03828054	-0.75443244	0.34432992	0.11700519	-1.0485308	697.06714	1254.1727	6999.5664	0.0014653996	18.045914	19.123545	83.63962	0.00014653995
2	2999	3.7063357830047607	14.880216	10.057022	61.04082	6.0590525	19.9	74.586235	0.0	74.586235	74.586235	103.0	0.0	0.0	0.0	0.0	0.0	0.0	0.0	0.0	0.0	0.0	0.0	0.0	0.0	0.0	0.0	0.0	0.0	0.0	0.0	23.239277	26.06246	80.74299	-1.6854705	29.11034	30.490704	99.10748	-0.5458871	0.04839647	0.34755203	1.2167604	-0.6985291	-29.061945	30.568527	0.6250514	-99.048515	29.074823	30.556276	99.048515	0.010389	-0.77915525	0.3345339	0.06250513	-1.0412264	1779.0315	2825.9185	9810.609	0.00010793133	28.469452	31.092224	99.048065	1.0793133e-05
3	3999	4.525926113128662	17.850042	17.819202	90.71151	4.7930055	21.733334	69.04888	0.0	69.04888	69.04888	96.0	0.0	0.0	0.0	0.0	0.0	0.0	0.0	0.0	0.0	0.0	0.0	0.0	0.0	0.0	0.0	0.0	0.0	0.0	0.0	18.482622	19.888329	91.96498	-1.0409228	24.538673	23.512678	109.98454	-0.29974946	0.030671157	0.3388762	1.305283	-0.71742606	-24.508001	23.551907	0.34940737	-109.89702	24.509777	23.550058	109.89702	0.014726273	-0.8101433	0.31106618	0.034940735	-1.0510138	1155.3346	2117.976	12077.355	0.0002168631	23.942463	24.05625	110.250626	2.168631e-05
4	4999	5.342428922653198	18.229647	11.426507	58.095108	6.4634733	22.326086	70.97729	0.0	70.97729	70.97729	98.0	0.0	0.0	0.0	0.0	0.0	0.0	0.0	0.0	0.0	0.0	0.0	0.0	0.0	0.0	0.0	0.0	0.0	0.0	0.0	11.211683	12.395972	50.646065	-3.2982519	15.760113	15.145433	66.32351	-1.5898092	0.052815113	0.33668655	1.2213264	-0.8713399	-15.707298	15.241415	1.9201996	-66.53166	15.765953	15.180735	66.53166	0.0065588593	-0.72042274	0.36728084	0.19201997	-1.0351815	479.01993	817.1771	4426.462	4.3018634e-05	15.057634	15.7829685	66.74047	4.301863e-06
5	5999	99.52210807800293	161.06683	130.93222	376.05365	11.223851	85.181816	160.53995	0.0	160.53995	160.53995	90.0	93.584724	52.98586	182.59233	-13.997186	5.4936686	-0.7822962	1.8777016	12.929234	-10.390819	-100.07656	0.88198686	0.06385889	0.99970007	0.7758168	-0.20667057	0.8424023	0.61445904	4.6858954	2.7939677e-07	77.53853	36.82542	143.23088	2.0616736	87.30035	42.05288	164.92496	2.0616736	173.0754	13.946357	181.99655	33.636578	85.77503	39.23641	175.77586	12.185625	85.77503	39.23641	175.77586	12.185625	2.2399013	3.5605552	17.577585	0.074921876	8896.851	7575.3447	30897.152	148.48946	298.10547	590.8806	3089.7153	0.9129699
6	6999	193.40027165412903	232.21582	88.53057	353.60437	53.433495	113.0	251.01952	0.0	251.01952	251.01952	121.0	186.86908	52.311646	232.98746	-20.79601	8.5532875	-0.2714201	2.310717	15.803059	-10.779354	-196.81635	0.68853396	0.048716087	0.7756222	0.60639226	-0.47390038	0.89068115	0.6563504	5.0359097	1.9073486e-06	96.73396	44.189713	157.90005	2.0626342	103.59652	48.023342	172.3446	2.0626342	189.56392	54.069878	232.99657	5.3788724	85.9674	30.00137	207.53198	1.4078313	85.9674	30.00137	207.53198	1.4078313	1.2935244	1.8513746	20.506378	0.12432641	8290.477	6083.995	43069.523	1.9819889	137.80013	340.74667	4205.115	0.19819888
7	7999	284.4882175922394	305.08844	50.722713	365.5884	213.83846	149.28572	330.55698	0.0	330.55698	330.55698	154.0	199.4781	57.263058	234.42867	-15.22503	5.824752	-0.18766147	2.3853042	19.84358	-9.929153	-208.7415	0.53158265	0.041261084	0.6062313	0.46495456	-0.7488431	0.8778711	0.6594525	5.8042345	3.5315752e-06	117.296265	42.872955	163.1708	3.0116832	121.91715	48.240124	178.38403	3.0116832	157.34317	69.24671	231.77682	6.8555155	35.425995	22.664011	68.42256	-29.061296	36.660492	20.607449	68.42256	0.05804266	0.26234972	0.18083788	1.5035856	-0.3398424	1768.6587	1338.5099	4681.647	0.0033689504	11.981241	7.97277	31.955452	0.00012874215
8	8999	377.3851537704468	358.7396	27.00478	392.56647	313.47464	186.4	341.62424	0.0	341.62424	341.62424	162.0	187.24774	54.19484	231.5284	-17.06167	4.235534	-0.09942292	2.5003898	21.771196	-10.968569	-195.03249	0.4091764	0.032470193	0.4648537	0.3531472	-0.9914036	0.8962985	0.68280536	6.22077	1.1920929e-06	115.75536	43.437965	166.93109	2.9154143	126.22143	49.91854	187.64845	2.9154143	150.00056	59.239304	213.48721	9.488068	23.779118	11.725856	40.353374	-6.674343	23.87852	11.522085	40.353374	0.17918947	0.21800244	0.17794032	1.7942581	-0.07430928	702.94214	490.32904	1628.3949	0.03210887	5.3530817	3.5060227	32.19362	0.0003774745
9	9999	471.268075466156	352.13513	44.221886	390.92902	260.97476	179.66667	1056.5356	0.0	1056.5356	1056.5356	1000.0	166.344	50.853928	213.22418	-27.89508	2.3142197	-0.27694008	2.4900582	24.916866	-9.742203	-172.62148	0.3038288	0.027752493	0.35303953	0.25746885	-1.5332272	0.86448073	0.66978085	5.6395364	4.0084124e-06	94.77603	40.879772	162.95877	1.226713	105.31215	45.413418	184.3225	1.226713	150.18489	28.289206	186.28447	16.532516	44.872738	38.1823	148.87791	-16.270294	45.587486	37.326027	148.87791	0.010351257	1.1334547	2.5026357	14.887793	-0.11579782	3471.451	4820.7754	22164.635	0.00010714854	121.28158	347.55893	2216.4636	5.9233275e-07
10	10999	566.5195715427399	317.8238	124.58809	507.92114	142.51924	192.0	340.47827	0.0	340.47827	340.47827	147.0	154.1391	43.594154	187.85448	-30.445852	2.9039915	0.12630914	2.6184733	27.854427	-11.24199	-159.42813	0.2301112	0.014404114	0.25738445	0.20482603	-1.281841	0.89993256	0.7054254	6.546777	5.9604645e-08	125.12028	49.086628	182.73495	2.710771	134.06236	54.542263	199.491	2.710771	133.42046	53.01539	186.46686	1.573297	-0.6419043	8.245057	19.682081	-20.322989	6.429726	5.201119	20.322989	8.528402e-06	-0.001759935	0.09990841	0.8648046	-0.53709275	68.39301	95.175	413.02386	7.273364e-11	0.5794679	0.8278827	7.4788704	3.9473223e-13
11	11999	659.7615535259247	315.59738	65.973145	421.08234	218.33873	135.71428	405.5882	0.0	405.5882	405.5882	156.0	149.39275	44.011826	187.22621	-17.865458	1.7966084	0.18384637	2.6425836	28.343546	-9.5165415	-154.1321	0.18067256	0.013270813	0.20477669	0.15973139	-1.3932122	0.90235865	0.70367974	6.0128226	1.5646219e-06	139.3592	52.197975	191.46082	3.070111	143.08302	57.130688	202.31084	3.070111	126.50171	51.2311	177.1623	2.667152	-16.581308	7.8861217	3.756858	-29.849266	16.713919	7.601024	29.849266	0.0024244236	-0.10986196	0.067618325	0.3756858	-0.32556644	337.13065	222.24055	890.9787	5.87783e-06	2.160638	1.359669	7.2105513	5.566347e-07
12	12999	751.6092145442963	449.68912	57.090466	563.7411	371.80786	164.0	642.8597	0.0	642.8597	642.8597	200.0	146.35294	43.04536	182.91594	-23.06723	1.4100496	0.4231736	2.646326	30.2338	-12.007942	-150.68791	0.14301519	0.009028739	0.1596995	0.12957707	-1.1161332	0.92267275	0.7170706	6.503852	1.2591481e-06	205.32916	69.52749	281.1138	4.145953	181.17853	63.419376	251.90292	4.145953	149.34172	40.169033	181.52333	11.46265	-31.836813	26.55622	50.243393	-75.930855	36.003567	20.556221	75.930855	0.0077312863	-0.08916524	0.33766428	3.0978837	-0.3086214	1718.8152	1474.758	5765.494	5.9772785e-05	8.999989	8.636186	95.968834	4.3033376e-07
13	13999	841.6736905574799	413.08157	254.86748	632.0689	13.416541	137.0	523.7321	0.0	523.7321	523.7321	162.0	159.76956	48.40716	222.89513	-24.086912	2.1219923	0.99372864	2.8052766	30.321928	-11.818827	-164.36784	0.1263086	0.0014705758	0.13022302	0.124615304	-0.012984054	0.9711997	0.7599647	8.638149	2.4437904e-06	174.52434	62.684273	250.87444	4.740622	150.90274	56.63897	216.80586	4.740622	177.22185	44.876194	223.02988	26.86581	26.319101	25.955364	107.140366	-14.451125	27.965824	24.172068	107.140366	0.003232578	0.40946832	0.9160928	7.461167	-0.08373811	1366.3762	2060.2922	11479.059	1.044956e-05	25.33644	67.69985	556.6901	4.9056812e-08
14	14999	935.7086493968964	665.60016	76.40535	737.8007	527.55334	204.2	691.8114	0.0	691.8114	691.8114	212.0	183.11656	57.351566	251.62065	-37.066036	2.1577396	1.2792838	2.775432	30.977402	-16.736315	-188.14406	0.14513217	0.0072450917	0.15586928	0.13025649	0.5451448	0.98792666	0.7761327	7.459986	8.314848e-06	212.51978	72.26599	279.913	3.979928	192.113	66.992966	257.22824	3.979928	198.02678	54.181767	250.19543	4.5376463	5.9137692	17.945889	68.16883	-23.534275	14.259745	12.397066	68.16883	0.043692354	0.12826683	0.4466464	6.490447	-0.36936972	357.02762	604.8772	4646.989	0.0019090216	5.4450054	22.863531	421.25903	7.666648e-06
15	15999	1027.828731060028	737.9952	78.15601	846.64136	627.9253	225.0	826.60425	0.0	826.60425	826.60425	243.0	195.80705	60.68516	250.27454	-20.99297	2.0983016	0.9564866	2.75794	33.369114	-12.272216	-200.81163	0.15719046	0.0037605325	0.16171107	0.14897484	-0.08182153	0.95121646	0.7607053	8.197528	1.6950071e-06	222.04388	71.68393	290.6394	4.276074	208.45966	67.24754	267.75247	4.276074	202.84694	58.971317	247.43661	15.585421	-5.6127253	14.649729	32.638844	-28.177603	13.6835785	7.673128	32.638844	0.01914392	0.023940124	0.26387802	3.116204	-0.25009555	246.11726	208.09816	1065.2941	0.00036648966	2.0433874	5.982565	97.10727	2.1261174e-06
16	16999	1122.227243900299	831.4735	45.338917	862.95056	753.3559	247.0	1233.626	0.0	1233.626	1233.626	366.0	199.71474	60.748634	261.7068	-66.288185	2.0011659	0.9986814	2.785304	33.93711	-10.852455	-204.39697	0.14782998	0.0006847673	0.1490417	0.14662471	-0.002470766	0.934424	0.7637303	8.936729	8.34465e-07	266.24155	72.46371	341.01596	4.163785	248.27727	68.12833	322.03833	4.163785	225.26631	52.57253	261.68024	1.5814232	-23.010965	21.117615	27.48323	-69.80252	27.040247	15.62956	69.80252	0.057756852	-0.0750904	0.102422774	0.4572979	-0.4097949	975.4582	1027.6339	4872.392	0.003335854	3.5574007	3.2247903	15.393964	5.6461347e-05
17	17999	1217.070088148117	870.37585	66.15803	972.26984	786.9909	255.25	1128.3549	0.0	1128.3549	1128.3549	328.0	206.43146	62.976322	271.74136	-28.142597	1.8415673	1.0365515	2.7802455	33.94937	-12.947323	-211.1105	0.1528025	0.0020911903	0.15627368	0.14894745	0.0687672	0.9287265	0.7653541	8.944749	3.1143427e-06	246.46169	75.65225	314.5552	3.9913418	234.50497	72.24323	301.14322	3.9913418	222.53806	62.84736	270.2912	3.553939	-11.966927	13.446182	39.0694	-33.19679	15.692944	8.816955	39.0694	0.0013810705	-0.02933548	0.12789714	1.4674128	-0.4145819	324.00714	278.7987	1526.4181	1.9073555e-06	1.5279838	2.3588467	28.143015	9.585322e-08
18	18999	1311.8928000926971	936.23987	27.579094	972.2301	897.18915	277.0	1129.2509	0.0	1129.2509	1129.2509	323.0	211.93388	64.880424	275.2571	-20.757921	1.699113	0.98349553	2.775295	34.246883	-9.825555	-216.44473	0.15543479	0.0012591582	0.1570884	0.15291941	-0.030782837	0.9218648	0.76094216	9.342793	1.7285347e-06	268.39423	74.38883	332.05734	4.890724	257.65118	70.93785	318.87137	4.890724	232.93312	61.224247	278.42255	2.3583057	-24.718054	12.939682	3.518917	-51.490547	24.756273	12.866415	51.490547	0.16628467	-0.092270084	0.04347698	0.1445175	-0.5086824	778.4176	625.7697	2651.2766	0.027650587	2.6713562	1.9275944	8.442862	0.00048489132
19	19999	1405.9907274246216	993.75116	144.26082	1195.8134	868.3291	291.0	926.81415	0.0	926.81415	926.81415	279.0	214.67157	65.45496	281.95428	-25.760916	1.5482839	0.9803833	2.7743702	34.56982	-11.265123	-218.96323	0.14821286	0.0017331835	0.15287954	0.14600374	-0.03708544	0.91519505	0.7594995	9.513028	7.748604e-07	235.77516	72.095856	297.39148	4.1671867	224.89357	68.521484	281.2733	4.1671867	226.3942	67.718445	280.7044	0.78861916	1.5006189	9.627487	30.09226	-18.725086	7.4685564	6.257878	30.09226	0.001969236	0.00875264	0.08746484	0.78839463	-0.6692175	94.94037	140.29391	905.5441	3.877891e-06	0.6074589	1.3106605	12.404694	1.394947e-08
20	20999	1500.9493219852448	955.01733	239.04977	1213.542	589.7338	293.5	1346.3186	0.0	1346.3186	1346.3186	386.0	217.28766	66.180435	286.26233	-24.200613	3.052634	1.0148463	2.768963	34.85475	-10.408649	-221.52112	0.1483774	0.00096073543	0.15135853	0.14742893	0.028236108	0.9143859	0.76226	9.878817	1.0919757e-07	255.09824	78.01361	322.60162	4.1763945	240.6963	72.93502	303.45358	4.1763945	233.76013	64.25286	282.60938	4.0280647	-6.93616	17.39107	62.548634	-30.529102	16.218103	9.355891	62.548634	0.004312416	-0.01014825	0.12227248	0.96472603	-0.19853225	350.5596	399.73724	3912.3318	1.8596933e-05	1.8844602	4.6896763	58.959785	1.441784e-06
21	21999	1595.97931599617	1397.9685	35.46466	1433.4331	1362.5038	403.5	1095.6815	0.0	1095.6815	1095.6815	316.0	220.01704	66.48185	293.69705	-22.995993	1.8473879	1.0244426	2.757907	34.342644	-11.061857	-224.09143	0.15479654	0.0014065276	0.15728071	0.15137962	0.045719415	0.9158123	0.7639697	10.458558	1.1920929e-07	277.8233	59.843983	330.4221	5.469433	267.11765	57.875065	318.40363	5.469433	251.84283	48.033264	290.5532	20.380232	-15.274808	14.240131	37.850723	-35.170315	19.718493	6.8762054	37.850723	0.2149678	-0.04008241	0.11224489	1.5916578	-0.11783537	436.1011	251.64685	1432.6774	0.046211157	1.7867732	1.9646883	28.755693	0.00016731452
22	22999	1689.658453464508	1373.4906	115.55001	1465.1592	1210.501	403.66666	971.92474	0.0	971.92474	971.92474	284.0	224.04204	66.9969	296.85364	-20.475458	1.6551338	1.0050654	2.7405992	34.425774	-9.826052	-227.95012	0.159219	0.00095719786	0.16060634	0.15717942	0.009406452	0.9172306	0.76438665	9.482081	1.1026859e-06	257.61896	76.30414	335.8941	4.726266	246.12093	72.54552	318.64227	4.726266	239.89604	66.423416	296.14383	1.3046762	-6.224869	15.001456	62.64696	-25.497793	13.285791	9.3424	62.64696	0.04434937	-0.015759138	0.09466641	0.65754807	-0.34933224	263.7927	438.47345	3924.6418	0.0019668667	1.3545047	3.8209035	41.19339	7.0543174e-06
23	23999	1783.5704236030579	1531.6199	0.0	1531.6199	1531.6199	450.0	1019.23663	0.0	1019.23663	1019.23663	300.0	226.2704	67.911095	301.63522	-19.297102	1.6222203	1.0094533	2.7289088	35.352974	-11.909037	-230.11244	0.16025032	0.0010259942	0.1618711	0.15852179	0.01738964	0.9127714	0.7690375	11.810454	2.503395e-06	266.64822	71.95752	334.4232	4.4409866	258.8792	70.18384	321.85284	4.4409866	246.32362	60.412567	295.95673	1.2946475	-12.555557	12.497172	35.12571	-33.61247	16.230713	7.0982575	35.12571	0.011111211	-0.032245122	0.08598322	0.5276611	-0.3146339	313.82132	223.71252	1233.8154	0.00012345902	1.3556703	1.738513	18.4251	2.7354004e-06
24	24999	1878.392825126648	1687.3213	423.44977	2110.771	1263.8715	501.5	2288.5222	0.0	2288.5222	2288.5222	648.0	228.16876	68.66648	302.97308	-28.504396	1.4997971	0.97744125	2.7198062	36.311832	-11.877922	-231.85112	0.15804403	0.0020126437	0.16111116	0.15507165	-0.041560333	0.9034673	0.76399994	9.752813	6.198883e-06	312.9211	52.868717	355.13657	4.9488673	301.5874	51.26908	341.49194	4.9488673	273.4939	44.299404	303.77887	7.7511415	-28.093554	10.073055	9.626755	-46.894604	28.28624	9.518551	46.894604	0.99486077	-0.08819688	0.0411987	0.48876297	-0.14057185	890.7141	477.42505	2199.104	0.989748	2.827794	1.3737364	6.507933	0.011013548
25	25999	1972.7710585594177	1778.344	316.06342	2094.4075	1462.2806	508.5	1238.0704	0.0	1238.0704	1238.0704	343.0	231.37714	69.46986	309.5359	-28.458214	1.508831	1.0060899	2.7267213	36.11792	-11.469424	-234.99028	0.15537177	0.0005487273	0.15675782	0.15438688	0.011353981	0.9090236	0.76970434	9.221328	3.4868717e-06	272.05612	77.58777	348.11285	4.8674235	259.0204	73.75051	325.98727	4.8674235	243.90439	66.826706	303.32855	5.4458265	-15.115987	9.737794	15.710287	-32.344616	16.415657	7.3378434	32.344616	0.018036798	-0.044463944	0.07239801	0.6191761	-0.1886504	323.31775	229.04694	1046.1742	0.00032532608	1.2213354	0.8378707	5.217525	1.6502626e-06
26	26999	2066.6311972141266	1781.544	403.8962	2320.3494	1347.9318	510.33334	1178.3798	0.0	1178.3798	1178.3798	336.0	234.95358	70.237656	313.93378	-20.287914	1.497739	1.0103074	2.709695	34.27054	-9.996346	-238.45369	0.15855888	0.00088787556	0.15976883	0.15654716	0.019061638	0.91079384	0.76904714	9.809769	9.23872e-07	297.2051	65.94536	358.1	4.4688835	288.08615	64.37682	347.2179	4.4688835	267.02313	54.9429	308.26868	-0.81511706	-21.06305	13.223762	15.616773	-45.353516	21.607248	12.314491	45.353516	0.0019350427	-0.06766198	0.049310196	0.2529684	-0.52840006	618.5199	530.1441	2056.9414	3.7443904e-06	1.9501846	1.5568582	5.991976	2.7338073e-08
27	27999	2161.4066388607025	2020.2593	0.0	2020.2593	2020.2593	569.0	3351.6082	0.0	3351.6082	3351.6082	1000.0	238.27403	71.23306	318.64197	-34.689674	1.564917	0.98643416	2.7017977	34.3811	-11.699959	-241.75194	0.15886533	0.0012468238	0.16053249	0.15605806	-0.025010044	0.9095228	0.77015215	9.908934	2.30968e-07	287.68945	66.49461	347.6075	5.1938124	278.928	63.87491	333.74457	5.1938124	260.40454	61.645348	313.54962	9.469822	-18.523518	6.9390764	13.354661	-47.630527	18.680975	6.5032797	47.630527	0.057405997	-0.06334961	0.07209228	1.3354661	-0.21038358	391.27142	277.0566	2268.6672	0.0032954484	1.4667276	1.2802042	17.834698	2.5483438e-05
28	28999	2255.532832622528	2149.1155	1142.6729	3291.7883	1006.44275	645.0	3306.2944	0.0	3306.2944	3306.2944	1000.0	242.28557	71.75799	319.0506	-19.055656	1.4391294	0.97935945	2.6703677	35.46272	-10.136106	-245.61234	0.15364131	0.0011177456	0.15606184	0.15098993	-0.03862883	0.90059125	0.76561975	11.577723	3.935769e-06	306.52652	35.521667	345.5763	184.46437	295.88736	33.463657	330.2071	171.77989	292.3438	24.257374	313.21603	170.25266	-3.5435286	28.454185	123.86975	-26.584888	20.34331	20.207596	123.86975	9.0796704e-05	-0.0025463903	0.12223551	0.66007316	-0.09362719	822.19714	2073.3086	15343.716	8.244041e-09	3.4556055	10.0887375	81.7631	3.1380506e-11
29	29999	2346.9666469097137	1493.0309	434.25696	1927.2878	1058.7739	423.5	1040.4357	0.0	1040.4357	1040.4357	295.0	244.62074	72.10719	320.83716	-37.226406	1.4952283	0.98877394	2.6672637	36.508446	-10.046716	-247.87311	0.14960624	0.0010339095	0.15108521	0.14739205	-0.021273168	0.89065415	0.7654344	9.764322	4.351139e-06	265.81128	76.79702	335.07596	5.304089	255.26877	73.572296	319.684	5.304089	249.37479	71.912834	311.41315	8.815526	-5.893988	7.3948708	16.788458	-24.594923	7.789164	5.362102	24.594923	0.00039005213	-0.014276841	0.08796776	1.5382959	-0.210698	89.4232	100.36322	604.9102	1.5214067e-07	0.45148632	0.98864317	23.663542	2.3955995e-09
30	30999	2441.702014684677	1294.0814	191.07584	1544.273	1080.5656	361.0	1174.4619	0.0	1174.4619	1174.4619	328.0	246.5093	71.786705	322.2027	-23.024626	1.4296572	0.99399275	2.6450055	35.915005	-12.151001	-249.65288	0.14699057	0.0008581321	0.14842948	0.14546931	-0.0114506455	0.8835333	0.7634262	11.074029	4.991889e-07	273.0149	77.98827	340.54846	5.2454977	263.61746	74.7571	328.8006	5.2454977	252.71266	71.413284	312.5273	6.5435905	-10.904779	6.6643615	10.028215	-30.083635	11.373818	5.8278823	30.083635	0.0023432935	-0.0423807	0.04208797	0.36666635	-0.3224934	163.32793	141.57533	905.02515	5.491025e-06	0.61783916	0.5761686	6.767589	2.2336271e-08
31	31999	2537.4077327251434	1459.0876	435.92877	1895.0165	1023.15894	413.0	3120.3464	0.0	3120.3464	3120.3464	1000.0	247.35995	71.79412	322.48047	-17.235657	1.5721291	1.0031592	2.6366022	36.523884	-10.402929	-250.37332	0.14708084	0.0005483881	0.14829792	0.1463274	0.006104548	0.8791814	0.76194555	9.750789	1.7881393e-07	331.42862	19.680132	356.59906	260.8842	323.3207	16.329556	343.08667	263.11768	301.59482	15.737279	318.75574	244.4509	-21.725904	9.375443	4.846073	-37.989147	21.902325	8.955559	37.989147	0.039373845	-0.066876	0.028229611	0.0155948885	-0.11357609	559.9139	326.74112	1443.1752	0.0015502996	1.7152848	0.96976733	4.3146586	4.9195405e-06
32	32999	2633.0213294029236	1529.459	0.0	1529.459	1529.459	429.0	3157.7246	0.0	3157.7246	3157.7246	1000.0	248.75066	72.16384	323.32703	-35.447105	1.343843	0.99106824	2.6382253	36.788635	-11.436795	-251.7871	0.14683646	0.00094064383	0.14864424	0.14548914	-0.017107958	0.8744008	0.75724703	10.243698	8.940697e-07	321.49945	37.217724	354.21826	120.436745	314.6474	36.578033	347.0524	120.16989	295.90158	30.642925	321.23053	108.59624	-18.74586	9.879057	18.948471	-35.326443	19.755573	7.662919	35.326443	0.32607114	-0.056892715	0.034117844	0.11828828	-0.14003055	449.003	285.164	1247.9576	0.10632239	1.3959562	0.83681184	3.6145256	0.00041051788
33	33999	2727.6542088985443	2877.7632	496.69653	3374.4597	2381.0667	877.0	3461.2012	0.0	3461.2012	3461.2012	1000.0	251.87851	72.326904	325.82547	-24.46309	1.9932936	0.9998958	2.6490946	36.34866	-12.94442	-254.81015	0.14354353	0.0013905024	0.14547968	0.14072104	-0.00012119389	0.86629856	0.754137	10.466206	8.791685e-07	295.9824	67.45255	356.65326	4.5055523	284.22137	64.49816	343.70786	4.5055523	272.92014	58.347775	322.20697	-2.8195512	-11.301231	11.037247	32.521595	-39.30531	13.349883	8.445075	39.30531	0.06446128	-0.034577288	0.063120335	0.44106072	-0.7325104	249.53865	267.81894	1544.9073	0.004155257	0.8955354	1.0897058	14.343998	1.3300676e-05
34	34999	2823.1942892074585	1049.4532	219.53798	1325.321	788.15765	297.33334	3298.9326	0.0	3298.9326	3298.9326	1000.0	252.53416	72.90036	329.3799	-38.46318	2.3446038	1.0197085	2.656749	36.13848	-12.092265	-255.47197	0.14916715	0.0014785994	0.15073754	0.14524245	0.03776263	0.8629882	0.76269037	11.36413	3.1292439e-07	326.8562	28.088663	349.78912	185.21463	319.16	26.166256	343.76752	182.38257	298.84927	28.21732	323.16266	161.48193	-20.310724	5.474116	-6.8890495	-35.874973	20.310724	5.474116	35.874973	6.8890495	-0.064686395	0.020623697	-0.021244202	-0.13847226	442.49136	214.88988	1287.0137	47.459003	1.4180744	0.74781847	4.0475006	0.14635235
35	35999	2919.234899520874	2266.0205	1027.787	3293.8074	1238.2334	674.0	3199.9148	0.0	3199.9148	3199.9148	1000.0	254.28436	71.97716	329.5787	-23.504717	1.9272379	0.98459715	2.626449	34.904808	-11.141193	-257.17764	0.14772235	0.0013094273	0.14994605	0.14574094	-0.029342022	0.8618523	0.7536336	12.973697	1.7881393e-07	326.91238	17.91747	347.10867	255.77068	321.10223	14.552579	337.36673	264.46774	308.1304	17.001163	323.91364	245.82996	-12.971838	4.456096	-0.21511191	-22.41752	12.971838	4.456096	22.41752	0.21511191	-0.040801596	0.015258557	-0.00066895044	-0.074927	188.12535	112.46267	502.54523	0.04627313	0.5963188	0.37774137	1.6281984	0.0001438992
36	36999	3013.4813923835754	1186.7397	0.0	1186.7397	1186.7397	332.0	1068.6069	0.0	1068.6069	1068.6069	299.0	255.75453	72.21851	331.13712	-45.774643	1.6906701	0.97406924	2.637317	35.40024	-10.539965	-258.5464	0.14286834	0.0018020471	0.14641897	0.14038181	-0.050322387	0.86083776	0.75080216	11.88889	1.013279e-06	269.42157	78.87547	338.91727	4.8534555	259.0034	75.43526	323.30554	4.8534555	248.07394	74.56361	316.5136	0.8311505	-10.92948	9.626736	13.129911	-40.048244	11.572781	8.842982	40.048244	0.017556515	-0.049919896	0.06362561	0.13188513	-0.7228171	212.12756	293.9879	1603.8617	0.0003082312	0.8769645	1.1446888	7.4401536	1.0480295e-06
37	37999	3107.7587094306946	2317.7207	955.8051	3273.526	1361.9156	693.0	1016.8259	0.0	1016.8259	1016.8259	292.0	258.064	71.76044	332.2473	-47.81072	1.7314036	0.9971725	2.651211	35.67835	-12.891737	-260.7773	0.13882522	0.0008793449	0.14037105	0.13736346	-0.0055096094	0.863875	0.75314564	11.537553	1.6391277e-07	264.41464	80.71967	329.2766	4.611177	252.79295	77.271454	314.8708	4.611177	250.66997	74.596275	315.0146	0.03924811	-2.1229615	7.954262	24.77634	-19.040173	6.9158187	4.4663973	24.77634	0.015130153	-0.0051374435	0.075025626	0.897803	-0.4580422	67.77725	80.61228	613.86707	0.00022892153	0.38955274	0.7733588	8.3441	1.0729509e-06
38	38999	3202.177259206772	1060.5813	50.783325	1143.3458	1015.8886	303.25	1114.1025	0.0	1114.1025	1114.1025	318.0	258.21387	71.72499	331.88455	-14.29778	1.641584	0.99614906	2.6589704	33.768906	-13.821646	-260.85577	0.13865256	0.0006360717	0.13980372	0.13747568	-0.0075370427	0.86016905	0.7568038	11.115625	2.3245811e-06	301.4671	56.955833	351.127	5.4744625	288.89856	54.350193	338.01883	5.4744625	277.76804	50.100044	320.01465	5.8711205	-11.130548	11.760258	38.800858	-38.582623	14.654516	6.8875175	38.800858	0.07379095	-0.0367092	0.052846286	0.21523006	-0.34565863	262.19278	228.23183	1505.5065	0.005445105	0.9641509	1.1015841	13.336416	1.7085309e-05
39	39999	3298.128632545471	1098.4454	64.39751	1188.5101	1041.7161	310.66666	3364.7046	0.0	3364.7046	3364.7046	1000.0	257.69177	72.17895	328.95233	-30.00962	1.7042001	0.99443233	2.6505027	34.227306	-10.49617	-260.32062	0.1390041	0.00035971106	0.1397763	0.13756552	-0.010972234	0.85160524	0.7507211	9.862004	1.0877848e-06	339.805	20.582716	363.20435	260.8167	333.4019	17.313395	351.01733	267.27304	310.9106	16.829569	326.0728	246.63997	-22.49125	5.207688	-5.8339586	-35.0928	22.49125	5.207688	35.0928	5.8339586	-0.067467056	0.015106815	-0.017738065	-0.10295011	532.9764	226.139	1231.5048	34.035072	1.5935498	0.6517876	3.612808	0.10348313
40	40999	3391.1329896450043	1279.0114	0.0	1279.0114	1279.0114	355.0	1452.8378	0.0	1452.8378	1452.8378	406.0	258.01917	72.03066	332.99356	-25.075104	1.6796798	0.98883295	2.63941	33.685356	-10.775236	-260.55624	0.1367865	0.000959244	0.13866484	0.1351569	-0.022198452	0.8526506	0.7526775	14.243714	2.0116568e-06	295.47534	71.251015	355.95993	4.8015575	284.7645	69.995804	348.35968	4.8015575	275.48108	62.25215	322.56903	7.498232	-9.283424	13.652327	34.460262	-31.562902	13.806862	9.0519905	34.460262	0.024178792	-0.022156984	0.06480813	0.51533014	-0.107275456	272.56796	268.47662	1187.5098	0.00058461394	0.9623905	1.0397744	10.645044	1.8623919e-06
41	41999	3486.5306463241577	1907.7726	947.8133	3228.4753	1049.095	543.6667	3408.3887	0.0	3408.3887	3408.3887	1000.0	258.69107	72.099785	329.5112	-34.680325	1.5756726	1.0117165	2.642021	33.81775	-10.72512	-261.1862	0.13622382	0.0006857449	0.13755195	0.13509843	0.023384906	0.8471964	0.7529722	10.672867	2.156943e-06	296.29965	74.78418	363.23785	4.963434	286.77283	73.62444	354.20883	4.963434	272.43134	64.72557	320.34778	4.629826	-14.341473	15.47972	49.076252	-42.347256	18.228296	10.631501	49.076252	0.041674756	-0.0405902	0.0766396	0.5188311	-0.15363842	445.2996	447.6314	2408.4785	0.0017367854	1.6377052	2.4982603	23.299673	5.50625e-06
42	42999	3580.887679338455	1168.866	52.139256	1232.5404	1104.8274	328.66666	1213.4182	0.0	1213.4182	1213.4182	337.0	258.76685	72.277916	330.53702	-41.058064	1.5462188	0.9706529	2.6301143	32.083504	-11.416186	-261.22015	0.13510089	0.0018581894	0.13782145	0.13103957	-0.058849014	0.8429762	0.750111	10.013329	2.7269125e-06	292.25922	74.207214	359.28763	5.1236267	282.04376	70.731	347.51294	5.1236267	267.21088	67.392426	321.39563	1.5608833	-14.832893	9.123693	2.8050478	-38.783424	14.904223	9.006699	38.783424	0.0044474695	-0.05490165	0.034736164	0.25786397	-0.35627434	303.25653	337.16016	1504.154	1.9779984e-05	1.0162011	1.015892	8.152422	6.324207e-08
43	43999	3676.3651061058044	1965.3201	224.27466	2189.5947	1741.0454	549.0	3333.067	0.0	3333.067	3333.067	1000.0	259.36145	71.853966	330.30157	-44.66961	1.5234032	0.98014295	2.6530466	38.421074	-10.970167	-261.69177	0.12930726	0.0013991308	0.13116948	0.12679078	-0.040613685	0.8429366	0.751841	12.856842	9.760261e-07	333.0746	18.489468	351.1276	260.42004	329.25458	15.280185	344.83377	269.35648	310.30942	17.279196	326.27545	245.87767	-18.945185	4.86473	-4.141672	-57.620785	18.945185	4.86473	57.620785	4.141672	-0.05789573	0.016091965	-0.012703844	-0.1737596	382.58566	201.8599	3320.155	17.153448	1.1733038	0.6361763	10.012164	0.05261516
44	44999	3772.635514974594	3323.6753	0.0	3323.6753	3323.6753	1000.0	3303.9678	0.0	3303.9678	3303.9678	1000.0	260.6437	71.89717	330.55258	-37.924603	1.539944	0.98779523	2.65082	33.56771	-11.320923	-262.95612	0.12515305	0.0006901816	0.12681293	0.12382125	-0.025272366	0.844693	0.754607	10.692869	5.9604645e-08	333.25897	18.580261	353.35944	260.0266	328.5622	15.22891	343.5252	267.19922	310.66473	17.181255	325.6554	245.8523	-17.897438	4.4339046	-6.892603	-31.501421	17.897438	4.4339046	31.501421	6.892603	-0.054835614	0.014943473	-0.021202201	-0.09355854	339.9778	156.51678	992.33954	47.507973	1.0459937	0.50615543	2.947227	0.14613836
45	45999	3868.433027744293	3349.9656	0.0	3349.9656	3349.9656	1000.0	3324.7559	0.0	3324.7559	3324.7559	1000.0	262.48416	72.11218	331.1835	-113.37867	1.5091219	1.0023417	2.6712246	32.657135	-11.532977	-264.77386	0.12409235	0.0010910522	0.1261448	0.12243571	0.0049415343	0.8508667	0.76202166	12.578945	6.631017e-07	331.4975	25.523067	354.16458	220.00627	324.3564	25.236288	345.93652	210.18552	302.6597	22.924496	325.9474	200.73729	-21.696737	4.5886054	-4.964875	-32.15889	21.696737	4.5886054	32.15889	4.964875	-0.066593364	0.01265719	-0.02092371	-0.09692451	491.80368	183.964	1034.1942	24.649984	1.5000165	0.5372358	3.1169846	0.10388361
46	46999	3964.0351696014404	3358.8164	0.0	3358.8164	3358.8164	1000.0	3348.8923	0.0	3348.8923	3348.8923	1000.0	264.82718	71.52373	331.96866	-78.33485	1.4816421	0.9806604	2.6566184	33.69364	-9.536087	-267.03537	0.12317984	0.0011383303	0.12476065	0.12099597	-0.040503357	0.8498021	0.75962454	13.119163	6.7055225e-07	319.03992	53.621563	352.9272	5.233003	313.2272	52.642563	345.09277	5.233003	294.8131	50.04435	328.10437	5.79256	-18.414152	5.1322083	0.8229666	-29.390106	18.416815	5.1226506	29.390106	0.55955696	-0.059478223	0.020139469	0.056824636	-0.36526442	365.42056	166.94096	863.7783	0.313104	1.1460568	0.5039084	2.5906537	0.031310398
47	47999	4059.781849861145	3341.3408	0.0	3341.3408	3341.3408	1000.0	3264.7083	0.0	3264.7083	3264.7083	1000.0	266.6366	71.475586	332.32574	-44.16189	1.3959719	0.99208856	2.6542606	32.686504	-13.699539	-268.85455	0.11946928	0.0006610019	0.12097378	0.11841065	-0.016725516	0.8478733	0.7588611	10.497356	3.7252903e-07	331.98584	19.231367	353.4351	258.81662	329.07858	15.914929	347.08646	265.74677	312.17114	17.123999	328.0217	247.73294	-16.90745	5.7542276	-5.9169474	-30.976665	16.90745	5.7542276	30.976665	5.9169474	-0.051572386	0.0177797	-0.017783668	-0.09139783	318.97302	207.78902	959.5538	35.010265	0.97237855	0.62629616	2.8312	0.105225034
48	48999	4155.486214876175	3344.0818	0.0	3344.0818	3344.0818	1000.0	3389.8535	0.0	3389.8535	3389.8535	1000.0	268.3405	71.56603	333.00073	-40.86972	1.3075799	0.97478026	2.6284351	33.163624	-9.85226	-270.4802	0.11669959	0.0010538289	0.11919791	0.11454097	-0.054075584	0.8441057	0.7546277	12.701153	2.95043e-06	341.45	20.33472	357.94858	261.07715	335.8295	16.592936	350.85403	271.11868	315.636	18.092588	329.19922	247.27872	-20.193493	2.512459	-12.112487	-26.506708	20.193493	2.512459	26.506708	12.112487	-0.06052355	0.010102547	-0.03574947	-0.093837745	414.0896	103.77692	702.6056	146.71234	1.2461878	0.3674533	2.4058206	0.43301496
49	49999	4251.3841252326965	3355.5725	0.0	3355.5725	3355.5725	1000.0	3415.1143	0.0	3415.1143	3415.1143	1000.0	270.2851	71.23851	333.727	-68.55955	1.2616223	0.9847314	2.6223242	33.04046	-10.678094	-272.426	0.11248801	0.000689715	0.11453051	0.11135891	-0.033221245	0.8438349	0.755193	11.265531	5.811453e-06	340.37485	20.729382	357.42047	261.5908	336.7853	18.310406	354.29193	268.86008	316.70612	18.614977	331.1849	248.59229	-20.079197	3.0681095	-11.4041605	-28.286469	20.079197	3.0681095	28.286469	11.4041605	-0.059838586	0.009943894	-0.03375005	-0.081370205	412.58737	122.676094	800.12427	130.05489	1.2295966	0.37147173	2.2766147	0.38489097
50	50999	4347.020355463028	3370.0762	0.0	3370.0762	3370.0762	1000.0	3389.0745	0.0	3389.0745	3389.0745	1000.0	272.23694	71.01024	335.21558	-51.18313	1.2191458	0.9855291	2.6490214	33.829445	-14.573278	-274.37393	0.109940596	0.001198503	0.11162792	0.10799088	-0.031840727	0.8492358	0.75843704	11.254391	8.34465e-07	328.48358	50.8593	362.54718	30.55441	317.89584	49.76185	352.6024	30.865261	299.74036	47.60031	329.92868	40.970673	-18.155508	5.185896	16.767141	-28.46302	18.342724	4.4788876	28.46302	3.4356709	-0.056126222	0.032755077	0.32740405	-0.19627272	356.516	159.06181	810.14355	11.803835	1.1410944	0.5378382	5.2246222	0.10779613
51	51999	4442.413800954819	3417.55	0.0	3417.55	3417.55	1000.0	3383.632	0.0	3383.632	3383.632	1000.0	273.80692	70.88188	334.9097	-51.792282	1.2223191	1.0012476	2.665574	32.731552	-10.504478	-275.88943	0.10864919	0.0003825245	0.10949309	0.10799925	0.0028239994	0.8485184	0.7603381	10.837881	2.3841858e-07	339.65662	21.639416	356.89554	262.10788	329.51328	19.129229	349.55438	264.92462	313.7682	18.265316	331.0705	249.04776	-15.745108	2.8128772	-6.946425	-30.042366	15.745108	2.8128772	30.042366	6.946425	-0.04777415	0.008037977	-0.021899065	-0.08867487	255.82065	89.181404	902.5437	48.25282	0.77330065	0.25632513	2.6640031	0.15212022
52	52999	4537.551925897598	1917.3867	0.0	1917.3867	1917.3867	531.0	3344.847	0.0	3344.847	3344.847	1000.0	274.63358	71.098694	335.88333	-86.72001	1.3984835	0.9954426	2.6788266	33.79888	-10.681248	-276.7457	0.10968271	0.00049863086	0.11029055	0.10845036	-0.0100502195	0.8495094	0.7668384	12.356216	8.046627e-07	334.45132	19.163403	353.51312	258.3715	330.02292	17.053328	350.2868	266.2143	316.17755	17.425993	332.64807	249.23486	-13.84532	4.545707	2.8393178	-21.903572	13.861086	4.4974036	21.903572	0.11156065	-0.042064633	0.014352545	0.009444032	-0.07671353	212.35635	108.389366	479.76642	0.0124457795	0.64624417	0.33891797	1.6792091	4.162804e-05
53	53999	4633.343837976456	3375.006	0.0	3375.006	3375.006	1000.0	3381.9727	0.0	3381.9727	3381.9727	1000.0	276.05997	70.398285	336.11072	-68.23066	1.1843504	0.99030006	2.6621425	31.875866	-11.3571415	-278.06046	0.10725899	0.0007686956	0.108771116	0.106069654	-0.021571815	0.84374815	0.75914747	12.936449	2.0861626e-07	339.46017	21.335678	360.89783	260.69107	334.5015	18.785303	353.35834	266.67526	318.4106	19.101833	333.87518	249.3328	-16.090881	1.9563792	-10.469405	-22.169138	16.090881	1.9563792	22.169138	10.469405	-0.04832434	0.0070433165	-0.032288335	-0.07035652	262.74387	62.51166	491.4707	109.608444	0.78979135	0.20076694	1.4569496	0.33803964
54	54999	4729.1898102760315	2794.449	0.0	2794.449	2794.449	787.0	3456.296	0.0	3456.296	3456.296	1000.0	277.03253	70.45725	336.95782	-60.89549	1.137403	1.008319	2.6621094	31.812777	-11.459898	-278.99725	0.10668622	0.000635771	0.10812127	0.105801806	0.018617753	0.84210205	0.7600817	13.051538	1.6987324e-06	332.1834	36.02992	361.03824	158.78267	326.843	35.572464	357.1583	156.52104	310.6794	30.184906	334.10797	164.8176	-16.163593	10.607009	12.667179	-29.682632	17.525286	8.1630125	29.682632	0.053702563	-0.04741957	0.03206669	0.078675464	-0.08425189	373.77042	239.56119	881.05865	0.0028839651	1.1035252	0.69230217	2.4958453	1.1009794e-05
55	55999	4823.884421110153	3379.6897	0.0	3379.6897	3379.6897	1000.0	2518.3042	0.0	2518.3042	2518.3042	695.0	278.25397	70.234665	338.03293	-75.48134	1.17875	0.995129	2.6337838	30.84071	-13.50839	-280.1897	0.10800647	0.00025869007	0.10859404	0.10737157	-0.010803693	0.8435146	0.75700885	9.670327	1.937151e-07	331.40536	36.97414	360.24252	132.39899	321.97577	35.9212	352.36115	127.83098	305.66226	36.796974	335.37097	108.96321	-16.313503	4.4020095	-3.1591158	-25.733858	16.313503	4.4020095	25.733858	3.1591158	-0.051956613	0.017833348	-0.009424326	-0.15454759	285.50803	138.51134	662.2314	9.980013	0.91206986	0.48457307	3.1202624	0.029772539
56	56999	4919.62722325325	3376.9412	0.0	3376.9412	3376.9412	1000.0	3413.1099	0.0	3413.1099	3413.1099	1000.0	279.48447	70.3597	338.5634	-21.758074	1.259821	0.98608875	2.6541288	33.208157	-13.269147	-281.39862	0.106098436	0.0013746867	0.107873715	0.10385273	-0.031140415	0.8432114	0.7575994	10.311493	8.940697e-08	343.48923	19.231186	358.42166	265.8057	339.56082	18.310324	357.60355	263.9358	321.64444	18.245007	337.82465	250.87372	-17.916424	2.7386484	-9.725221	-25.28165	17.916424	2.7386484	25.28165	9.725221	-0.05289547	0.008455406	-0.028604582	-0.08472911	328.49838	95.89427	639.1619	94.57992	0.96906227	0.28396857	2.1420918	0.27818587
57	57999	5015.627870321274	2378.576	856.50336	3235.0793	1522.0726	671.0	3396.5625	0.0	3396.5625	3396.5625	1000.0	280.36932	69.988075	340.57126	-20.217356	1.1798035	0.98884755	2.6245592	32.525326	-11.443741	-282.27585	0.103480294	0.0008103142	0.10480634	0.1019704	-0.025197415	0.8334932	0.75268763	11.280843	1.7732382e-06	341.39297	21.670488	361.66492	262.29306	337.21457	18.669436	353.1982	269.7472	321.77335	19.664503	338.97095	250.5104	-15.44124	2.2268932	-8.442587	-21.394972	15.44124	2.2268932	21.394972	8.442587	-0.046121377	0.008562886	-0.024862897	-0.07356852	243.39099	67.80809	457.7448	71.27727	0.72996753	0.23584063	1.4713477	0.20990716
58	58999	5111.493047475815	3395.1094	0.0	3395.1094	3395.1094	1000.0	3374.6719	0.0	3374.6719	3374.6719	1000.0	280.80383	70.313736	338.94913	-28.114895	1.1927373	0.995905	2.6354887	31.971188	-13.383441	-282.67468	0.1022406	0.0007266825	0.1035438	0.101058245	-0.009259438	0.8437923	0.75644505	11.315896	3.3527613e-07	339.81992	21.512236	358.72568	260.75723	336.9888	18.585146	353.98264	268.1211	322.15076	19.81104	338.048	250.02493	-14.838036	2.4220247	-6.969067	-21.445517	14.838036	2.4220247	21.445517	6.969067	-0.044395838	0.009335563	-0.02071104	-0.07731224	226.0335	72.52123	459.9102	48.567894	0.68022513	0.25714418	1.6397847	0.14433663
59	59999	5207.28489279747	3422.5234	0.0	3422.5234	3422.5234	1000.0	3338.7656	0.0	3338.7656	3338.7656	1000.0	281.9785	70.01536	340.84125	-74.89092	1.0680004	1.0138035	2.6340935	32.880096	-10.928526	-283.78757	0.10395887	0.0010644499	0.10541353	0.101723135	0.031377606	0.84581053	0.75709623	11.444004	2.9802322e-08	335.09787	19.504261	352.49582	260.52075	335.10873	17.699968	350.38025	267.80124	322.0931	19.484173	338.25055	250.54453	-13.01567	2.646805	-5.278871	-22.019299	13.01567	2.646805	22.019299	5.278871	-0.039262697	0.010162122	-0.015673608	-0.07908215	176.41322	74.63347	484.84952	27.86648	0.5372352	0.26572618	1.738794	0.08277936
60	60999	5303.342473983765	3409.0632	0.0	3409.0632	3409.0632	1000.0	3413.1028	0.0	3413.1028	3413.1028	1000.0	282.94672	69.894394	343.81833	-104.79773	1.1074417	0.99565935	2.6245196	31.825315	-10.777827	-284.73804	0.10456497	0.00030301354	0.10511891	0.1037172	-0.009763875	0.8457954	0.7564638	11.792343	1.2367964e-06	341.89795	21.527851	359.55963	260.24936	337.87515	18.901558	355.3295	268.47455	322.79047	19.513859	337.8313	251.2843	-15.084658	2.0064201	-9.1712675	-20.541058	15.084658	2.0064201	20.541058	9.1712675	-0.044908293	0.007483612	-0.026746407	-0.07137663	231.57265	59.945217	421.93503	84.112144	0.69111514	0.20103107	1.3785986	0.24529845
61	61999	5399.014697790146	3395.7686	0.0	3395.7686	3395.7686	1000.0	3385.2976	0.0	3385.2976	3385.2976	1000.0	284.3985	69.38096	345.58856	-128.03978	1.1603479	0.9614107	2.6200194	33.032166	-12.351128	-286.1816	0.10004988	0.0017890952	0.10390652	0.09769433	-0.08850591	0.8399498	0.75268215	11.260532	1.4938414e-06	343.2629	23.270414	365.19058	260.05457	337.8231	19.2808	354.22818	267.54276	321.98834	18.986088	338.1355	250.82951	-15.834732	2.0784886	-9.537702	-22.273903	15.834732	2.0784886	22.273903	9.537702	-0.046983227	0.00651357	-0.02845241	-0.06930141	255.05884	65.33024	496.1267	90.96775	0.7558347	0.19350772	1.4116123	0.2713706
62	62999	5494.541343927383	3408.0815	0.0	3408.0815	3408.0815	1000.0	3368.3794	0.0	3368.3794	3368.3794	1000.0	285.76898	69.096275	348.9043	-129.53659	1.1480418	0.97700053	2.6374998	32.402523	-10.867735	-287.52103	0.09490997	0.0011900216	0.09768322	0.093540065	-0.053874057	0.8334241	0.7532125	13.956707	1.4603138e-06	337.71793	21.454733	358.56494	256.53714	331.35248	18.15033	350.4871	265.4646	320.51834	19.199753	337.6545	250.466	-10.834139	2.8622758	-1.9604924	-18.389187	10.834139	2.8622758	18.389187	1.9604924	-0.032978382	0.009851811	-0.0058060125	-0.06667471	125.57119	59.06753	338.1622	3.8435302	0.38458407	0.20003441	1.2260938	0.011382643
63	63999	5589.821219444275	3487.8503	0.0	3487.8503	3487.8503	971.0	3375.5552	0.0	3375.5552	3375.5552	1000.0	286.27625	69.11228	346.21292	-204.89276	1.2077625	0.9815426	2.6523318	31.357117	-11.770871	-288.01917	0.09298875	0.00061643234	0.09427382	0.09142298	-0.043841813	0.8299021	0.75543994	21.773863	4.6491623e-06	338.0099	20.401226	354.60327	258.81516	335.08667	17.832651	350.3834	266.15994	323.8383	19.73408	339.61237	250.19724	-11.248414	2.6115391	-5.6571703	-20.073051	11.248414	2.6115391	20.073051	5.6571703	-0.03400432	0.010067374	-0.016748143	-0.07378632	133.34697	66.64644	402.92743	32.003574	0.40828663	0.24045326	1.4811167	0.094747104
64	64999	5685.518919706345	1686.9363	0.0	1686.9363	1686.9363	472.0	3430.7139	0.0	3430.7139	3430.7139	1000.0	286.70312	68.984085	348.96307	-186.68002	1.1291668	1.0059114	2.6230822	33.75331	-11.127305	-288.42975	0.09103976	0.00040238342	0.09229707	0.090295285	0.01417421	0.829697	0.7540055	14.679183	3.7550926e-06	346.09625	21.224854	361.22357	264.08725	339.76083	18.762833	356.0022	268.11758	323.8886	20.117254	339.36636	250.3599	-15.872251	2.689021	-8.229936	-25.050676	15.872251	2.689021	25.050676	8.229936	-0.047105525	0.010168041	-0.024161832	-0.08914802	259.1592	91.10043	627.5364	67.73184	0.7737399	0.3163003	2.2028852	0.19885033
65	65999	5781.974474668503	3395.7388	0.0	3395.7388	3395.7388	1000.0	3398.0247	0.0	3398.0247	3398.0247	1000.0	287.28546	68.76645	348.589	-158.28964	1.0392678	1.0039344	2.6402767	34.032806	-11.091766	-288.95123	0.093298	0.0007649113	0.094651036	0.09220755	0.009432022	0.83199346	0.75503105	14.06373	4.2915344e-06	340.65286	21.156876	359.00098	261.02264	338.37195	19.422138	355.98785	268.30798	324.7877	20.465822	340.45654	249.60077	-13.584263	2.271782	-8.264578	-22.0617	13.584263	2.271782	22.0617	8.264578	-0.04048975	0.008815486	-0.024259165	-0.079422966	189.69319	64.93984	486.71863	68.30325	0.5689701	0.2317486	1.7522057	0.20049177
66	66999	5877.788354635239	2683.5474	709.0497	3392.5972	1974.4978	777.0	3400.035	0.0	3400.035	3400.035	1000.0	287.84183	68.99034	348.84583	-189.05333	1.1561589	0.9984617	2.6320102	32.524643	-11.020672	-289.46188	0.09250511	0.0005294464	0.09339771	0.09154142	-0.0036011096	0.8309215	0.7541651	12.216088	1.1920929e-06	338.51978	21.82785	355.89777	257.4718	336.51187	19.86374	353.787	258.90918	325.04532	20.409878	340.42355	250.58463	-11.466568	2.5692272	-3.4974995	-20.070051	11.466568	2.5692272	20.070051	3.4974995	-0.034292176	0.008942963	-0.011561685	-0.07216883	138.08313	61.570446	402.80698	12.232503	0.41524908	0.21016833	1.4484321	0.04043699
67	67999	5971.704875230789	3467.9426	0.0	3467.9426	3467.9426	1000.0	3396.1687	0.0	3396.1687	3396.1687	1000.0	288.45218	68.7337	348.29868	-166.71165	1.0964817	1.0150115	2.611819	32.10291	-10.679205	-290.08356	0.09332849	0.0010217803	0.095382586	0.09196291	0.03560875	0.8258026	0.75150985	10.832258	4.4703484e-07	340.965	21.419346	359.432	261.5465	336.68536	19.095179	355.29395	267.24954	324.58777	20.141241	342.38074	251.40472	-12.09761	2.4471319	-3.3860054	-18.640411	12.09761	2.4471319	18.640411	3.3860054	-0.036248125	0.0088636875	-0.010078379	-0.066672355	152.34064	57.235508	347.4649	11.465033	0.45921853	0.19664292	1.2118698	0.034125447
68	68999	6065.57328248024	3236.2131	0.0	3236.2131	3236.2131	902.0	3384.232	0.0	3384.232	3384.232	1000.0	288.9688	68.50153	349.7373	-111.98445	1.0401784	0.9858575	2.6105535	32.502563	-10.560829	-290.57156	0.09342824	0.0008218426	0.0948479	0.09215401	-0.033432692	0.8260035	0.7539198	11.818977	1.0430813e-06	340.4338	19.841553	360.41895	261.76843	335.8127	19.031206	353.43723	256.24887	324.45987	17.42804	339.4679	253.42422	-11.352822	4.1956263	2.0858707	-25.690989	11.362563	4.169172	25.690989	0.01266506	-0.03354411	0.0118886335	0.0074400073	-0.07310973	146.48985	110.59771	660.0269	0.00016040377	0.43037003	0.31770837	1.8782613	5.6442326e-07
69	69999	6160.706912755966	3171.9963	0.0	3171.9963	3171.9963	888.0	23.563662	0.0	23.563662	23.563662	22.0	289.1944	68.764824	347.81348	-216.14542	1.1257491	0.98881173	2.6051328	34.32585	-11.314939	-290.8249	0.09216597	0.00076978933	0.09354878	0.09091717	-0.026663285	0.8221885	0.751127	10.267076	2.413988e-06	237.86153	151.37755	354.29904	1.3816541	235.7969	150.97935	352.1607	1.3816541	309.42035	29.00937	338.80643	227.33493	73.62343	127.33391	305.34106	-16.215048	89.60096	116.64478	305.34106	5.718581	6.436072	10.350919	30.534107	-0.05732709	21634.334	32532.16	93233.17	32.70217	1734.4847	2853.75	9323.316	0.095499314
70	70999	6256.306410312653	937.5734	1297.5624	2772.6038	19.831392	270.33334	3404.6812	0.0	3404.6812	3404.6812	1000.0	289.47073	68.64845	347.2259	-126.96752	1.8493565	1.0114353	2.58964	33.329556	-11.438898	-291.04526	0.093331225	0.001447519	0.09523745	0.0909527	0.027408287	0.82162726	0.7512393	14.708697	7.4505806e-07	337.66415	24.72899	362.05096	258.84656	328.54028	23.690245	351.80173	236.3012	319.60007	21.373743	339.1538	250.43608	-8.940231	7.608712	29.116411	-19.515919	11.028266	4.0246215	29.116411	0.0048330524	-0.026473163	0.026259487	0.12321737	-0.069682345	137.82022	93.97735	847.7654	2.3358396e-05	0.43505943	0.3570306	3.5876474	7.245976e-08
71	71999	6352.358947277069	3412.2488	0.0	3412.2488	3412.2488	1000.0	3411.9272	0.0	3411.9272	3411.9272	1000.0	290.03833	68.34615	345.5833	-91.497505	1.5815458	0.99259436	2.621183	34.113506	-11.404274	-291.56613	0.09206091	0.0005570464	0.0929095	0.09105479	-0.01758918	0.8258907	0.75935715	13.515915	1.0430813e-06	345.03552	23.024044	363.07672	261.4403	337.1136	19.664042	356.47507	266.24615	323.4057	20.1384	340.18372	250.93936	-13.707865	2.9168766	-5.306791	-22.234976	13.707865	2.9168766	22.234976	5.306791	-0.04088289	0.0093198605	-0.015639635	-0.062977746	196.41373	80.13132	494.39413	28.162031	0.5861398	0.24094215	1.4003086	0.08299628
72	72999	6448.4633712768555	2872.8198	511.09863	3383.9185	2361.7212	830.5	3367.546	0.0	3367.546	3367.546	1000.0	290.11838	68.69553	344.18213	-224.4224	1.215328	0.9985665	2.6085942	30.777454	-12.7888975	-291.67316	0.091482274	0.00025825773	0.092179395	0.09106451	-0.003378966	0.82351416	0.7511265	9.543132	3.2782555e-07	338.55334	21.10866	354.4321	258.94986	334.6251	18.924984	348.54486	265.00305	325.4767	20.454912	340.10114	251.86844	-9.148371	2.3826869	-3.3355339	-16.047457	9.148371	2.3826869	16.047457	3.3355339	-0.027717862	0.008813045	-0.0097535085	-0.05877591	89.36988	45.757008	257.52087	11.125787	0.2740542	0.16130565	0.9289431	0.032533158
73	73999	6544.442724466324	1922.3925	243.99695	2166.3894	1678.3955	536.5	3403.7898	0.0	3403.7898	3403.7898	1000.0	290.91293	68.26369	342.79373	-162.05736	1.6141009	0.9819629	2.5904343	31.111055	-10.122808	-292.45206	0.09056454	0.00062517734	0.091684505	0.08890537	-0.043351218	0.8217566	0.7493324	10.579567	1.66893e-06	341.11224	21.180132	357.45868	261.48438	336.98026	18.43803	351.8565	267.95462	325.7725	20.85745	341.55518	251.25604	-11.2078085	3.1482708	-4.9435806	-20.826115	11.2078085	3.1482708	20.826115	4.9435806	-0.033798262	0.011778515	-0.014510755	-0.073599376	135.52658	80.64684	433.72705	24.438988	0.41531262	0.284746	1.5238601	0.071735084
74	74999	6640.6169629096985	3448.7603	0.0	3448.7603	3448.7603	1000.0	3423.8516	0.0	3423.8516	3423.8516	1000.0	290.9596	68.8722	344.67072	-170.90442	1.360565	0.99472827	2.61166	32.039272	-12.311945	-292.4745	0.08888684	0.000304093	0.089465134	0.08803467	-0.012720204	0.8154296	0.74918073	15.007071	1.5646219e-07	343.92847	21.842691	361.4898	263.2852	336.71585	19.062452	352.41794	267.58746	324.52902	19.945377	341.3444	251.25385	-12.186828	3.011384	-5.5171275	-20.277225	12.186828	3.011384	20.277225	5.5171275	-0.036465906	0.010013344	-0.01628678	-0.06552811	157.5872	77.161644	411.16586	30.438696	0.47333556	0.24315289	1.1735194	0.08985624
75	75999	6736.859511852264	3406.9521	0.0	3406.9521	3406.9521	1000.0	3431.77	0.0	3431.77	3431.77	1000.0	291.58344	68.86176	348.47775	-247.1828	1.2085893	0.9850414	2.6194007	31.861551	-12.467762	-293.0947	0.08676999	0.00067936326	0.088128686	0.08572045	-0.03648297	0.813208	0.74747294	10.414827	2.682209e-06	344.7834	21.722532	364.0793	264.00284	338.34082	19.099205	354.4089	264.29886	326.07974	20.676908	341.05777	251.40613	-12.261084	2.7472842	-5.782035	-20.420591	12.261084	2.7472842	20.420591	5.782035	-0.03664843	0.010113659	-0.016884452	-0.07414195	157.88174	71.900444	417.00058	33.431927	0.47624853	0.24812143	1.5140225	0.097626485
76	76999	6832.418097496033	1493.9521	169.24066	1663.1929	1324.7115	408.5	3437.6875	0.0	3437.6875	3437.6875	1000.0	292.6155	68.39426	350.63647	-229.81245	1.260172	0.9874327	2.6460521	32.893066	-9.332452	-294.08932	0.084163375	0.0007834724	0.08589975	0.083128996	-0.030891607	0.81088704	0.75159466	11.712714	8.251518e-07	342.50357	25.389677	366.32068	262.31274	329.07715	24.136147	357.82257	238.32616	317.554	21.204805	340.003	250.9407	-11.52315	7.981014	21.174343	-25.25466	12.963663	5.331322	25.25466	0.007465726	-0.034189418	0.026072972	0.08750182	-0.07380288	196.47955	123.756065	637.79785	5.5737066e-05	0.5998677	0.38716125	1.8527935	1.7219986e-07
77	77999	6928.351281166077	2794.7947	0.0	2794.7947	2794.7947	771.0	3423.268	0.0	3423.268	3423.268	1000.0	292.87216	68.20236	350.6771	-246.62163	1.3245097	0.9707017	2.6118364	32.772522	-12.344921	-294.33224	0.08261889	0.0010886102	0.08426068	0.0804234	-0.07311894	0.8025305	0.74474084	10.972792	1.4901161e-07	341.91104	21.980206	358.97394	259.8106	336.4157	17.845417	353.305	268.6571	326.85004	20.852768	343.19055	250.7498	-9.565635	3.5223584	-3.1001441	-21.55594	9.565635	3.5223584	21.55594	3.1001441	-0.029044362	0.012991869	-0.009084831	-0.07623506	103.90837	84.01144	464.65857	9.610894	0.32320482	0.29812393	1.6433184	0.028164288
78	78999	7024.356159687042	2727.3423	0.0	2727.3423	2727.3423	753.0	3449.6016	0.0	3449.6016	3449.6016	1000.0	293.51825	67.95436	353.7821	-187.11447	1.0913017	1.0024632	2.5950286	29.656141	-12.296306	-294.95663	0.080544665	0.0003584751	0.08126223	0.07976933	0.0062650507	0.8089571	0.7464757	13.797005	8.34465e-07	347.79596	23.95945	367.1345	263.1538	339.72504	19.324364	356.53766	267.55573	325.01743	20.304464	342.1059	251.43619	-14.707603	3.5787294	-7.844043	-22.968353	14.707603	3.5787294	22.968353	7.844043	-0.04359179	0.011491766	-0.022809971	-0.074097015	229.1209	108.98783	527.5453	61.52901	0.68055344	0.32997176	1.610796	0.1789224
79	79999	7119.471884727478	2710.7798	691.8063	3402.586	2018.9734	779.5	3478.0005	0.0	3478.0005	3478.0005	1000.0	293.94226	67.81814	354.08444	-120.24673	1.2291762	0.9836602	2.6215496	31.964327	-10.10335	-295.4123	0.08031556	0.00070636696	0.08121616	0.078661434	-0.04129828	0.8028851	0.7459901	9.836869	3.3080578e-06	328.72583	48.61422	362.1812	56.737553	315.70972	45.916607	350.40744	55.462578	310.47797	44.71897	341.29257	52.184357	-5.231692	6.8997984	11.185543	-20.304039	7.2706976	4.7026353	20.304039	0.0016489436	-0.015426963	0.02394334	0.08350462	-0.07358815	74.97782	79.43894	412.25403	2.7190151e-06	0.24199045	0.268427	1.4941366	8.3558644e-09
80	80999	7215.591628551483	3434.262	0.0	3434.262	3434.262	1000.0	3458.676	0.0	3458.676	3458.676	1000.0	294.72485	67.81678	357.90533	-212.71054	1.1760947	0.9822806	2.6267884	34.18702	-10.857878	-296.1464	0.07718009	0.00089473504	0.078647256	0.07588138	-0.045272224	0.79967123	0.74236983	14.497044	1.4305115e-06	346.79123	22.75321	363.37543	263.01544	341.1568	19.405891	357.0342	270.63037	327.65582	21.139658	343.89984	251.98679	-13.500992	2.6169596	-8.052929	-20.940857	13.500992	2.6169596	20.940857	8.052929	-0.04003567	0.010197381	-0.023247205	-0.075988054	189.12527	75.84316	438.51947	64.84967	0.56634676	0.2709715	1.5905156	0.1872081
81	81999	7311.043872117996	2660.998	0.0	2660.998	2660.998	746.0	3473.8687	0.0	3473.8687	3473.8687	1000.0	295.51193	67.78896	361.10886	-331.64783	1.4226905	0.9908316	2.620605	30.892567	-10.123152	-296.91605	0.07539274	0.0005681618	0.07643238	0.07448092	-0.023620833	0.7925986	0.7417879	10.878796	1.3113022e-06	330.94458	38.6952	365.3817	134.04372	315.58493	38.00361	351.76382	120.684235	316.46194	32.528088	343.3465	151.64969	0.877004	11.842079	33.398117	-17.715925	9.580921	7.0149803	33.398117	0.027870372	0.006987799	0.04881716	0.26885784	-0.063913815	141.00397	207.32298	1115.4342	0.0007767576	0.5592042	1.0718863	8.723604	2.2935549e-06
82	82999	7407.841516017914	2696.03	0.0	2696.03	2696.03	755.0	3407.1382	0.0	3407.1382	3407.1382	1000.0	295.70273	67.75556	360.90598	-339.71594	1.2070596	0.99434334	2.6377256	31.104826	-10.800436	-297.07718	0.074597165	0.0003662969	0.07543407	0.07386187	-0.014593878	0.7977215	0.74618274	11.751554	8.195639e-08	341.49777	22.558914	359.2935	258.54114	337.85886	19.340498	353.9293	265.3585	327.4884	21.074549	342.87613	251.78467	-10.370459	2.8435214	-4.171924	-19.056175	10.370459	2.8435214	19.056175	4.171924	-0.031125117	0.010406453	-0.012214714	-0.068601154	115.63201	65.01932	363.13782	17.40495	0.35166878	0.22728695	1.3007152	0.050958857
83	83999	7503.952450990677	3415.918	0.0	3415.918	3415.918	1000.0	3397.1538	0.0	3397.1538	3397.1538	1000.0	295.99036	68.05847	361.35535	-383.82135	1.16169	1.0129117	2.6446984	32.23035	-10.6406555	-297.38004	0.07461941	0.00055865484	0.07603959	0.073811956	0.033457972	0.80112404	0.747944	16.589926	1.5795231e-06	339.4333	21.724104	356.41443	260.3628	336.1536	18.297432	351.98428	265.93802	326.86755	20.521463	343.35358	252.01297	-9.286051	2.985526	-2.0725412	-18.789742	9.286051	2.985526	18.789742	2.0725412	-0.028106723	0.010914513	-0.006045546	-0.0686034	95.14411	64.282364	353.05438	4.2954273	0.29310954	0.22546639	1.2884543	0.012529642
84	84999	7600.187972545624	3407.2024	0.0	3407.2024	3407.2024	1000.0	3424.3953	0.0	3424.3953	3424.3953	1000.0	296.65625	67.49758	359.28732	-384.45975	1.1852258	0.99611276	2.629442	32.321175	-10.705286	-298.01065	0.07652995	0.00050424103	0.077278376	0.07555603	-0.009961891	0.80088866	0.74770933	11.500305	7.8231096e-08	343.60748	20.864927	360.74332	263.78323	337.68408	19.298527	354.90823	267.50967	327.98132	21.099852	344.10962	252.02737	-9.702751	3.0120401	-2.5067093	-17.86482	9.702751	3.0120401	17.86482	2.5067093	-0.029165544	0.01070395	-0.007352625	-0.06401883	103.21577	60.49172	319.15182	6.2835913	0.3145054	0.20927845	1.1397438	0.018430892
85	85999	7694.228579044342	3415.8616	0.0	3415.8616	3415.8616	1000.0	17.99103	0.0	17.99103	17.99103	19.0	297.41168	66.83944	361.993	-370.19562	1.2009033	0.9898665	2.5977788	34.49682	-11.581072	-298.77063	0.07562237	0.00075049896	0.07677001	0.07419874	-0.026190432	0.79563844	0.7422558	13.571188	1.1026859e-06	9.004276	3.9876702	17.965271	1.2479389	5.927178	3.0839715	15.629896	1.2479389	272.39304	9.860582	291.32877	227.164	266.46585	12.265639	289.07632	225.58437	266.46585	12.265639	289.07632	225.58437	26.338861	1.983507	28.90763	15.263536	71154.49	6462.903	83565.12	50888.305	7040.243	807.65424	8356.512	3641.3838
86	86999	7789.396276950836	3420.5938	0.0	3420.5938	3420.5938	1000.0	3475.1504	0.0	3475.1504	3475.1504	968.0	298.28415	66.554596	364.8269	-37.002193	1.0393738	1.0132711	2.60771	34.210987	-11.97557	-299.62253	0.075602524	0.00044368397	0.07617372	0.07429338	0.034402408	0.8007944	0.7445135	12.764076	3.5762787e-07	302.0882	67.738	357.19458	4.988888	281.54993	65.750725	341.9969	4.988888	291.82788	58.216167	336.9939	3.3013253	10.277931	13.330692	42.13478	-14.210129	13.2037525	10.440505	42.13478	0.03633578	0.055287175	0.09035613	0.54566133	-0.16875625	283.34323	357.54486	1775.3396	0.001320289	1.4696964	2.3930945	16.111702	4.292161e-06
87	87999	7884.574318647385	3414.6	0.0	3414.6	3414.6	1000.0	3440.7402	0.0	3440.7402	3440.7402	1000.0	299.2649	65.9145	363.41376	-25.824541	1.0176818	1.0076193	2.630285	35.584866	-10.438869	-300.59006	0.07635714	0.0002718917	0.07696005	0.075905986	0.019633487	0.80460614	0.7499102	11.02431	1.8663704e-06	341.16354	23.394701	363.33914	249.3522	327.97372	25.540234	353.07397	223.26723	324.7257	19.44112	344.91962	252.23747	-3.2479713	10.863178	28.97025	-19.329988	10.267065	4.8109617	28.97025	0.015839333	-0.007874692	0.035167523	0.12975594	-0.059661232	128.55798	103.88419	839.2753	0.00025088445	0.40556413	0.37825787	3.759062	7.4782736e-07
88	88999	7980.497664451599	2471.3577	961.81976	3433.1775	1509.538	711.0	3401.9624	0.0	3401.9624	3401.9624	1000.0	299.94998	65.97618	365.22168	-40.177666	1.0732701	1.0266969	2.636252	30.928585	-10.357429	-301.324	0.07815262	0.001017136	0.080568984	0.07687674	0.06793251	0.81220657	0.7554722	11.192828	6.556511e-07	342.95828	18.960978	362.88138	262.84024	339.48566	20.210028	359.65646	253.30293	328.93225	19.202477	345.05548	257.75018	-10.553399	4.507209	5.507668	-47.69065	10.715284	4.1075354	47.69065	0.060869604	-0.030877134	0.013937046	0.020078843	-0.14845823	131.68916	124.51172	2274.3982	0.0037051088	0.38826573	0.38502404	7.0800695	1.3905319e-05
89	89999	8076.509129524231	3397.301	0.0	3397.301	3397.301	1000.0	3379.3743	0.0	3379.3743	3379.3743	1000.0	299.1144	66.521904	364.4774	-17.523129	0.98370516	0.98489845	2.619885	30.2491	-10.640156	-300.40112	0.079616606	0.000552868	0.08053995	0.07859323	-0.038185056	0.8090682	0.75339025	11.602517	6.854534e-07	337.73978	20.76738	355.089	258.36172	334.21713	19.591877	350.9122	255.35097	327.91516	20.282377	344.89996	249.24432	-6.3019905	2.085907	1.3144408	-17.477621	6.304494	2.0783274	17.477621	0.3933862	-0.019045858	0.007016433	0.004228374	-0.05541046	44.06609	29.282522	305.46725	0.1547527	0.13435431	0.09711484	0.96844304	0.00044817745
90	90999	8172.636603116989	1838.9993	0.0	1838.9993	1838.9993	515.0	3426.1487	0.0	3426.1487	3426.1487	1000.0	299.38525	65.90819	365.68182	-20.211288	0.96967137	0.99221665	2.6180575	33.329563	-9.629606	-300.6203	0.076826215	0.0005996704	0.07857944	0.07593055	-0.019795896	0.80714273	0.7527145	11.151741	4.8577785e-06	342.16064	21.238346	360.16714	261.3798	338.12463	19.01747	357.15112	267.3444	329.33954	21.274122	345.8192	250.11917	-8.785062	3.2672431	-0.34356105	-19.047432	8.785062	3.2672431	19.047432	0.34356105	-0.026483709	0.011745225	-0.0010155566	-0.06895975	87.85217	66.97394	362.8047	0.11803421	0.2704513	0.23630935	1.3088698	0.0003489057
91	91999	8268.825793743134	3412.489	0.0	3412.489	3412.489	1000.0	3391.029	0.0	3391.029	3391.029	1000.0	299.7157	66.15933	365.44394	-52.070705	1.0183746	1.0004863	2.6433325	31.712055	-14.320206	-300.9775	0.077782914	0.0003032174	0.078344844	0.07714524	0.0013051606	0.8137622	0.7599156	10.937717	9.033829e-07	340.78827	21.404121	356.98047	261.18518	335.92447	20.175776	353.0809	263.27432	329.06995	21.80992	345.74493	251.62738	-6.854557	2.9049149	0.6315377	-15.2389	6.856822	2.8995636	15.2389	0.10638562	-0.02079951	0.009952978	0.0018407258	-0.055320885	55.42348	41.816643	232.22406	0.011317899	0.1709586	0.14276655	0.83180183	3.320049e-05
92	92999	8364.217722415924	2840.7686	563.5536	3404.3223	2277.215	815.5	3454.698	0.0	3454.698	3454.698	1000.0	300.14493	65.9101	365.86447	-30.130968	0.9881845	0.9676708	2.5969634	32.25068	-10.534774	-301.41135	0.0755341	0.0013499149	0.07800543	0.07355408	-0.08344334	0.8067866	0.74910486	11.247258	9.685755e-07	348.9787	22.633598	365.85867	266.61008	342.03595	19.530596	358.379	268.5717	328.92517	21.318266	346.24402	251.69777	-13.1107645	2.8095255	-5.7905188	-22.125574	13.1107645	2.8095255	22.125574	5.7905188	-0.038793728	0.010507766	-0.016904814	-0.07986419	179.7856	79.64741	489.54105	33.53011	0.5372058	0.2754254	1.767041	0.09788764
93	93999	8459.241925001144	3439.0874	0.0	3439.0874	3439.0874	1000.0	3440.4268	0.0	3440.4268	3440.4268	1000.0	300.88507	65.89319	365.69864	-42.820435	1.0210309	0.987017	2.605052	30.209597	-11.4061575	-302.10693	0.07211835	0.00048561752	0.07355407	0.07146013	-0.033954617	0.8094739	0.75256395	13.506538	1.7285347e-06	345.18716	21.127645	361.06805	265.71323	334.94623	18.91835	354.13007	264.23172	329.0578	21.34732	345.68405	252.16359	-5.8884153	5.24451	13.705031	-15.8551235	6.8971186	3.8220499	15.8551235	0.00047165	-0.018019807	0.016692739	0.041895576	-0.05631733	62.178318	58.46076	251.38493	2.2245374e-07	0.19293106	0.19427678	0.8909355	6.4661254e-10
94	94999	8555.123133182526	3407.3254	0.0	3407.3254	3407.3254	1000.0	3435.004	0.0	3435.004	3435.004	1000.0	301.08353	65.84406	367.4919	-43.57924	0.9359287	0.9992364	2.6049688	28.536533	-12.124169	-302.3192	0.07195335	0.00037519645	0.07273394	0.07145879	-0.0019627304	0.8081653	0.7519401	10.84664	2.95043e-06	347.1028	22.09627	364.18155	265.68738	336.33383	18.729685	353.13687	264.63187	328.39954	21.283571	344.7177	251.52199	-7.934312	4.0892296	-0.024803028	-19.633076	7.934312	4.0892296	19.633076	0.024803028	-0.024105957	0.013692319	-7.301022e-05	-0.061770327	79.67511	75.5798	385.45764	0.00061519013	0.24658075	0.24987084	1.1886687	1.8108744e-06
95	95999	8650.740721940994	2377.3257	0.0	2377.3257	2377.3257	651.0	3436.2073	0.0	3436.2073	3436.2073	1000.0	302.05945	64.96173	369.14218	-32.179558	0.97800547	0.9996668	2.5973046	32.89087	-11.074238	-303.24286	0.07174742	0.00021826016	0.07220315	0.07124508	-0.0008146472	0.80812824	0.7493415	9.877637	1.4603138e-06	346.2723	22.557861	365.1316	263.5088	336.7369	19.9256	354.95367	260.8222	329.14685	21.422335	346.15436	252.26349	-7.5900197	3.4079208	1.4506162	-16.547255	7.6200743	3.3401778	16.547255	0.17848724	-0.0228893	0.011356876	0.004292449	-0.059115335	69.22232	57.621338	273.81165	0.031857695	0.21178587	0.19301291	0.96825093	9.4321935e-05
96	96999	8746.014440774918	3488.3276	0.0	3488.3276	3488.3276	981.0	3420.1445	0.0	3420.1445	3420.1445	1000.0	302.2277	65.27558	369.24384	-19.399609	0.98012847	1.0069846	2.627829	30.956032	-12.538399	-303.43964	0.072269835	0.0005982059	0.07298518	0.071222834	0.018409591	0.8136594	0.7566146	9.767998	5.9604645e-08	330.077	28.21336	357.4095	247.42839	314.67905	26.387522	344.29218	242.1134	316.08435	22.477802	344.58783	252.2319	1.4052949	7.6682897	23.50223	-20.2523	5.794467	5.2155223	23.50223	0.02176794	0.0059314645	0.026659774	0.0882351	-0.065225	60.777527	98.86748	552.3548	0.0004738432	0.211979	0.3634574	2.0737216	1.5826296e-06
97	97999	8840.73364019394	2328.004	0.0	2328.004	2328.004	641.0	3419.695	0.0	3419.695	3419.695	1000.0	302.4802	65.32564	366.6518	-37.08675	0.98356336	0.9802353	2.5992541	31.44503	-11.155184	-303.66296	0.07097757	0.00074358605	0.072717905	0.07018101	-0.052087717	0.8075884	0.7486391	11.744017	1.8626451e-07	342.39554	23.814281	359.48608	251.21779	335.9165	24.15837	355.62143	247.0447	328.99854	22.730576	346.74896	252.69781	-6.917968	5.3849297	15.8340845	-20.451683	8.078372	3.4052372	20.451683	0.91923654	-0.02017731	0.01792598	0.058151696	-0.06399945	76.855736	63.915966	418.27133	0.8449958	0.23561849	0.20805995	1.3088965	0.002477815
98	98999	8936.607005119324	3537.4653	0.0	3537.4653	3537.4653	1000.0	3441.8433	0.0	3441.8433	3441.8433	1000.0	303.00565	64.87104	368.0863	-81.725426	0.85164016	1.0015199	2.5929596	31.29916	-9.931318	-304.12488	0.07071102	0.0002528859	0.07130276	0.07026987	0.0040788534	0.80777895	0.748165	8.983411	6.824732e-06	343.2954	23.473501	361.64664	253.71222	335.50803	22.217659	354.91098	248.22061	328.57565	22.523787	346.28278	251.56027	-6.9323473	4.7303967	9.429712	-18.974804	7.5364976	3.6926017	18.974804	0.57785547	-0.02068724	0.015943225	0.033876058	-0.06855451	70.43409	67.92469	360.0432	0.33391696	0.21834828	0.23009314	1.2903479	0.0009803086
99	99999	9032.893425703049	3388.426	0.0	3388.426	3388.426	1000.0	3455.5586	0.0	3455.5586	3455.5586	1000.0	303.2363	64.810295	367.31256	-26.420336	0.8686798	0.98713017	2.5793576	29.002968	-10.356049	-304.4057	0.06958391	0.00061335415	0.07071991	0.068597436	-0.03422283	0.79814494	0.74348414	9.362749	7.4505806e-08	344.30737	21.537306	361.3179	261.536	338.72702	18.46608	355.32227	268.84357	329.89667	21.814642	347.5904	250.69006	-8.830346	4.2412343	-1.6914183	-23.657545	8.830346	4.2412343	23.657545	1.6914183	-0.026738133	0.014985075	-0.004881903	-0.083477646	95.96308	100.69736	559.67944	2.8608959	0.2991047	0.34845957	1.9694921	0.008257341
