Epoch	TotalEnvInteracts	Time	AverageEpRet	StdEpRet	MaxEpRet	MinEpRet	EpLen	AverageTestEpRet	StdTestEpRet	MaxTestEpRet	MinTestEpRet	TestEpLen	AverageQ1Vals	StdQ1Vals	MaxQ1Vals	MinQ1Vals	LossQ1	AverageLogPi	StdLogPi	MaxLogPi	MinLogPi	LossPi	AverageAlpha	StdAlpha	MaxAlpha	MinAlpha	LossAlpha	AveragePreTanh	StdPreTanh	MaxPreTanh	MinPreTanh	AverageMCDisRet	StdMCDisRet	MaxMCDisRet	MinMCDisRet	AverageMCDisRetEnt	StdMCDisRetEnt	MaxMCDisRetEnt	MinMCDisRetEnt	AverageQPred	StdQPred	MaxQPred	MinQPred	AverageQBias	StdQBias	MaxQBias	MinQBias	AverageQBiasAbs	StdQBiasAbs	MaxQBiasAbs	MinQBiasAbs	AverageNormQBias	StdNormQBias	MaxNormQBias	MinNormQBias	AverageQBiasSqr	StdQBiasSqr	MaxQBiasSqr	MinQBiasSqr	AverageNormQBiasSqr	StdNormQBiasSqr	MaxNormQBiasSqr	MinNormQBiasSqr
0	999	2.0149335861206055	20.943867	23.54933	115.327065	4.116121	23.209303	10.958959	0.0	10.958959	10.958959	13.0	0.0	0.0	0.0	0.0	0.0	0.0	0.0	0.0	0.0	0.0	0.0	0.0	0.0	0.0	0.0	0.0	0.0	0.0	0.0	4.6347985	4.352082	27.4886	-0.7940674	6.1112175	5.630676	33.533913	-0.95357203	0.84295654	0.3471048	1.4591852	-0.58367336	-5.268262	5.6963973	2.1975815	-32.55473	5.5012245	5.47175	32.55473	0.0068153655	-0.4326182	0.37622944	0.21975815	-1.0400403	60.203514	120.81327	1059.8105	4.6449204e-05	4.189276	5.5736074	31.854414	4.6449204e-06
1	1999	2.775568962097168	22.335522	23.96433	124.374176	3.452838	23.714285	10.958959	0.0	10.958959	10.958959	13.0	0.0	0.0	0.0	0.0	0.0	0.0	0.0	0.0	0.0	0.0	0.0	0.0	0.0	0.0	0.0	0.0	0.0	0.0	0.0	4.6347985	4.352082	27.4886	-0.7940674	6.1112175	5.630676	33.533913	-0.95357203	0.84295654	0.3471048	1.4591852	-0.58367336	-5.268262	5.6963973	2.1975815	-32.55473	5.5012245	5.47175	32.55473	0.0068153655	-0.4326182	0.37622944	0.21975815	-1.0400403	60.203514	120.81327	1059.8105	4.6449204e-05	4.189276	5.5736074	31.854414	4.6449204e-06
2	2999	3.5449113845825195	15.133925	9.13861	52.619244	6.126275	19.96	10.902742	0.0	10.902742	10.902742	13.0	0.0	0.0	0.0	0.0	0.0	0.0	0.0	0.0	0.0	0.0	0.0	0.0	0.0	0.0	0.0	0.0	0.0	0.0	0.0	5.8676295	5.1948566	30.648916	-0.83082765	7.4568396	6.822636	39.06209	-1.4543606	0.86878103	0.34300545	1.5654247	-0.38442025	-6.588059	6.8706775	2.525495	-38.368885	6.76405	6.6974893	38.368885	0.0009937908	-0.4884643	0.38108245	0.2525495	-1.0324905	90.60873	171.32796	1472.1715	9.876202e-07	5.472035	6.8664694	37.68798	9.8762015e-08
3	3999	4.309657096862793	18.134651	18.61323	116.574425	6.395498	22.044445	10.901944	0.0	10.901944	10.901944	13.0	0.0	0.0	0.0	0.0	0.0	0.0	0.0	0.0	0.0	0.0	0.0	0.0	0.0	0.0	0.0	0.0	0.0	0.0	0.0	4.8861184	4.3419766	25.636517	-0.87262654	6.4157286	5.9782476	34.418102	-0.8471786	0.86196303	0.35916525	1.5610615	-0.67054313	-5.5537653	6.0692058	1.7960789	-33.946503	5.7474117	5.8861556	33.946503	0.0033416743	-0.44268435	0.37621891	0.1796079	-1.0477284	67.67957	138.5736	1152.3651	1.1166788e-05	4.4576735	6.0113134	33.48137	1.1166787e-06
4	4999	5.07558012008667	18.294903	20.980427	151.20201	6.8408637	20.645834	10.952999	0.0	10.952999	10.952999	13.0	0.0	0.0	0.0	0.0	0.0	0.0	0.0	0.0	0.0	0.0	0.0	0.0	0.0	0.0	0.0	0.0	0.0	0.0	0.0	6.562312	8.476114	49.863956	-1.5424757	8.236499	10.27714	59.69571	-1.7332271	0.87327015	0.35364175	1.5036817	-0.5471996	-7.363229	10.338406	2.486878	-59.075264	7.6144056	10.15483	59.075264	0.0067877863	-0.47155076	0.39252493	0.24868779	-1.0469815	161.09975	487.57004	3489.8867	4.607404e-05	6.342389	10.319443	58.46126	4.607404e-06
5	5999	100.07085299491882	153.50056	71.303246	244.78601	24.47122	77.833336	191.60423	0.0	191.60423	191.60423	89.0	91.45699	53.205452	183.82329	-21.121386	7.467094	-0.70311123	1.8957335	20.34591	-10.50123	-97.85644	0.884969	0.06122456	0.99970007	0.78209984	-0.18854357	0.8460947	0.6255439	4.8662324	1.2218952e-06	85.374374	36.443584	131.71857	2.7205243	92.98231	41.20292	145.25443	2.7205243	163.6106	21.454048	183.8153	85.09104	70.62828	24.193903	139.7301	29.59773	70.62828	24.193903	139.7301	29.59773	1.5782524	2.446403	13.927708	0.20468846	5573.6987	3704.2188	19524.502	876.02563	153.0831	294.0147	1939.8103	6.058314
6	6999	194.85561323165894	230.13075	40.246777	296.4664	148.99927	113.22222	226.82948	0.0	226.82948	226.82948	129.0	179.63208	56.84773	228.70468	-22.39362	12.973633	-0.30007854	2.4048803	24.893944	-11.397381	-189.23651	0.68924963	0.05089886	0.7818902	0.6055225	-0.48123157	0.8902458	0.6814289	6.575691	4.4703484e-07	77.69517	35.116596	129.22743	1.8316734	89.698845	40.94573	149.65675	1.8316734	190.87737	53.316826	228.61487	22.272005	101.17851	38.43235	185.52318	-1.4603075	101.18346	38.41934	185.52318	0.3593194	1.8211462	2.6575103	18.52397	-0.026558306	11714.138	7412.0454	34418.85	0.12911043	238.5485	464.14117	3431.3745	0.0024956814
7	7999	289.6313695907593	262.69763	74.17814	343.32074	161.49803	156.5	481.74756	0.0	481.74756	481.74756	296.0	180.06075	63.234432	229.28592	-32.025375	10.675429	-0.15839975	2.4978275	27.878916	-10.586906	-188.82893	0.532885	0.03876677	0.6053505	0.46523973	-0.73026943	0.8796722	0.68342704	7.0861425	3.33786e-06	104.13521	37.614487	148.78271	1.5372887	121.86524	45.01351	178.78523	1.5372887	156.91704	56.783173	214.42314	5.6490135	35.051796	40.123466	127.10427	-75.03541	44.084538	29.91779	127.10427	0.0022177992	0.50088143	1.217747	12.048589	-0.61359245	2838.5208	3314.0222	16155.495	4.9186337e-06	45.867268	126.48002	1513.6974	1.0458737e-07
8	8999	383.969379901886	385.66302	88.48526	458.2657	226.14899	226.4	576.37994	0.0	576.37994	576.37994	398.0	165.70357	54.6136	214.1511	-25.39332	5.4606767	-0.17927678	2.42735	26.484173	-9.951538	-172.78015	0.40484515	0.032911617	0.4650925	0.34898034	-1.0706408	0.85609597	0.66906315	6.486725	2.682209e-07	115.12478	30.687729	144.57152	2.6107574	133.69307	37.97483	173.44032	2.6107574	136.06354	42.17154	190.77275	5.205295	2.3704693	10.7039	27.558878	-15.375354	8.518616	6.901144	27.558878	0.040326998	0.019130437	0.096403584	0.9750143	-0.16076133	120.19261	170.91699	759.49176	0.0016262666	0.8095458	1.1124738	9.506529	1.30598055e-05
9	9999	478.7789902687073	387.5555	32.74873	431.7745	341.11505	219.25	374.31332	0.0	374.31332	374.31332	198.0	144.87144	44.74887	190.3443	-29.140604	2.59393	-0.38565108	2.3840933	25.870346	-10.78483	-150.3083	0.29777294	0.02826636	0.3488738	0.25247997	-1.6866033	0.83229303	0.656799	6.318233	2.9802322e-08	115.636314	40.10455	158.9741	2.507308	129.79329	46.852592	181.60246	2.507308	120.31278	42.8496	167.93423	5.5039873	-9.4805155	4.841146	7.9302163	-18.650688	9.941064	3.8068511	18.650688	0.04248584	-0.05513991	0.09216481	0.7930216	-0.19496627	113.31687	65.69094	347.84814	0.0018050468	0.85256755	0.53765196	6.2888327	4.0510215e-05
10	10999	567.9233291149139	344.05176	14.688807	376.6637	335.41272	167.16667	338.56702	0.0	338.56702	338.56702	149.0	136.84288	40.965668	168.85316	-23.28366	1.663874	-0.27811706	2.4412293	29.217175	-9.858586	-141.46873	0.2187077	0.018227488	0.2524041	0.18920943	-1.9424944	0.838588	0.664498	7.064321	1.1920929e-07	121.56955	45.67636	166.62968	2.75128	131.34497	51.29869	185.44212	2.75128	116.14925	44.88985	165.27364	3.8620386	-15.195732	6.8787723	7.7966795	-23.643976	15.452264	6.2813454	23.643976	0.010764048	-0.10051278	0.08649645	0.779668	-0.20387131	278.22775	162.20306	559.0376	0.00011586473	1.8858382	0.8314425	6.078821	3.375876e-06
11	11999	662.6677253246307	315.83795	44.366337	346.3371	212.17122	143.14285	366.6033	0.0	366.6033	366.6033	174.0	134.75087	40.668137	166.65074	-23.882412	1.4727145	-0.06538745	2.5571682	29.028778	-11.619012	-138.89938	0.16625114	0.012446988	0.18915415	0.14591897	-1.9093235	0.84734064	0.67988664	7.8137355	1.0896474e-06	121.39193	43.608765	165.52316	2.8929086	129.98572	49.01631	182.53589	2.8929086	117.3164	43.456257	164.19257	0.20472202	-12.669315	6.054137	3.397893	-20.42869	12.7131195	5.9616027	20.42869	0.0071834335	-0.09538462	0.05274026	0.107159376	-0.76320845	197.16412	132.55278	417.3314	5.1601713e-05	1.316615	0.75308096	5.90458	4.4161593e-06
12	12999	757.6380858421326	352.2593	4.9049606	360.26315	346.54428	162.5	352.5601	0.0	352.5601	352.5601	158.0	133.84174	40.573223	166.35414	-40.146233	1.3077738	0.17212877	2.6598897	31.630184	-11.245441	-137.65726	0.12982666	0.008780781	0.1458861	0.11545193	-1.6873574	0.86701727	0.70308554	8.145648	7.875264e-06	122.44594	45.843082	168.18268	2.7850573	128.60411	50.2459	182.67973	2.7850573	117.54874	44.384678	164.18529	3.02858	-11.055364	6.119743	4.738225	-20.319963	11.250886	5.7523823	20.319963	0.04316148	-0.07141846	0.05623023	0.4738225	-0.14474566	159.67233	121.62781	412.90088	0.0018629136	1.0307587	0.63320386	2.3448055	4.20558e-05
13	13999	852.8238840103149	356.9812	10.072931	379.53714	345.96454	161.71428	353.02945	0.0	353.02945	353.02945	160.0	133.49376	41.027546	167.26053	-21.824741	1.0152841	0.34965152	2.7458434	33.643948	-10.764638	-137.0263	0.10365721	0.006769611	0.11542249	0.09205702	-1.4752598	0.867968	0.71972674	9.215957	8.046627e-07	121.787575	45.582546	166.62048	2.571308	127.82959	50.0494	182.17938	2.571308	119.14089	43.244003	163.32504	4.994981	-8.6887045	7.4135537	7.6872606	-21.022734	9.527102	6.2998943	21.022734	0.019916695	-0.040863223	0.08119189	0.4590703	-0.11820693	130.45436	127.7503	441.95532	0.00039667476	0.8317282	0.6906707	2.4850328	3.544661e-06
14	14999	947.338613986969	362.34988	5.181057	372.64764	357.51566	164.33333	368.05496	0.0	368.05496	368.05496	169.0	132.32397	41.144344	166.48259	-20.335665	0.99853474	0.47998902	2.776859	36.15681	-10.341398	-135.59888	0.082740724	0.0051917704	0.09203832	0.07405369	-1.294907	0.88135886	0.7347262	8.963018	8.046627e-07	123.55371	44.23319	166.94052	2.9413106	129.83263	48.74544	181.72241	2.9413106	119.13891	42.890984	162.81729	5.975683	-10.69372	6.2857494	4.036447	-20.023317	10.828885	6.0499196	20.023317	0.07056108	-0.06849009	0.056578815	0.4036447	-0.11820283	153.86627	128.77719	400.93326	0.004978866	0.97259855	0.68573976	2.2474384	0.00037882233
15	15999	1042.2798655033112	366.1687	5.9268193	378.14856	360.3135	162.66667	376.50174	0.0	376.50174	376.50174	166.0	131.61356	41.216114	166.06006	-19.832066	0.9753815	0.71699727	2.8551016	35.324913	-11.558312	-134.66994	0.06828289	0.0029085844	0.07403955	0.06372927	-0.7567133	0.9056245	0.75842655	9.046725	4.7683716e-06	129.57501	46.207565	173.29985	3.042221	130.99326	48.9529	182.38037	3.042221	118.87624	43.72936	162.89111	3.3466535	-12.117019	5.6549783	4.575479	-20.892338	12.190272	5.4952874	20.892338	0.019891737	-0.08575129	0.039953504	0.27897656	-0.21778655	178.80095	119.99206	436.4898	0.00039568119	1.1785069	0.62478757	2.573255	1.4034954e-05
16	16999	1136.9789888858795	365.7933	7.572523	378.08832	356.99133	162.66667	371.16663	0.0	371.16663	371.16663	166.0	132.03398	41.864857	167.85849	-19.16007	0.9205108	0.8807062	2.908607	38.65351	-13.689922	-134.9825	0.060967233	0.0014378272	0.06372509	0.058351208	-0.33336914	0.9311554	0.785568	10.203871	5.662441e-07	126.14766	45.622604	172.72781	3.094136	126.46026	49.325317	180.88847	3.094136	120.26296	43.683186	163.78723	3.5064523	-6.1973004	6.9271445	11.131393	-18.264872	7.622946	5.318134	18.264872	0.021181	-0.03229648	0.058847416	0.35573095	-0.11788747	86.39187	90.24138	333.60553	0.00044863476	0.5555038	0.5070067	1.9173312	1.9201707e-05
17	17999	1230.160924911499	372.45255	3.2519314	375.43918	366.1912	163.16667	390.0492	0.0	390.0492	390.0492	165.0	132.66556	42.02188	168.95222	-16.559582	0.80043423	0.9573385	2.9025664	36.204967	-11.691443	-135.45206	0.057030376	0.00075568294	0.058341652	0.055750113	-0.12204614	0.93564695	0.7960214	9.569675	3.5762787e-07	134.2564	48.57389	179.48032	2.7601063	134.226	50.48279	186.0463	2.7601063	120.138245	44.269173	165.49509	3.4522526	-14.087751	6.4627748	2.9511805	-22.471426	14.1418085	6.343614	22.471426	0.012937317	-0.095736116	0.04000654	0.29511806	-0.14818743	240.23218	147.35461	504.96503	0.00016737418	1.5297152	0.7650692	2.81306	3.889023e-06
18	18999	1325.8860828876495	384.929	6.4629464	395.0858	375.6367	165.33333	423.84787	0.0	423.84787	423.84787	178.0	133.6524	42.600693	170.39003	-28.075651	0.80801076	0.9965059	2.9680345	36.64434	-11.80344	-136.37889	0.054985628	0.0004247111	0.056001894	0.05445882	-0.009975273	0.9416324	0.8100992	9.311926	7.4505806e-08	141.29187	47.550938	186.98221	3.448202	141.93924	49.564754	194.79947	3.448202	122.249855	43.351524	167.42795	6.5976944	-19.689384	8.106435	7.2400904	-34.40462	19.894852	7.588219	34.40462	0.037155468	-0.12638524	0.0902018	0.72400904	-0.3055215	453.3862	263.7569	1183.678	0.0013805287	2.9864514	1.660979	10.395824	7.9226134e-05
19	19999	1420.972401857376	383.05502	42.7505	427.36307	291.97562	163.16667	452.7754	0.0	452.7754	452.7754	181.0	135.58267	43.220505	173.41217	-25.781483	0.8398222	1.0383599	2.9741917	36.21489	-10.233854	-138.1698	0.056882627	0.00068843586	0.05855324	0.055634964	0.10990402	0.9325148	0.8018801	10.583106	2.4363399e-06	143.45201	50.83497	192.77277	2.790683	146.19435	52.513504	202.1548	2.790683	126.54725	45.449986	170.23895	0.071826756	-19.647108	8.849795	2.601263	-38.559174	19.658194	8.825143	38.559174	0.12536079	-0.13840054	0.05115171	0.032974735	-0.6198714	464.32776	333.35965	1486.8099	0.015715325	2.8359056	1.7356777	12.115275	0.00012574444
20	20999	1515.7229511737823	405.37057	8.54867	415.69775	393.24847	169.33333	281.29294	0.0	281.29294	281.29294	132.0	139.25145	44.6231	179.33647	-34.352234	0.922804	1.0693601	3.0096407	35.879753	-10.4685135	-141.84831	0.06281923	0.0015591248	0.06426032	0.058561366	0.1938886	0.9340638	0.80193555	12.008549	4.827976e-06	148.1306	51.717976	194.1883	3.0747259	146.69424	51.6811	199.37128	3.0747259	130.78296	46.054955	174.84904	2.9263468	-15.911284	6.484923	1.9564515	-26.240372	15.9253025	6.45042	26.240372	0.08468964	-0.10715674	0.032607988	0.19564515	-0.2553271	295.22318	179.64938	688.5571	0.007172335	1.7987196	0.9268813	4.4296618	0.00039952315
21	21999	1610.7188999652863	442.62888	26.688501	482.6502	394.7364	176.66667	252.5511	0.0	252.5511	252.5511	120.0	141.82288	45.811596	181.847	-20.455547	0.825896	0.98108554	2.9078624	34.789093	-15.937979	-144.3506	0.0634841	0.0009196544	0.06520693	0.062209554	-0.052098986	0.9066176	0.7872995	10.264975	1.6391277e-06	99.4501	41.046173	148.32504	2.8870444	98.830826	43.910656	154.99869	2.8870444	161.93242	12.973191	177.27646	127.23406	63.101585	31.259745	133.04932	16.919716	63.101585	31.259745	133.04932	16.919716	1.4540281	2.4836314	13.304932	0.11112432	4958.982	4488.25	17702.12	286.2768	149.80032	318.75745	1770.212	1.8801919
22	22999	1705.9173946380615	439.95776	86.81066	509.98233	269.19708	175.6	606.7575	0.0	606.7575	606.7575	218.0	144.46164	46.366383	187.1361	-20.733292	1.1729114	1.0894606	2.913589	36.30772	-16.305862	-146.96935	0.06519957	0.0026880065	0.07030001	0.062294018	0.24299121	0.9016174	0.790575	12.695662	1.3969839e-07	181.36412	58.852146	234.56534	3.5563898	167.367	52.820446	218.55724	3.5563898	145.76096	42.41866	183.47125	4.4517803	-21.606058	13.930435	13.137944	-55.346947	22.340565	12.719193	55.346947	0.018428054	-0.11048936	0.07957271	0.4387712	-0.28695056	660.8788	551.42975	3063.2844	0.00033959319	3.4125645	2.7216947	15.881838	1.0327749e-05
23	23999	1801.0024769306183	597.6577	61.218315	667.1781	501.0951	215.2	573.6013	0.0	573.6013	573.6013	212.0	151.74924	49.66257	199.48132	-29.550299	1.4298177	1.1667477	2.8992636	36.798637	-10.171465	-154.46222	0.07758056	0.0046422738	0.086240105	0.07030595	0.42558894	0.9040986	0.7976202	13.800716	2.9876828e-06	209.733	62.699596	279.98956	3.7065058	186.1692	51.793076	235.30655	3.7065058	173.57495	40.58981	203.02426	7.822734	-12.594249	18.881533	30.221052	-43.34495	19.180346	12.134322	43.34495	0.09998883	-0.04386067	0.11173409	0.5063499	-0.18807589	515.1273	495.81747	1878.7847	0.009997766	2.5301955	2.2083917	8.565442	6.63898e-05
24	24999	1896.1995649337769	731.0823	116.267784	916.826	625.0829	268.5	1197.7982	0.0	1197.7982	1197.7982	412.0	162.39108	55.07637	233.15866	-14.514622	1.477997	1.1752703	2.849319	32.85447	-10.830517	-165.2689	0.09584079	0.005319014	0.10539166	0.08625507	0.41210383	0.9097985	0.7922629	13.892338	2.115965e-06	247.83693	62.324062	313.6385	3.6747882	227.76872	54.555603	282.21423	3.6747882	199.01227	40.95089	232.06955	5.544241	-28.756453	23.21616	26.339258	-79.78966	32.09185	18.331308	79.78966	0.015926955	-0.110768914	0.094239935	0.41313866	-0.28395247	1365.9238	1327.5864	6366.39	0.0002536679	5.2743154	4.6718802	22.656473	1.8176106e-06
25	25999	1991.7781417369843	837.22675	144.95184	950.30945	632.6118	296.66666	848.9704	0.0	848.9704	848.9704	291.0	171.29323	58.723644	235.52785	-28.45661	1.7112471	1.0813489	2.8519816	33.668213	-10.964983	-174.34494	0.11234771	0.0034473261	0.11628123	0.105402894	0.17924814	0.9421623	0.7937869	14.196423	4.4852495e-06	285.87506	52.336136	341.65002	3.8772962	261.87024	45.31345	314.47806	3.8772962	214.8439	28.605947	236.8063	8.202601	-47.02633	23.743786	10.4874935	-102.40673	47.4643	22.855703	102.40673	0.025890935	-0.16759221	0.08119121	0.43253052	-0.32707483	2775.243	2063.4758	10487.138	0.0006703405	9.753791	6.704101	33.494663	6.5856543e-06
26	26999	2087.4806995391846	1280.1431	111.07068	1391.2137	1169.0724	429.5	1921.5391	0.0	1921.5391	1921.5391	624.0	176.70308	60.795433	243.27284	-20.342813	1.806488	0.98713344	2.8627036	34.603664	-14.35585	-179.68198	0.114739865	0.0006006547	0.116142444	0.11381662	-0.027752494	0.9214938	0.79249233	20.806149	2.9802322e-07	242.60478	66.330025	303.64322	3.9133806	223.58818	56.421154	273.44604	3.9133806	201.22208	49.203003	241.03552	7.908416	-22.36611	13.438678	24.676645	-63.35772	23.27056	11.803472	63.35772	0.020771751	-0.09210761	0.066179	0.5889387	-0.28322273	680.8409	556.1361	4014.2007	0.00043146563	2.8037367	2.1256516	17.944347	4.794284e-06
27	27999	2183.9680235385895	881.28534	404.43817	1437.9353	489.11438	307.0	3036.3706	0.0	3036.3706	3036.3706	1000.0	182.25153	63.35757	252.07646	-21.079052	1.9036063	1.0537505	2.8458734	34.159348	-9.486367	-185.25938	0.11873366	0.0027578184	0.1234461	0.113996044	0.1146337	0.9122088	0.7889124	19.235733	8.6426735e-07	305.0581	16.354057	327.62003	242.37683	281.0078	11.87504	297.5055	239.15614	242.40616	8.642595	255.3523	209.06323	-38.60163	5.7592587	-28.527637	-63.899685	38.60163	5.7592587	63.899685	28.527637	-0.13697237	0.01655662	-0.10592451	-0.21922646	1523.2548	480.99536	4083.17	813.8262	5.3805256	1.5461732	14.008503	3.162511
28	28999	2280.5224707126617	3054.7473	0.0	3054.7473	3054.7473	1000.0	2986.349	0.0	2986.349	2986.349	1000.0	189.61496	66.39433	267.16766	-21.577671	1.8769912	1.0221221	2.8216226	32.68201	-11.257263	-192.7576	0.12648436	0.0011350906	0.12825432	0.12345464	0.045976058	0.9161145	0.7810689	15.152068	1.4454126e-06	265.83652	65.49697	322.2971	3.482875	248.34908	58.049576	296.72513	3.482875	233.49294	47.7772	265.0626	4.496568	-14.856143	23.475266	83.26661	-52.637253	24.904167	12.311604	83.26661	0.011830941	-0.045954198	0.11130841	0.49082375	-0.19352643	771.79315	856.9962	6933.328	0.00013997116	3.2412214	4.7682004	40.86923	7.868211e-07
29	29999	2376.6332354545593	1778.9421	1197.9059	2976.848	581.03625	599.0	2951.3604	0.0	2951.3604	2951.3604	1000.0	199.9514	68.814804	280.09097	-39.055824	1.8395952	0.98947686	2.8507514	35.109158	-11.525928	-203.18172	0.1268952	0.00096771546	0.12806387	0.12490643	-0.021694122	0.9109508	0.77958286	18.210165	1.2889504e-06	276.44308	48.272476	314.56366	4.216871	258.4354	43.274403	291.23196	4.216871	249.18796	41.072594	277.46518	5.774186	-9.247428	10.909346	35.424206	-32.19711	12.638843	6.6924143	35.424206	0.027435228	-0.03412554	0.044144303	0.15726443	-0.13701251	204.52875	196.71797	1254.8743	0.00075269176	0.7843519	0.7847817	5.5408125	2.869888e-06
30	30999	2473.3719234466553	2778.7288	0.0	2778.7288	2778.7288	1000.0	3092.8984	0.0	3092.8984	3092.8984	1000.0	204.9102	70.71287	285.80765	-47.498848	1.8751291	1.0170734	2.8537476	37.539104	-10.05266	-207.9901	0.12619162	0.0019772514	0.12933746	0.12379459	0.035266176	0.8925944	0.77454156	16.780994	1.4901161e-06	284.09067	48.183918	327.7584	3.4590743	267.64835	44.174137	308.48898	3.4590743	256.93973	37.0232	283.84265	4.332267	-10.708607	17.2228	58.088017	-42.09125	18.370874	8.591277	58.088017	0.20009315	-0.033996034	0.073243506	0.27857944	-0.14443205	411.29913	459.40402	3374.2178	0.04003727	1.6037172	2.1272848	16.12857	0.00016261515
31	31999	2568.7184007167816	2157.2756	0.0	2157.2756	2157.2756	673.0	3255.8813	0.0	3255.8813	3255.8813	1000.0	207.66675	70.95626	286.70648	-24.10808	2.02329	1.0002913	2.8081093	38.22101	-10.311241	-210.71965	0.12789005	0.00090842374	0.12971613	0.1263648	0.0006662712	0.88552946	0.7684644	19.20222	7.301569e-07	293.33655	41.847927	335.3425	87.69825	274.68604	35.775116	313.60327	91.86203	258.82568	29.509712	285.69946	83.561264	-15.860336	16.884624	40.56851	-42.475708	21.294569	9.120424	42.475708	0.0016327155	-0.053866096	0.06583621	0.20347409	-0.1590531	536.6408	371.55545	1804.1859	2.66576e-06	1.9446756	1.3774662	8.254641	1.06397975e-08
32	32999	2665.2741436958313	1990.0885	1076.8761	3066.9646	913.21234	612.0	3014.3682	0.0	3014.3682	3014.3682	1000.0	211.41872	71.35419	288.66602	-32.373795	1.7438908	0.96344507	2.7897887	35.39717	-10.146711	-214.34705	0.12490723	0.0021000528	0.12907954	0.121883266	-0.07582016	0.87507725	0.7655583	16.336266	2.2128224e-06	280.83896	60.588017	336.19177	3.5592635	267.28275	56.982353	318.2548	3.5592635	249.41042	50.90976	287.5008	7.5638313	-17.872356	16.399317	43.590527	-49.123905	22.173717	9.8328495	49.123905	0.0068670204	-0.05492831	0.1348186	2.474516	-0.30034423	588.3587	419.66727	2413.1582	4.715597e-05	2.37059	2.9962275	61.232292	1.7089046e-07
33	33999	2759.436885356903	1858.5515	1335.0721	3193.6235	523.4794	598.5	3251.5361	0.0	3251.5361	3251.5361	1000.0	214.84276	71.766014	294.0532	-22.01029	1.9915763	1.0107737	2.753672	33.80255	-10.929432	-217.72005	0.12289268	0.0012193659	0.12428803	0.1201313	0.022669677	0.8699659	0.7602629	17.878807	1.1771917e-06	318.6446	23.051886	344.11218	241.48929	309.3143	20.447739	333.5994	244.97752	276.07858	14.472106	295.7394	225.25494	-33.235714	7.9870887	-16.778084	-60.02984	33.235714	7.9870887	60.02984	16.778084	-0.10644529	0.02073034	-0.059224155	-0.18993255	1168.4062	518.7967	3603.5813	281.5041	3.7009609	1.5038372	11.401621	0.99366784
34	34999	2854.8581116199493	2693.4556	0.0	2693.4556	2693.4556	830.0	3092.1362	0.0	3092.1362	3092.1362	1000.0	218.13382	72.03861	303.133	-21.55825	2.046498	1.0517921	2.711476	33.54754	-11.471352	-221.02567	0.12855935	0.0036578751	0.13431513	0.12285303	0.1061756	0.8601671	0.7506432	15.003306	5.364418e-06	291.2907	29.82005	323.4538	177.06606	269.15482	27.7068	299.86838	166.21886	266.525	31.608517	297.6814	123.43666	-2.6298213	13.740274	24.041515	-50.09201	11.868875	7.4054656	50.09201	0.011438344	-0.010668877	0.057071153	0.10290488	-0.28866705	195.7111	242.11293	2509.2095	0.0001308357	0.8009653	1.2132074	14.459913	4.5796727e-07
35	35999	2950.8793745040894	1353.7429	242.1792	1595.9221	1111.5637	417.5	3220.585	0.0	3220.585	3220.585	1000.0	222.26492	73.48945	304.81567	-45.143726	2.3421767	1.0433542	2.719931	37.770905	-11.051404	-225.17725	0.13808256	0.0028343108	0.14349131	0.13405229	0.08569462	0.87642276	0.7503713	14.184095	2.9802322e-08	297.7621	54.782246	338.33035	4.4079494	281.6188	50.03333	316.5952	4.4079494	273.09357	40.455887	302.315	19.690765	-8.525257	17.11897	44.520966	-31.576548	17.7993	6.9945755	44.520966	0.007489254	-0.012101137	0.122277156	1.5282816	-0.10839109	365.73914	290.69656	1982.1163	5.6088924e-05	1.612451	2.1445496	23.356447	1.9068393e-07
36	36999	3046.3646054267883	3161.3916	0.0	3161.3916	3161.3916	1000.0	3179.4724	0.0	3179.4724	3179.4724	1000.0	226.7509	72.67397	305.2883	-37.405674	2.3027894	1.0215241	2.6633208	33.725807	-12.574536	-229.749	0.14547051	0.0010594692	0.14853966	0.14350778	0.041484196	0.88488793	0.7546092	15.167876	2.7269125e-06	305.35275	31.955448	336.01898	151.33392	289.86768	33.850174	322.90402	128.42485	282.1378	20.359785	302.80914	187.02567	-7.72988	21.164156	70.84311	-33.086853	19.741999	10.859381	70.84311	0.08502423	-0.017093938	0.094367296	0.45630434	-0.110926084	507.6726	597.3532	5018.7466	0.007229119	2.074547	3.5228977	31.22977	2.4228513e-05
37	37999	3142.1802735328674	3199.3257	0.0	3199.3257	3199.3257	1000.0	3203.34	0.0	3203.34	3203.34	1000.0	232.72505	71.50338	308.52463	-25.99441	2.2291949	0.9686293	2.6350791	34.931175	-14.670347	-235.65872	0.14655548	0.0024936886	0.149768	0.14156538	-0.06053529	0.88166666	0.75247216	14.7548065	3.8444996e-06	313.05197	18.958942	335.63217	246.13934	302.3648	19.038244	329.439	238.14516	289.87244	16.165857	305.32483	232.8424	-12.4924	16.896887	57.159992	-33.48001	18.944782	9.091761	57.159992	0.09071678	-0.039143577	0.060753714	0.24002165	-0.11060273	441.56488	414.06024	3267.265	0.008229533	1.51132	1.6394722	13.719636	2.7801814e-05
38	38999	3239.069185256958	1779.6033	943.05493	2722.6582	836.54834	553.5	3105.9636	0.0	3105.9636	3105.9636	1000.0	234.83388	74.03916	310.71597	-41.34133	2.074351	0.94657665	2.6266828	34.871967	-12.528102	-237.62645	0.13506672	0.002969227	0.14152843	0.12993816	-0.10671985	0.8684261	0.749035	17.655668	1.3411045e-07	310.3681	16.720394	326.4228	243.43852	306.89255	14.441024	321.97543	253.119	291.29422	16.238062	308.11087	234.14334	-15.59834	3.8547268	-2.2772703	-25.063883	15.59834	3.8547268	25.063883	2.2772703	-0.05118238	0.013839716	-0.007399046	-0.08576466	258.16708	112.357834	628.1982	5.1859603	0.8505349	0.38860074	2.1495953	0.016849628
39	39999	3335.628751516342	1966.0758	0.0	1966.0758	1966.0758	599.0	3137.172	0.0	3137.172	3137.172	1000.0	236.18095	74.947624	312.54358	-45.390358	1.9891921	1.0140227	2.6183977	34.616302	-10.549517	-238.92963	0.1323035	0.0021485137	0.13481961	0.12866189	0.028540451	0.8594318	0.7517779	16.304272	9.834766e-07	295.16595	52.764305	338.85944	17.88023	283.64523	54.00372	324.80887	18.448013	279.3905	40.232307	308.48453	9.756825	-4.2547245	22.000662	75.787384	-26.475956	17.905619	13.472957	75.787384	0.0066584283	0.004080429	0.13761039	0.7989419	-0.47111785	502.13177	953.27905	5743.727	4.4334665e-05	2.7626145	7.4251657	58.313805	1.5236697e-07
40	40999	3429.8869349956512	1987.6805	262.72766	2250.4082	1724.9529	608.5	3228.7173	0.0	3228.7173	3228.7173	1000.0	237.12183	75.115204	312.72064	-34.735184	2.1744218	1.0049332	2.6272957	31.338789	-11.776897	-239.81268	0.13397296	0.00035628775	0.13459282	0.1327288	0.009986184	0.8474768	0.7480499	20.768738	5.364418e-07	253.61432	75.725006	333.1896	3.9844675	233.82841	71.205345	307.49454	3.9844675	236.78462	74.315506	306.39514	-3.8211966	2.9562128	21.030165	70.56064	-62.292297	15.797706	14.192936	70.56064	0.009166505	0.014807929	0.1411008	0.7785393	-0.7805664	451.00696	739.744	4978.804	8.402482e-05	2.465056	3.9878118	25.342646	3.0160035e-07
41	41999	3524.1898844242096	1847.4961	367.4956	2214.9917	1480.0005	562.0	1341.2859	0.0	1341.2859	1341.2859	402.0	238.48196	74.83875	312.30472	-21.885078	2.423721	1.0062379	2.6105344	32.9083	-11.63016	-241.15457	0.13393584	0.0014674006	0.13628973	0.13161553	0.012572696	0.84780055	0.74815077	18.330364	1.1362135e-06	255.52434	75.89118	327.60858	4.154612	242.94809	69.88726	306.86447	4.154612	238.53613	73.24826	307.0144	6.190036	-4.411973	9.99086	20.296192	-36.29336	8.708088	6.591812	36.29336	0.0059619723	-0.021287974	0.10679936	2.0152037	-0.2826389	119.28276	173.98767	1317.2081	3.5545112e-05	0.71907705	1.907977	40.61046	1.2519207e-07
42	42999	3620.242821455002	945.1504	293.40732	1331.0259	620.08826	292.66666	3253.5225	0.0	3253.5225	3253.5225	1000.0	240.36275	73.42345	311.9023	-29.95957	2.4203105	0.9669668	2.6408756	33.594578	-12.323006	-243.00688	0.13107242	0.0017727638	0.1353186	0.12813294	-0.066943236	0.83746666	0.74387926	12.960192	2.7418137e-06	322.74722	19.81827	346.29788	248.56104	315.19153	16.38931	333.77017	255.61722	291.67078	16.60331	310.38666	235.02802	-23.520725	4.374726	-10.037922	-47.86237	23.520725	4.374726	47.86237	10.037922	-0.074783556	0.01422791	-0.03204581	-0.14840028	572.36285	202.50446	2290.8066	100.75988	1.8183506	0.64247966	7.1027894	0.32167333
43	43999	3716.527269601822	1464.4799	373.65286	1873.5428	970.2497	446.66666	3210.6365	0.0	3210.6365	3210.6365	1000.0	241.79051	73.35775	312.36472	-30.177757	2.590835	0.98957413	2.6271305	31.869642	-10.0811615	-244.37947	0.1270429	0.0006884355	0.12812178	0.1252804	-0.021464191	0.8333007	0.74160594	13.348719	2.2649765e-06	316.83066	16.6996	331.8328	250.05632	308.67148	15.241354	327.21375	254.43661	292.12527	16.50584	309.31033	234.81868	-16.546217	4.1957545	-1.1651076	-27.14626	16.546217	4.1957545	27.14626	1.1651076	-0.053886738	0.014628227	-0.0038078395	-0.0873266	291.38162	120.39628	736.9194	1.3574759	0.951438	0.40955868	2.3705904	0.0044365427
44	44999	3812.201518058777	1222.3204	372.65323	1555.6888	702.1469	370.33334	3170.6387	0.0	3170.6387	3170.6387	1000.0	240.97786	73.79839	313.56567	-37.2131	2.164974	1.0282805	2.6348786	36.59229	-10.879193	-243.49063	0.12665136	0.002222486	0.13138533	0.12390946	0.058081284	0.83075804	0.74144375	14.40906	6.4074993e-07	314.9141	19.100487	335.62277	244.06789	310.7956	15.646956	330.61166	255.58786	291.8192	16.455072	309.17557	200.8791	-18.976376	4.943559	-11.350084	-114.73113	18.976376	4.943559	114.73113	11.350084	-0.0612466	0.016298441	-0.03607657	-0.36352158	384.5416	435.336	13163.233	128.8244	1.2407626	1.3839829	41.707245	0.4094721
45	45999	3907.3356008529663	3203.8413	0.0	3203.8413	3203.8413	1000.0	3246.9016	0.0	3246.9016	3246.9016	1000.0	240.52597	73.45276	312.90485	-30.64373	2.1063309	1.0310887	2.5975938	32.15192	-15.655615	-243.02191	0.13681121	0.0029774313	0.1402354	0.13140678	0.062364534	0.8454644	0.74374014	12.843204	3.1590462e-06	326.09702	22.011553	348.97827	247.55692	321.64465	18.082575	340.21515	258.4293	294.4641	17.159468	311.1446	235.27052	-27.180517	2.3369048	-20.62801	-36.343	27.180517	2.3369048	36.343	20.62801	-0.084603556	0.0068141795	-0.06369214	-0.10712537	744.24164	126.677895	1320.8136	425.5148	2.3114364	0.35621664	3.8932574	1.3391744
46	46999	4003.1013021469116	3244.975	0.0	3244.975	3244.975	1000.0	3253.3408	0.0	3253.3408	3253.3408	1000.0	243.00374	72.84733	314.00217	-45.23152	1.8765075	0.98155105	2.5538366	31.585941	-11.690792	-245.50537	0.13586065	0.0012894253	0.1383732	0.13410543	-0.036710754	0.84014016	0.7407035	16.72493	4.8689544e-06	323.51212	21.889238	347.85828	247.12311	319.2713	18.952759	338.34283	254.50894	296.9787	18.190763	312.91302	236.5289	-22.292648	3.0915802	-15.606538	-38.79899	22.292648	3.0915802	38.79899	15.606538	-0.069889985	0.009215462	-0.048025187	-0.1298417	506.52005	144.86826	1505.3616	243.56401	1.5836521	0.43524337	5.019734	0.7495069
47	47999	4097.8021235466	3229.9438	0.0	3229.9438	3229.9438	1000.0	3220.804	0.0	3220.804	3220.804	1000.0	246.0046	72.47659	315.11688	-35.82207	1.7588328	0.9894806	2.6007059	30.34246	-13.011208	-248.49687	0.13283342	0.0012443959	0.13551514	0.13135205	-0.021145094	0.8361202	0.743382	14.992657	2.9802322e-08	302.19263	54.193214	344.85394	4.67594	296.4752	57.22105	340.97693	4.67594	283.6982	43.622402	313.57245	6.9203687	-12.776983	20.79405	74.44057	-32.10674	22.4114	9.662972	74.44057	0.023695853	-0.023196122	0.118906535	0.66543305	-0.095104545	595.6438	628.704	5541.398	0.00056149345	2.5797124	4.8675637	48.830215	1.8411795e-06
48	48999	4193.2981724739075	2619.284	0.0	2619.284	2619.284	775.0	3279.1968	0.0	3279.1968	3279.1968	1000.0	248.66129	72.29217	317.88766	-36.710426	1.6546258	1.0051681	2.63457	32.380165	-13.049459	-251.061	0.13148913	0.0005567489	0.13303863	0.1302098	0.0105038	0.8454966	0.75137156	19.534874	4.2887405e-07	290.2871	70.11332	348.10318	4.1983824	282.8241	67.83601	341.21115	4.1983824	268.60602	62.243004	314.71027	-0.17096344	-14.21802	15.280116	51.127842	-37.91509	19.233759	8.105341	51.127842	0.12146219	-0.0465514	0.089878395	1.0867937	-0.71399665	435.6341	312.13788	2614.0562	0.014753064	1.5925297	1.3918004	12.557623	0.00013364234
49	49999	4289.64142036438	1363.8429	864.8557	2221.5593	179.8655	413.66666	3277.5664	0.0	3277.5664	3277.5664	1000.0	250.5901	72.58913	319.15945	-48.365707	1.6324992	0.9884029	2.6259286	34.265507	-13.629425	-252.93118	0.13153307	0.0005176723	0.13316488	0.1306097	-0.023442049	0.84808546	0.7535238	17.514973	5.364418e-07	321.23337	26.709547	351.08884	217.46828	315.51947	26.278957	344.37766	207.9052	297.17484	20.275293	318.45258	229.0138	-18.344624	12.702248	26.882343	-33.092766	21.40144	6.3127418	33.092766	0.6407023	-0.05591272	0.043832056	0.1244803	-0.09948221	497.87238	227.11064	1095.1312	0.41049945	1.5774544	0.7218466	3.346322	0.0013521457
50	50999	4385.566425561905	2397.2744	0.0	2397.2744	2397.2744	697.0	1902.04	0.0	1902.04	1902.04	558.0	250.93567	72.9141	319.871	-31.645664	2.6235836	1.0258311	2.6524184	32.79435	-9.693899	-253.29546	0.13273479	0.0016439762	0.13646019	0.1302537	0.05206607	0.8528403	0.7563283	13.498976	2.445653e-06	309.86484	42.961727	342.67303	67.55945	300.59256	41.151226	338.53116	69.12689	281.81702	38.02806	313.96802	76.67714	-18.775532	8.076372	7.550246	-43.363426	18.875463	7.839981	43.363426	0.056118578	-0.061552532	0.026567822	0.109222986	-0.193754	417.74844	297.92032	1880.3867	0.0031492948	1.3554578	0.9332057	5.913049	3.3873835e-05
51	51999	4481.93602514267	3277.0771	0.0	3277.0771	3277.0771	1000.0	3230.674	0.0	3230.674	3230.674	1000.0	251.01576	72.94999	320.32874	-30.11066	2.3736756	1.0097952	2.605598	32.747902	-12.84597	-253.30946	0.13820322	0.0005450196	0.13883923	0.13646632	0.019471757	0.84590435	0.7462311	13.98435	2.9802322e-08	322.67358	21.192047	346.62576	248.40883	316.48138	17.424967	336.18625	257.1516	298.71518	17.538101	317.33963	236.50508	-17.76622	4.999848	1.7132814	-33.28914	17.778353	4.9565396	33.28914	0.12642871	-0.056225505	0.016455593	0.006023151	-0.104402944	340.6371	163.62244	1108.1669	0.015984217	1.0791104	0.5332096	3.4754841	5.5448058e-05
52	52999	4577.019792795181	3355.3872	0.0	3355.3872	3355.3872	979.0	3254.756	0.0	3254.756	3254.756	1000.0	253.04797	72.32928	320.69302	-30.501877	2.0497046	0.96309346	2.6088083	31.018589	-10.199156	-255.38017	0.13547991	0.0028527065	0.13898577	0.13043624	-0.073951416	0.8383486	0.74123514	15.614389	4.8801303e-07	324.5763	21.46318	345.60767	248.88422	322.9869	18.491287	341.9101	259.04953	303.21442	18.675026	318.54898	238.46536	-19.77252	2.977322	-10.777533	-27.777817	19.77252	2.977322	27.777817	10.777533	-0.061442558	0.009964875	-0.03330719	-0.08870671	399.81702	115.96402	771.6071	116.1552	1.2418901	0.36086166	2.2744253	0.3589693
53	53999	4673.595803976059	3218.013	0.0	3218.013	3218.013	1000.0	3275.3967	0.0	3275.3967	3275.3967	1000.0	255.11317	72.807495	321.82788	-26.498516	1.7745694	0.9827941	2.6237278	34.25216	-11.556065	-257.37292	0.12914135	0.0015371031	0.1315354	0.12688006	-0.03523864	0.8351576	0.7421657	22.376265	7.1525574e-07	326.84207	20.432953	351.03735	250.37917	325.06564	17.79058	346.31116	262.63953	304.08817	17.896671	321.37308	239.03598	-20.977522	3.2613828	-10.707348	-28.36294	20.977522	3.2613828	28.36294	10.707348	-0.064733505	0.010830425	-0.032749005	-0.095996425	450.69302	131.38004	804.4564	114.64731	1.3903922	0.4133371	2.5186641	0.35065502
54	54999	4769.748286247253	3317.6445	0.0	3317.6445	3317.6445	1000.0	3261.1753	0.0	3261.1753	3261.1753	1000.0	257.68073	72.46003	323.75885	-38.164246	1.6055081	0.96291953	2.606843	31.78584	-11.957613	-259.88437	0.123619795	0.0025291082	0.12686893	0.11938944	-0.07764544	0.83595973	0.7374206	14.580969	1.2516975e-06	324.2337	18.889841	341.6643	252.06271	315.87122	16.025545	334.6842	257.74588	301.43945	17.304869	317.39926	240.01654	-14.43172	4.702202	1.0876794	-24.257223	14.439715	4.677589	24.257223	0.14933233	-0.04594664	0.015800197	0.0034707533	-0.08093683	230.38527	124.130165	588.41284	0.022300145	0.7359582	0.41182274	1.7695434	7.2188224e-05
55	55999	4866.412655353546	3378.441	0.0	3378.441	3378.441	987.0	3297.8125	0.0	3297.8125	3297.8125	1000.0	259.31573	72.638596	323.52618	-29.33748	1.7376933	0.99220014	2.6356795	34.263977	-10.023972	-261.49628	0.11787015	0.0005409739	0.119370595	0.11672532	-0.016567467	0.83372146	0.74145544	11.769234	9.4622374e-07	331.7026	21.806305	353.90097	252.82732	331.1136	18.910578	351.40555	264.25525	307.15836	18.34238	324.06873	240.75912	-23.9552	2.3874457	-15.528407	-29.628897	23.9552	2.3874457	29.628897	15.528407	-0.072485425	0.00729886	-0.047067508	-0.0915697	579.5516	110.43276	877.8716	241.13142	1.7503656	0.31235	2.539327	0.7308834
56	56999	4961.931149959564	1376.4222	23.968933	1401.604	1344.18	408.33334	3276.0552	0.0	3276.0552	3276.0552	1000.0	259.7835	73.38317	324.39578	-30.826729	1.6915144	0.9995166	2.6658938	33.654682	-11.586178	-262.02933	0.11766734	0.00047114302	0.11875336	0.1166056	-0.0009790184	0.83854127	0.7456193	13.037124	8.940697e-07	329.93512	19.188644	349.7168	254.05173	326.94043	16.817535	344.3802	263.43655	306.4896	17.990444	321.02954	241.50275	-20.450827	2.874795	-12.793443	-26.851583	20.450827	2.874795	26.851583	12.793443	-0.062906176	0.010726052	-0.03862294	-0.08817216	426.5007	115.578186	721.00757	163.67218	1.3153958	0.39162925	2.2248425	0.49412042
57	57999	5059.097617387772	1676.7842	0.0	1676.7842	1676.7842	502.0	3270.576	0.0	3270.576	3270.576	1000.0	258.75955	73.299355	324.39722	-29.99175	1.7531397	1.0199437	2.6262279	32.08401	-14.513766	-260.88577	0.11807223	0.0018091238	0.12170094	0.11530072	0.04240703	0.83587027	0.7447546	26.261274	2.9802322e-07	326.28525	21.900795	348.0117	247.9085	325.74707	18.973343	348.17026	259.2446	305.91968	18.333813	321.66815	240.90395	-19.827417	3.6052957	-9.121643	-31.41367	19.827417	3.6052957	31.41367	9.121643	-0.06092167	0.01059229	-0.02815786	-0.09236451	406.12463	147.16246	986.81866	83.20437	1.2436153	0.4264434	2.9015083	0.25684595
58	58999	5155.2601664066315	3276.444	0.0	3276.444	3276.444	1000.0	3268.1736	0.0	3268.1736	3268.1736	1000.0	259.73444	72.70174	325.32053	-42.45481	1.5906609	0.9997002	2.6148686	32.746735	-12.715772	-261.83688	0.121854246	0.0003426859	0.12277913	0.12125975	-0.0005912248	0.8365236	0.74705905	15.702631	6.7055225e-08	309.53146	49.20162	347.68973	44.910187	302.19638	50.06255	339.3731	46.407494	293.70477	37.626614	321.17194	44.171883	-8.491597	19.888042	79.34348	-27.341991	18.57843	11.067223	79.34348	0.3665268	-0.0151693225	0.107400574	0.68361276	-0.09851005	467.64148	811.13934	6295.3877	0.13434191	2.1621187	6.0482373	54.240215	0.0007772013
59	59999	5250.6635665893555	3214.799	0.0	3214.799	3214.799	1000.0	3230.3232	0.0	3230.3232	3230.3232	1000.0	261.68472	72.07662	325.80798	-35.551754	1.6173419	0.98587	2.6214628	35.88231	-11.686414	-263.74054	0.11997603	0.00068014645	0.12162521	0.11882657	-0.029884418	0.83744407	0.7496949	24.448837	3.784895e-06	314.7731	37.828503	346.62225	125.14845	306.98047	39.899185	338.49875	117.78219	300.3107	24.509357	321.76654	173.2131	-6.66979	22.640627	79.801094	-23.32891	19.946968	12.617551	79.801094	0.123874664	-0.00891285	0.11265459	0.6358804	-0.08538638	557.0841	916.0619	6368.2144	0.015344932	2.5013244	6.226355	50.588215	4.8149668e-05
60	60999	5346.3824870586395	2371.1575	939.00073	3310.1582	1432.1567	710.5	3274.2336	0.0	3274.2336	3274.2336	1000.0	262.61517	72.227066	326.42902	-29.240788	1.5205957	0.9894951	2.609103	33.58996	-10.030115	-264.68042	0.11736885	0.00092027424	0.11887137	0.116044186	-0.022415737	0.8340468	0.74597013	16.290005	5.811453e-07	320.304	23.324997	344.80743	221.9558	310.89178	23.058647	336.09836	218.70187	302.51706	20.619781	322.91943	216.33954	-8.374755	11.365604	28.18427	-29.307432	12.229177	7.054122	29.307432	0.0018371218	-0.025721472	0.03799943	0.10107475	-0.096114635	199.31345	171.61038	858.92554	3.3750161e-06	0.64548945	0.5670567	2.8487182	1.053197e-08
61	61999	5443.093934297562	1461.1809	246.36444	1707.5454	1214.8165	429.5	3289.2227	0.0	3289.2227	3289.2227	1000.0	262.69775	72.92867	326.9845	-39.458023	1.5799668	1.002336	2.6295593	34.69974	-11.582449	-264.71875	0.11617969	0.0004431286	0.117035106	0.11541706	0.005059981	0.8365448	0.748934	20.456493	4.865229e-06	321.09665	64.21869	357.89685	2.4422102	316.942	61.612576	347.80167	2.4422102	306.4388	20.398579	324.12473	242.03041	-10.503145	50.676323	277.4356	-36.6903	30.408602	41.87748	277.4356	13.046538	0.2784181	2.207197	27.74356	-0.112998515	2678.406	10632.092	76970.516	170.21216	85.419044	583.27527	7697.0513	0.513358
62	62999	5539.743819236755	3242.3396	0.0	3242.3396	3242.3396	1000.0	3292.7698	0.0	3292.7698	3292.7698	1000.0	263.09677	72.647644	328.08994	-26.122158	1.6064016	0.9993087	2.6028173	31.79295	-11.488481	-265.0798	0.11707047	0.0007996957	0.11835293	0.11597407	-0.0014303632	0.8406285	0.7452662	18.14989	5.364418e-07	327.2125	21.116991	350.05856	249.28549	327.938	20.63904	348.76892	253.08585	308.88055	18.524347	327.0229	242.7292	-19.0574	4.2792225	-0.45133072	-27.374632	19.0574	4.2792225	27.374632	0.45133072	-0.05784545	0.011759796	-0.0015795472	-0.079602435	381.4962	146.5303	749.3705	0.20369941	1.1511265	0.41834697	2.1790872	0.00071289815
63	63999	5635.6574511528015	3431.5735	0.0	3431.5735	3431.5735	1000.0	3303.1274	0.0	3303.1274	3303.1274	1000.0	264.37723	72.0752	327.13074	-24.469494	1.5486066	1.0158838	2.5863829	32.00836	-10.789543	-266.33035	0.118803255	0.0009030624	0.12007627	0.11686352	0.03392286	0.84045565	0.74625456	16.751888	3.9711595e-06	254.95152	108.87057	345.5743	2.2457013	248.5552	104.817314	340.4134	2.2457013	279.01703	47.288273	321.55392	46.42193	30.46184	84.40022	282.68356	-21.758776	46.123917	76.96691	282.68356	0.013244122	1.1853257	4.012683	28.268354	-0.06440401	8051.322	18861.766	79909.99	0.00017540678	293.81934	1070.7328	7990.999	6.520888e-07
64	64999	5731.452998876572	1191.9855	0.0	1191.9855	1191.9855	349.0	3266.7107	0.0	3266.7107	3266.7107	1000.0	264.37744	72.36752	327.9719	-26.757074	1.5422784	0.98068243	2.5743062	31.182714	-15.434717	-266.31046	0.117785454	0.00085474283	0.12007736	0.11593282	-0.041191842	0.838907	0.7491574	20.445852	2.3841858e-07	313.11453	54.26874	348.27075	12.892073	307.38217	52.149746	343.7898	13.00276	290.50827	48.703224	324.80505	24.442093	-16.87388	6.450397	15.150846	-31.163065	17.443203	4.6978927	31.163065	0.3253906	-0.049189605	0.055583518	0.879762	-0.11620748	326.33548	155.84479	971.1366	0.10587904	1.10409	0.65274286	10.06389	0.00075852085
65	65999	5828.404333353043	2695.1445	592.3812	3287.5256	2102.7632	804.5	3291.4028	0.0	3291.4028	3291.4028	1000.0	265.54364	72.141365	328.15744	-34.83677	1.5788382	0.9909544	2.5903165	32.552067	-13.784941	-267.44763	0.11508704	0.0006416835	0.116261795	0.1136924	-0.019476632	0.8461609	0.75071645	10.934732	3.144145e-06	332.15958	21.480448	355.31747	251.44957	328.6754	19.400148	346.9924	258.03	309.23575	18.588371	324.46198	242.14917	-19.439667	2.7951758	-11.840801	-28.181269	19.439667	2.7951758	28.181269	11.840801	-0.059190147	0.008175838	-0.0378212	-0.083603896	385.71368	108.98223	794.1839	140.20457	1.1710958	0.31675306	2.299288	0.4486788
66	66999	5925.3695113658905	3143.159	0.0	3143.159	3143.159	915.0	3237.0664	0.0	3237.0664	3237.0664	1000.0	266.75943	72.21954	329.00134	-59.315155	1.4634831	0.99776596	2.6140752	30.221962	-11.662472	-268.66605	0.11298923	0.0007782267	0.114434876	0.11151139	-0.004771433	0.8423627	0.75197923	14.100896	1.3411045e-07	325.71222	18.146376	347.6091	253.61272	325.38577	17.569609	343.62585	257.54712	310.11267	17.936953	325.05908	243.99765	-15.273085	2.4377735	-7.060996	-22.485256	15.273085	2.4377735	22.485256	7.060996	-0.04713858	0.008442325	-0.021814305	-0.079476595	239.20987	75.36915	505.5867	49.857662	0.73909956	0.24498548	1.7735614	0.15403073
67	67999	6021.858423709869	1953.4751	192.85864	2146.3337	1760.6165	563.0	3265.935	0.0	3265.935	3265.935	1000.0	267.49493	72.05121	329.499	-28.013645	1.4808596	1.0033551	2.6026633	31.288155	-11.301772	-269.3624	0.113758065	0.00038334887	0.11462919	0.11305645	0.0073362733	0.8466585	0.7514021	11.761524	3.0696392e-06	307.89468	69.43073	349.63455	3.0581746	304.18414	68.27383	346.03973	3.0581746	304.4012	21.678825	324.96716	234.36374	0.21711029	62.17133	311.82092	-31.705153	33.95993	52.07729	311.82092	10.398063	0.29277375	2.1270278	31.18209	-0.093321145	3865.321	13402.217	97232.28	108.1197	90.09623	632.9118	9723.229	0.32876268
68	68999	6118.472450494766	3246.736	0.0	3246.736	3246.736	1000.0	3257.7095	0.0	3257.7095	3257.7095	1000.0	268.219	71.891335	329.2265	-28.39081	1.4260716	0.9815542	2.6047666	33.896786	-12.230473	-270.08636	0.11178082	0.001536444	0.11458708	0.10947088	-0.040172517	0.84106046	0.75082725	15.770605	4.7683716e-07	326.74966	18.018095	345.55203	254.64908	322.71762	16.68402	341.40536	258.23572	309.29846	17.711967	325.02423	243.59431	-13.41918	2.8310966	-4.0180755	-19.98321	13.41918	2.8310966	19.98321	4.0180755	-0.041854393	0.009891873	-0.01249892	-0.06554315	188.0895	73.33583	399.32864	16.144932	0.58863795	0.24274458	1.1829549	0.050221603
69	69999	6213.915613651276	1639.7764	99.13776	1738.9141	1540.6385	470.5	3290.418	0.0	3290.418	3290.418	1000.0	269.4307	71.471596	330.03217	-37.398804	1.4770697	0.9816053	2.5871534	32.02662	-15.818992	-271.216	0.11009739	0.001295976	0.11141503	0.10774875	-0.04063815	0.8399779	0.74841887	13.83878	4.172325e-07	289.145	73.167625	344.8929	3.8331273	280.9689	70.06575	339.05426	3.8331273	267.6952	68.35593	325.49567	-1.3157885	-13.273701	9.220807	22.48169	-39.894814	14.230902	7.6613207	39.894814	0.035145797	-0.04577793	0.09626583	0.90775585	-0.92318535	261.21442	276.81393	1591.596	0.0012352271	1.1258495	1.5208791	11.5894	3.8871212e-06
70	70999	6309.983138561249	2299.9382	965.9213	3265.8596	1334.017	691.0	3305.3467	0.0	3305.3467	3305.3467	1000.0	269.40073	72.26597	329.28458	-29.263592	1.439502	0.9940679	2.5724437	32.021584	-10.634155	-271.21024	0.107957035	0.0005221284	0.10868656	0.10662104	-0.01319396	0.8319114	0.7457057	13.232142	7.5101852e-06	333.1905	19.869455	352.245	256.54068	328.89224	17.330431	346.3135	263.0151	309.5434	18.156185	326.8452	244.0334	-19.34884	3.49456	-11.574193	-34.170124	19.34884	3.49456	34.170124	11.574193	-0.059099685	0.011638925	-0.035081223	-0.10178797	386.58957	147.36668	1167.5974	133.96194	1.1821775	0.46021485	3.4781077	0.40603685
71	71999	6406.931210041046	3275.7463	0.0	3275.7463	3275.7463	1000.0	3283.1147	0.0	3283.1147	3283.1147	1000.0	270.29047	71.90278	329.48334	-37.61811	1.4687886	0.9715241	2.5688088	32.832527	-11.754042	-272.05225	0.10443807	0.0014973311	0.10668001	0.10139642	-0.06436113	0.8275227	0.7416748	11.323332	8.009374e-07	332.11072	21.047342	357.85446	254.38783	326.8864	19.117128	347.59448	259.5707	309.94107	18.01255	327.637	244.19965	-16.945372	6.1793633	12.210555	-31.465435	17.342302	4.957283	31.465435	0.11306945	-0.05165549	0.018952077	0.04192376	-0.09265073	325.33014	148.29628	990.07367	0.012784701	0.9904706	0.43793425	2.9152956	4.0474024e-05
72	72999	6503.583395957947	1826.8818	0.0	1826.8818	1826.8818	524.0	3293.9346	0.0	3293.9346	3293.9346	1000.0	270.63922	72.11884	329.49677	-28.88386	1.4161944	0.9938341	2.5803084	32.08897	-10.917826	-272.4133	0.10210859	0.0009891363	0.10376254	0.1002813	-0.01406225	0.8250405	0.7439043	16.827116	2.8312206e-07	329.54977	18.141918	348.3221	257.3301	326.3209	16.520132	342.99857	263.29767	311.25735	18.068043	327.0921	243.55968	-15.063541	3.2205005	-6.62281	-24.812025	15.063541	3.2205005	24.812025	6.62281	-0.046525124	0.01155175	-0.020299902	-0.077284954	237.28189	97.08557	615.63666	43.861614	0.73682225	0.32826304	1.7960697	0.1344424
73	73999	6598.589294195175	3338.92	0.0	3338.92	3338.92	1000.0	3295.6848	0.0	3295.6848	3295.6848	1000.0	271.92984	71.60236	329.40042	-25.45834	1.4379623	0.98392946	2.5757222	32.040794	-10.826978	-273.62262	0.099629514	0.0007980039	0.10058204	0.097417966	-0.037064224	0.8227933	0.7421355	17.96436	8.34465e-07	332.7664	19.83874	351.8959	256.3626	327.6277	18.529093	345.7465	260.05234	312.87637	18.432373	328.8245	244.33656	-14.751333	2.6239846	-5.7682505	-20.065529	14.751333	2.6239846	20.065529	5.7682505	-0.045145206	0.008270123	-0.017816376	-0.066240676	224.48715	73.920265	402.6255	33.272713	0.68616754	0.2234286	1.1786565	0.102769315
74	74999	6695.703952074051	3131.2502	0.0	3131.2502	3131.2502	907.0	3273.312	0.0	3273.312	3273.312	1000.0	272.41083	71.43677	330.39767	-31.1947	1.3990449	0.997516	2.5900912	34.250347	-10.666681	-274.12936	0.097673215	0.0007635071	0.098979466	0.09634802	-0.0057208166	0.8216578	0.7443257	15.424957	7.8603625e-07	332.94263	18.488773	348.80276	257.77	326.49582	16.746468	341.4173	258.76932	313.36478	18.251554	327.50555	244.66956	-13.131094	2.2462263	-7.859882	-19.880413	13.131094	2.2462263	19.880413	7.859882	-0.040582642	0.008891631	-0.023666516	-0.07163291	177.47116	62.7443	395.23087	61.77774	0.55227	0.22513244	1.4009	0.18601601
75	75999	6792.798446416855	2258.035	473.80243	2731.8374	1784.2325	648.5	3307.658	0.0	3307.658	3307.658	1000.0	272.22092	72.04519	330.82248	-19.12937	1.3249032	1.0156447	2.5567348	32.613113	-11.710336	-273.90744	0.09915893	0.0006918626	0.10015712	0.09741055	0.036289353	0.8219043	0.7401674	14.39956	4.082918e-06	331.51077	19.506882	350.225	254.69426	329.1982	18.02563	345.5184	262.51993	312.50858	18.42933	328.7363	243.26959	-16.689629	1.9579368	-11.338909	-22.210112	16.689629	1.9579368	22.210112	11.338909	-0.05093136	0.007316156	-0.033993017	-0.07406579	282.37723	65.21985	493.28906	128.57086	0.8627832	0.2169387	1.4786927	0.38544375
76	76999	6889.174822807312	3295.9514	0.0	3295.9514	3295.9514	952.0	3303.4258	0.0	3303.4258	3303.4258	1000.0	272.37894	72.03134	330.44528	-24.935541	1.3569753	0.988953	2.5478668	29.40603	-11.038297	-274.05643	0.099281356	0.00051428354	0.100200444	0.09803471	-0.025489379	0.8194565	0.73839504	16.429325	9.536743e-07	331.14832	21.249327	353.16162	252.48624	329.5546	19.191021	350.58716	262.19348	312.55948	19.209007	329.42328	243.55713	-16.995108	3.2233996	-8.204988	-27.950937	16.995108	3.2233996	27.950937	8.204988	-0.051736474	0.0101679405	-0.024886256	-0.080431044	299.224	108.4528	781.2549	67.32182	0.9098613	0.32595834	2.248123	0.20419143
77	77999	6985.0361313819885	1518.3315	0.0	1518.3315	1518.3315	432.0	3303.45	0.0	3303.45	3303.45	1000.0	273.32886	71.293945	330.5994	-33.51124	1.4013318	0.9919787	2.5511425	32.137783	-10.94934	-274.99188	0.09725875	0.00034747223	0.098093204	0.096597604	-0.01862454	0.8103894	0.73679215	17.550007	2.8163195e-06	316.99454	53.297043	356.33566	28.141129	308.6045	53.95775	344.79303	25.610893	296.1628	46.09824	329.71252	30.522045	-12.441672	9.447984	30.394114	-21.479189	15.10998	3.9683893	30.394114	0.109702356	-0.030975124	0.06353571	0.50116366	-0.0934278	244.05962	113.04646	923.8021	0.012034606	0.9246726	1.2684553	14.6066475	4.6711673e-05
78	78999	7081.8305580616	3312.9807	0.0	3312.9807	3312.9807	1000.0	3256.5564	0.0	3256.5564	3256.5564	1000.0	274.2839	70.89209	330.9534	-24.963776	1.4023536	0.99414295	2.5549002	31.838211	-12.38279	-275.8877	0.09498293	0.00078282837	0.09678978	0.09347514	-0.013629013	0.8132952	0.73825234	18.630157	2.4549663e-06	328.92065	18.465286	348.42813	254.9181	326.03516	16.466354	342.83755	263.51907	311.70706	18.255783	327.53546	244.17456	-14.328101	3.8397532	-2.7207553	-24.240475	14.328101	3.8397532	24.240475	2.7207553	-0.044328164	0.013331937	-0.008447569	-0.0853067	220.0382	111.47692	587.60065	7.4025097	0.685053	0.3717223	1.9579657	0.022983767
79	79999	7176.242864608765	2284.109	1083.1494	3367.2583	1200.9595	672.0	3314.9197	0.0	3314.9197	3314.9197	1000.0	274.43958	71.12766	331.59668	-32.37323	1.3490365	1.0030764	2.54389	31.833786	-12.253059	-276.0443	0.095445506	0.0006673167	0.09625719	0.09399727	0.007259161	0.81301075	0.7331239	11.557789	3.695488e-06	334.96844	21.251986	358.3626	254.38533	328.13037	18.801373	348.3418	260.4299	311.68307	18.604427	328.85596	244.98856	-16.447289	4.2408333	-5.7304573	-32.73793	16.447289	4.2408333	32.73793	5.7304573	-0.050195016	0.012806601	-0.017368717	-0.09417385	288.49796	143.85042	1071.7721	32.838142	0.87803805	0.42570412	3.083057	0.0995307
80	80999	7267.641042709351	3319.754	0.0	3319.754	3319.754	1000.0	3348.8225	0.0	3348.8225	3348.8225	1000.0	275.36615	70.64972	331.6244	-29.210234	1.403331	1.003318	2.5393178	31.163136	-11.743725	-276.9839	0.097457565	0.00049813103	0.09826469	0.09625501	0.007814751	0.81263894	0.7361741	10.945498	1.9818544e-06	335.04025	20.576355	353.01178	258.41046	327.6962	18.812695	348.22437	259.70602	311.9159	18.830498	330.2347	245.672	-15.780297	2.5935948	-8.388676	-26.512169	15.780297	2.5935948	26.512169	8.388676	-0.04830543	0.008429823	-0.02702258	-0.078075916	255.74455	85.39548	702.8951	70.36987	0.78255916	0.26558563	2.0699618	0.22668365
81	81999	7363.065872192383	3308.5503	0.0	3308.5503	3308.5503	1000.0	3345.3682	0.0	3345.3682	3345.3682	1000.0	276.0385	70.66594	331.89636	-32.100838	1.2668096	0.9853141	2.5232372	30.585358	-10.877721	-277.62982	0.0957536	0.00059636676	0.09705267	0.09458338	-0.03441714	0.8121696	0.7344514	15.162451	9.23872e-07	301.7463	63.619736	355.53558	27.474953	288.04984	58.59841	339.18457	27.264473	271.35287	54.15168	323.15356	28.411324	-16.69692	8.785785	12.096642	-43.58755	17.12838	7.9117455	43.58755	0.14869593	-0.054865498	0.033492308	0.12086832	-0.17980872	355.9771	302.42892	1899.8746	0.02211048	1.1949238	1.0722017	7.8374224	0.00035523018
82	82999	7459.44580411911	2450.1694	0.0	2450.1694	2450.1694	699.0	3267.949	0.0	3267.949	3267.949	1000.0	276.79044	70.062904	332.02325	-37.921852	1.335902	0.98512304	2.516607	30.744274	-11.033383	-278.32114	0.09336096	0.00091612403	0.095008686	0.092123784	-0.035226397	0.8071718	0.7309177	17.707096	3.3527613e-06	322.34375	22.193668	345.51102	248.43883	316.5143	20.089088	336.78232	234.29843	307.9967	21.349934	327.18063	240.6879	-8.5176	4.0895815	7.496516	-17.91644	8.607595	3.8966005	17.91644	0.022860982	-0.027198266	0.014447606	0.03192462	-0.06783606	89.2742	74.236404	320.9988	0.00052262447	0.29017597	0.2597309	1.2085539	2.0541574e-06
83	83999	7556.376496076584	3312.6848	0.0	3312.6848	3312.6848	1000.0	3329.3745	0.0	3329.3745	3329.3745	1000.0	277.56415	69.91784	334.32318	-27.308527	1.3126416	0.99884385	2.5284884	33.95831	-11.328479	-279.0705	0.0911669	0.0003635167	0.09220052	0.09047661	-0.002703537	0.8041977	0.7296883	16.24544	4.4703484e-07	334.02698	21.017975	355.24606	256.9211	328.83618	18.802979	349.26877	259.62668	313.56195	19.46532	330.62372	245.38475	-15.274225	4.075348	-0.21262734	-24.190975	15.274225	4.075348	24.190975	0.21262734	-0.046678867	0.012987715	-0.00064982683	-0.07345813	249.91042	112.17384	585.2033	0.045210388	0.764133	0.34712392	1.6930672	0.00013817096
84	84999	7653.051154851913	3328.416	0.0	3328.416	3328.416	1000.0	3303.8513	0.0	3303.8513	3303.8513	1000.0	278.15686	69.87552	333.28644	-32.410732	1.2712042	0.99269265	2.5225782	31.224056	-10.500652	-279.656	0.09233451	0.0006723704	0.09334466	0.09091204	-0.017416572	0.8052141	0.7322869	14.4990225	2.8014183e-06	332.7614	21.678013	352.8933	252.48389	329.40768	18.087177	347.05786	262.38245	313.98016	18.98614	330.78674	244.29886	-15.4274645	2.7024167	-8.514193	-25.283428	15.4274645	2.7024167	25.283428	8.514193	-0.047133174	0.009670974	-0.025614416	-0.08186797	245.30974	85.32569	639.2517	72.49148	0.7518287	0.28309467	1.9534461	0.21808608
85	85999	7749.704707622528	2564.1357	828.63574	3392.7715	1735.5	745.5	3284.8384	0.0	3284.8384	3284.8384	1000.0	278.66736	70.36279	332.76562	-23.424868	1.2127625	0.9896193	2.5474348	31.990032	-10.448231	-280.16925	0.09042004	0.00049847027	0.091337554	0.08922546	-0.024933062	0.8028767	0.7343954	15.241901	4.582107e-07	331.22467	21.134817	350.70084	253.51532	328.32126	18.267231	349.57953	263.4228	314.41257	18.858644	331.34552	245.48651	-13.908677	2.278216	-5.764617	-21.989286	13.908677	2.278216	21.989286	5.764617	-0.04260912	0.008277539	-0.017909156	-0.07249428	198.64159	65.28395	483.52872	33.230812	0.61023474	0.21970433	1.410671	0.103239425
86	86999	7839.909746646881	2382.3452	916.65045	3298.9956	1465.6947	681.5	3366.8782	0.0	3366.8782	3366.8782	1000.0	279.6801	69.983406	333.7424	-24.511955	1.2545462	0.99999774	2.5368352	32.745506	-11.18442	-281.12476	0.08836557	0.00053538504	0.0893592	0.08741587	5.9801103e-05	0.8057178	0.73741096	19.327148	4.917383e-07	309.02768	57.810158	356.17267	14.412523	298.60776	54.96773	347.60922	14.48153	287.82404	53.301178	331.33133	19.881584	-10.783726	5.84199	12.031774	-28.847826	11.051312	5.318465	28.847826	0.014556775	-0.0350015	0.025880318	0.37289247	-0.15494527	150.41757	130.53647	832.197	0.00021189969	0.5071268	0.47885716	4.064659	2.1565245e-06
87	87999	7936.861207008362	1553.4109	0.0	1553.4109	1553.4109	472.0	3319.532	0.0	3319.532	3319.532	1000.0	279.66458	69.88073	333.84122	-20.587206	1.4412876	1.0123837	2.5521665	32.26257	-10.842282	-281.15338	0.09124943	0.0008369152	0.092442	0.08917819	0.029862823	0.81116486	0.74057794	13.96323	9.834766e-07	331.12308	19.916826	347.5003	255.04877	327.2885	18.118282	343.88333	258.85248	315.65887	19.628843	331.83612	244.9624	-11.629653	2.6616445	-5.037667	-19.578278	11.629653	2.6616445	19.578278	5.037667	-0.035922255	0.009978221	-0.0154058365	-0.071661055	142.33319	64.00537	383.30893	25.378088	0.4435264	0.22728318	1.4029999	0.07760947
88	88999	8033.579822778702	3327.8203	0.0	3327.8203	3327.8203	1000.0	3330.9338	0.0	3330.9338	3330.9338	1000.0	279.7485	69.41931	333.40878	-36.760944	1.5142832	1.01536	2.523161	30.675386	-10.177037	-281.2737	0.09243302	0.00061565934	0.09351779	0.091059044	0.036679827	0.8112514	0.7413977	17.925991	1.475215e-06	335.26263	20.282766	353.62463	258.5116	329.17667	18.125105	344.7856	259.94998	313.70477	18.794006	329.44473	245.32005	-15.471924	2.7230308	-9.48663	-27.849337	15.471924	2.7230308	27.849337	9.48663	-0.047254898	0.009275924	-0.028593458	-0.08089022	246.79536	92.451965	775.5855	89.996155	0.7548891	0.2892104	2.252739	0.27125555
89	89999	8130.120245218277	3385.4827	0.0	3385.4827	3385.4827	1000.0	3348.924	0.0	3348.924	3348.924	1000.0	280.652	68.87891	333.2771	-24.297909	1.3920726	0.9843393	2.5185893	33.19554	-11.587656	-282.10913	0.09301455	0.0008417045	0.09400498	0.09104508	-0.03725921	0.8084929	0.7372111	21.694525	1.3262033e-06	333.82733	25.291307	358.94406	238.31847	325.44968	23.533226	349.26944	228.48953	308.79675	23.636349	332.11975	221.21695	-16.652912	3.8830225	-2.5350304	-30.57213	16.652912	3.8830225	30.57213	2.5350304	-0.051366337	0.012998242	-0.010047527	-0.100371495	292.39737	132.3158	934.6551	6.4263787	0.9038159	0.42994925	3.0685704	0.025470786
90	90999	8227.170823812485	3322.5576	0.0	3322.5576	3322.5576	1000.0	3351.2466	0.0	3351.2466	3351.2466	1000.0	281.3977	68.425354	333.4586	-38.55788	1.2681717	0.9788795	2.5190587	31.232975	-9.582135	-282.8399	0.0895015	0.0009525901	0.091174506	0.08794618	-0.05090979	0.80290806	0.7369933	10.799845	5.9604645e-08	336.74686	21.750034	358.63126	256.22403	332.73962	19.216549	351.7615	261.62527	316.024	20.111666	331.89386	244.6767	-16.715633	2.2094789	-11.426418	-22.413439	16.715633	2.2094789	22.413439	11.426418	-0.050586045	0.008782687	-0.033846498	-0.083818235	284.29422	76.226654	502.36224	130.56305	0.8634379	0.268363	1.878655	0.38674426
91	91999	8322.93077135086	2029.1304	42.68573	2071.8162	1986.4447	596.0	3354.5984	0.0	3354.5984	3354.5984	1000.0	281.42545	68.72084	334.3531	-50.552914	2.6841838	1.0355178	2.4863088	32.25865	-12.421286	-282.815	0.09038588	0.0017672175	0.09313836	0.08769661	0.085387714	0.80135626	0.7329638	19.753323	6.7055225e-07	325.84802	25.20605	355.77817	244.59404	314.0821	23.443083	343.1761	226.30775	312.23273	19.985126	334.0329	244.89432	-1.8493559	13.14397	43.63702	-20.033962	11.07052	7.3230863	43.63702	0.0061876597	-0.0040501733	0.046767056	0.19198944	-0.07311354	176.18404	255.84874	1904.1893	3.828713e-05	0.6189661	1.0339673	8.377847	1.1687908e-07
92	92999	8419.334821462631	3302.5808	0.0	3302.5808	3302.5808	1000.0	3331.4883	0.0	3331.4883	3331.4883	1000.0	281.5063	68.78586	334.41812	-42.434067	1.4581454	1.0287728	2.4879951	32.078217	-13.938111	-282.97363	0.09611838	0.0015587946	0.09818242	0.09315883	0.06760243	0.8031637	0.7353909	15.797596	1.847744e-06	333.28506	20.049303	358.83505	256.61835	327.60098	18.302721	350.6058	259.92596	316.21307	19.557743	333.49084	245.50664	-11.387902	2.8539486	-4.2364664	-18.791142	11.387902	2.8539486	18.791142	4.2364664	-0.03509762	0.010012829	-0.012898821	-0.067401946	137.82935	66.39108	353.107	17.947649	0.42728212	0.21962585	1.1960616	0.054645423
93	93999	8516.087314367294	1388.2529	102.23651	1490.4895	1286.0165	396.5	3359.3872	0.0	3359.3872	3359.3872	1000.0	281.55118	68.79057	334.70126	-32.60047	1.4657693	0.9836917	2.4835434	32.22306	-14.052273	-282.942	0.09698875	0.0009889062	0.09864143	0.095287256	-0.038039647	0.8042607	0.7338065	23.27689	3.1143427e-06	335.05197	21.458107	360.93463	256.85718	329.507	18.844458	350.97256	261.7153	314.46542	18.978611	333.15723	247.2201	-15.041579	3.6324575	2.7183661	-23.009766	15.084487	3.4499454	23.009766	0.04175213	-0.04579112	0.011710721	0.008986774	-0.0724656	239.44385	89.00911	529.4493	0.0017432403	0.72966796	0.2794479	1.5550076	5.723635e-06
94	94999	8612.579978466034	3339.3083	0.0	3339.3083	3339.3083	1000.0	3351.6228	0.0	3351.6228	3351.6228	1000.0	282.23694	68.415665	335.9157	-45.268425	1.4087542	0.98007864	2.5004842	33.07162	-11.435638	-283.594	0.093965776	0.0011609049	0.09541814	0.09165602	-0.047121465	0.79379755	0.73338956	19.583483	1.7415732e-06	330.83212	23.956993	356.26892	255.7035	322.6682	23.108927	347.31027	240.3632	311.70935	20.252813	333.0055	245.6484	-10.958898	7.678472	18.126205	-22.505762	12.691719	4.2398887	22.505762	0.07483389	-0.03315878	0.025518473	0.07368387	-0.075536795	179.0564	99.19998	506.5093	0.0056001116	0.5577089	0.31582585	1.569509	1.7707624e-05
95	95999	8709.061749219894	3324.9563	0.0	3324.9563	3324.9563	1000.0	3368.3215	0.0	3368.3215	3368.3215	1000.0	283.3245	67.84859	334.72998	-27.794159	1.4701557	0.9785888	2.499803	32.765	-14.4042015	-284.70612	0.089709066	0.001105662	0.09194699	0.08839813	-0.051442236	0.79694456	0.73487866	26.422012	5.364418e-07	308.75055	72.308014	355.30783	3.1438396	301.13147	71.94932	350.6386	3.1438396	307.3221	32.294174	334.26227	127.6799	6.190648	57.976414	314.2082	-25.93797	27.53884	51.392616	314.2082	0.004528698	0.3365499	2.2573009	31.42082	-0.074717775	3399.5881	13118.389	98726.8	2.0509106e-05	95.201935	666.9598	9872.68	6.2629994e-08
96	96999	8805.18803191185	2338.356	999.6425	3337.9985	1338.7135	690.0	1557.6547	0.0	1557.6547	1557.6547	441.0	283.92978	68.1153	335.43002	-33.374054	1.35228	1.0028255	2.525239	31.430023	-11.6683035	-285.3047	0.08817923	0.0005651554	0.08949664	0.08722978	0.0069066114	0.80133325	0.7387064	23.875456	4.7683716e-07	313.16547	58.103134	359.05103	4.983283	297.07877	58.42884	348.91885	4.983283	288.4523	54.07841	329.47156	5.4459743	-8.626418	10.496944	24.78876	-26.319475	12.262277	5.8512826	26.319475	0.0645702	-0.027461275	0.043784328	0.13827781	-0.24936274	184.60092	137.8658	692.7148	0.004169311	0.6402545	0.5361829	4.1100254	1.2679944e-05
97	97999	8901.626752853394	3379.5554	0.0	3379.5554	3379.5554	1000.0	3356.1182	0.0	3356.1182	3356.1182	1000.0	284.83652	67.74048	335.6924	-26.282513	1.3518939	0.9916365	2.5025084	32.97473	-12.35249	-286.21472	0.08803121	0.0007139203	0.08912683	0.0867352	-0.020231478	0.7978132	0.73400104	14.472059	2.3841858e-07	331.96454	20.529415	352.58298	257.68216	324.44296	20.756168	345.9711	253.62827	314.00214	20.287817	333.97458	246.12575	-10.440858	4.8779135	10.817655	-18.373386	10.814697	3.9809375	18.373386	0.06951428	-0.032096226	0.016106563	0.042651612	-0.063841105	132.80557	75.93708	337.5813	0.004832235	0.41265625	0.24752818	1.1100719	1.6066539e-05
98	98999	8997.751717329025	3297.601	0.0	3297.601	3297.601	1000.0	3352.882	0.0	3352.882	3352.882	1000.0	285.5038	67.44484	336.46808	-42.948406	1.3519293	0.9946313	2.5079098	32.894867	-10.26292	-286.849	0.08851706	0.000956392	0.0898088	0.08680773	-0.013003122	0.79913	0.7355249	18.308437	1.296401e-06	330.65457	22.10549	353.82394	256.38037	324.88632	24.01635	350.3113	223.86098	315.01273	19.916475	334.79953	247.25095	-9.873558	10.907061	44.063362	-22.467209	13.553086	5.72407	44.063362	0.015915977	-0.02885352	0.038574304	0.1968336	-0.08061724	216.45113	199.98474	1941.58	0.0002533183	0.7022375	0.8306371	8.67315	7.8944385e-07
99	99999	9094.659031152725	2910.8843	0.0	2910.8843	2910.8843	836.0	3354.5547	0.0	3354.5547	3354.5547	1000.0	285.97195	67.49644	335.81116	-32.716003	1.3282014	0.991419	2.5113497	34.315414	-10.861995	-287.34476	0.08624413	0.00031858386	0.08696819	0.0856298	-0.020977767	0.80146897	0.73653805	22.083845	2.9802322e-07	335.1857	18.680773	351.15012	259.78384	332.26566	17.92835	349.29318	261.61826	318.50333	18.961468	334.2207	248.36998	-13.762304	2.82589	-7.1866574	-21.417894	13.762304	2.82589	21.417894	7.1866574	-0.041711073	0.009767534	-0.021428725	-0.07631904	197.3867	77.59021	458.72623	51.648045	0.6005119	0.2529891	1.6345931	0.1540009
