Epoch	TotalEnvInteracts	Time	AverageEpRet	StdEpRet	MaxEpRet	MinEpRet	EpLen	AverageTestEpRet	StdTestEpRet	MaxTestEpRet	MinTestEpRet	TestEpLen	AverageQ1Vals	StdQ1Vals	MaxQ1Vals	MinQ1Vals	LossQ1	AverageLogPi	StdLogPi	MaxLogPi	MinLogPi	LossPi	AverageAlpha	StdAlpha	MaxAlpha	MinAlpha	LossAlpha	AveragePreTanh	StdPreTanh	MaxPreTanh	MinPreTanh
0	999	1.46712064743042	20.943867	23.54933	115.327065	4.116121	23.209303	10.916295	0.04289338	10.998798	10.857935	13.0	0.0	0.0	0.0	0.0	0.0	0.0	0.0	0.0	0.0	0.0	0.0	0.0	0.0	0.0	0.0	0.0	0.0	0.0	0.0
1	1999	1.7081537246704102	22.335522	23.96433	124.374176	3.452838	23.714285	10.916295	0.04289338	10.998798	10.857935	13.0	0.0	0.0	0.0	0.0	0.0	0.0	0.0	0.0	0.0	0.0	0.0	0.0	0.0	0.0	0.0	0.0	0.0	0.0	0.0
2	2999	1.9729552268981934	15.133925	9.13861	52.619244	6.126275	19.96	10.970255	0.06488296	11.108696	10.902742	13.0	0.0	0.0	0.0	0.0	0.0	0.0	0.0	0.0	0.0	0.0	0.0	0.0	0.0	0.0	0.0	0.0	0.0	0.0	0.0
3	3999	2.2741761207580566	18.134651	18.61323	116.574425	6.395498	22.044445	10.9312	0.030251013	10.998956	10.901944	13.0	0.0	0.0	0.0	0.0	0.0	0.0	0.0	0.0	0.0	0.0	0.0	0.0	0.0	0.0	0.0	0.0	0.0	0.0	0.0
4	4999	2.6195194721221924	18.294903	20.980427	151.20201	6.8408637	20.645834	10.933294	0.069096416	11.0111685	10.803399	13.0	0.0	0.0	0.0	0.0	0.0	0.0	0.0	0.0	0.0	0.0	0.0	0.0	0.0	0.0	0.0	0.0	0.0	0.0	0.0
5	5999	191.36991214752197	153.50056	71.303246	244.78601	24.47122	77.833336	239.43965	2.9752047	243.43857	234.69003	168.0	91.47216	53.23099	194.74812	-24.34779	7.7938643	-0.70301104	1.8972465	20.34591	-10.50123	-97.86465	0.884969	0.061224557	0.99970007	0.7821013	-0.18851899	0.8461549	0.62568223	4.8662324	1.2218952e-06
6	6999	379.35526394844055	218.42635	35.17333	263.6456	121.66583	101.1	-0.22511825	0.20208047	0.13319007	-0.5243729	19.5	195.743	55.79138	242.87201	-22.844252	14.597037	-0.32325754	2.5055273	30.134092	-11.491438	-205.82074	0.68638027	0.05037302	0.7818912	0.60570073	-0.4882701	0.89288616	0.69221115	10.947419	2.592802e-06
7	7999	567.4931826591492	254.68681	115.89569	357.63904	31.109322	139.57143	212.89807	2.3680882	216.58464	207.63188	129.7	138.26228	42.731377	207.45013	-22.797245	6.3102365	-0.30209365	2.4782012	28.255766	-9.7117605	-145.00969	0.52944124	0.0433061	0.6071461	0.46177104	-0.82633644	0.8951392	0.6908047	8.5142	2.7418137e-06
8	8999	758.2737016677856	277.89734	75.60983	368.15717	123.21616	123.5	143.23251	1.4628887	145.76956	140.70924	154.5	185.15088	55.156082	224.23555	-31.004719	8.351734	-0.03871671	2.624534	32.447044	-9.335183	-192.73248	0.40739554	0.027163088	0.461653	0.3625398	-0.92393994	0.9186729	0.7138074	7.5905704	5.364418e-07
9	9999	944.5151746273041	377.95657	25.144262	414.5204	338.54156	192.8	342.8347	0.87270564	344.5771	341.23938	178.0	151.86047	46.557743	217.6556	-30.555761	4.1301103	-0.17280965	2.5769134	32.936573	-12.976206	-157.6805	0.31282818	0.026517894	0.36244288	0.2688692	-1.3645902	0.90305877	0.701018	8.152986	1.6987324e-06
10	10999	1130.6934413909912	348.06705	79.20404	418.88583	164.25829	145.85715	12.01091	0.443152	12.576754	11.078403	36.6	174.4826	54.7766	220.48079	-27.575077	4.625415	0.20115992	2.700263	32.772438	-10.078078	-180.44464	0.24060751	0.014868011	0.2687917	0.21507521	-1.1350678	0.9140422	0.72094035	8.988464	9.3877316e-07
11	11999	1319.1197605133057	372.05356	21.815002	415.51398	348.53406	145.71428	25.9071	1.5013593	28.224874	23.480925	49.7	159.11104	48.71026	196.31996	-34.826538	3.199248	0.37562397	2.8127494	34.16707	-11.538294	-164.23332	0.19334227	0.0115391845	0.21502614	0.1733434	-1.0239637	0.936803	0.737696	9.840551	6.7055225e-07
12	12999	1509.3845391273499	411.08258	14.887175	442.9677	395.06015	149.71428	419.91162	1.7072128	422.34552	416.95575	148.0	151.94756	46.578197	196.50215	-27.880554	2.2535834	0.5331908	2.8808403	35.54874	-11.993826	-156.45918	0.15733372	0.009033375	0.17346926	0.1421325	-0.86238796	0.9596887	0.75852895	11.068429	3.695488e-06
13	13999	1696.135154247284	387.4226	45.26596	425.18646	281.8134	139.42857	613.8036	7.1916084	625.19293	603.9655	200.0	161.87137	50.309334	211.5631	-43.936623	2.3945217	0.78902507	2.965763	35.387985	-11.6522	-166.32689	0.1326398	0.004872091	0.14210075	0.1268445	-0.42307252	0.98319525	0.7838453	12.331659	6.2957406e-07
14	14999	1882.8861124515533	368.3382	102.87466	429.1826	100.461	135.125	441.30908	2.8405302	444.10022	436.5784	157.4	165.86403	52.38844	223.8876	-54.995083	3.1517794	0.9871487	2.9721217	35.87212	-12.191595	-170.25351	0.120029725	0.004275965	0.12688948	0.114124104	-0.02634439	0.9778864	0.78686714	13.556967	1.8253922e-06
15	15999	2069.6989073753357	363.97882	109.41203	429.54678	105.13287	136.42857	469.71637	1.3473777	472.7121	468.22736	160.1	164.12291	52.062263	221.09053	-35.304596	3.092013	0.9550216	2.985954	37.04003	-11.646201	-168.20403	0.12162756	0.0028437916	0.12713043	0.11779804	-0.09350908	0.9887435	0.8023623	15.366458	7.033348e-06
16	16999	2256.2320215702057	446.23462	32.627342	512.7172	406.9358	153.66667	17.854326	0.3795761	18.46634	17.315409	48.9	163.40483	51.88918	215.04105	-44.049904	2.3992646	0.889243	2.9760015	35.51202	-11.139882	-167.26944	0.115563065	0.005037418	0.12561032	0.110649586	-0.23699783	0.96204597	0.7996995	16.898655	5.066395e-06
17	17999	2445.434019804001	405.57965	99.56976	491.53467	167.26778	144.85715	974.0913	1.4795033	976.16205	971.2821	1000.0	154.16187	48.98503	211.93994	-22.387072	2.2240868	0.9403747	2.9651346	34.412872	-10.055805	-157.7022	0.11295903	0.003947652	0.118583746	0.106553905	-0.13133508	0.9792333	0.80597633	13.723666	2.1755695e-06
18	18999	2630.143091917038	385.98834	66.90768	429.37344	225.61646	141.28572	84.64732	1.7376103	88.788605	82.89398	114.5	158.85599	51.005547	212.9084	-38.941666	2.2900925	1.0033873	3.0281818	38.43866	-11.369716	-162.34094	0.108392365	0.0013483892	0.11031172	0.1059176	0.0077316435	0.9842053	0.8129304	17.033308	5.364418e-07
19	19999	2822.5686750411987	448.78442	31.576374	520.91455	412.40826	152.71428	984.8867	0.8939857	986.1571	983.41235	1000.0	159.6637	50.462975	211.55986	-28.720837	2.1274476	0.9510621	3.0664525	36.759705	-11.701368	-162.96106	0.10533401	0.0026929697	0.10859688	0.10031509	-0.11100774	0.9971156	0.8247484	21.17956	3.1217933e-06
20	20999	3011.892697095871	487.3129	40.3347	519.8462	401.85385	162.16667	985.70056	0.8570062	987.1124	984.47675	1000.0	164.49464	52.68693	221.15092	-47.534985	2.4877222	1.0654708	3.100722	35.559963	-10.650906	-167.77869	0.105135165	0.0018221771	0.10817216	0.10031805	0.14825644	1.014895	0.8331761	22.870977	1.8179417e-06
21	21999	3201.1152560710907	345.5498	254.52983	564.0419	13.599063	116.0	972.2996	0.41246378	972.7265	971.24023	1000.0	170.37288	57.239563	235.32489	-32.799137	2.6638374	1.1659033	3.1354303	36.744694	-15.269329	-173.73016	0.12114014	0.0050489954	0.12897697	0.10819688	0.35468945	1.0153674	0.8441349	24.327324	3.5697594e-06
22	22999	3387.2301785945892	513.71857	141.3707	613.804	202.35768	173.5	74.17752	1.4034157	76.62003	72.44457	44.8	175.22897	59.924885	284.38766	-42.39589	2.7343004	1.0824062	2.9659271	33.51526	-15.298087	-178.61629	0.13788207	0.0022769636	0.13993187	0.12898268	0.16573887	1.002489	0.82022184	23.3993	1.5497208e-06
23	23999	3572.779547691345	663.0301	121.61319	814.9135	550.04095	216.6	689.5016	4.830658	698.0131	682.36444	227.3	205.22783	73.30363	290.85577	-23.624008	5.488241	1.1684793	3.104832	36.0653	-13.985417	-209.18799	0.1534435	0.0025700883	0.15559272	0.13970037	0.3232493	1.0095009	0.83134323	18.13765	8.34465e-07
24	24999	3758.4560208320618	726.4149	78.84638	836.2814	618.8037	230.0	1023.2098	3.6423123	1028.868	1016.0365	310.4	185.49283	64.9415	251.4618	-31.981415	2.828241	0.94130975	2.925988	31.801865	-10.931917	-188.9725	0.15322874	0.002303876	0.15558268	0.14709356	-0.11072925	0.97627544	0.81078875	31.020771	2.861023e-06
25	25999	3945.1278882026672	733.68384	59.5639	794.64496	642.7168	226.5	970.32556	7.6709013	978.2099	956.751	301.5	184.9342	62.819904	261.1028	-38.33644	2.7726874	0.96435827	3.0297837	32.89597	-11.645873	-188.3001	0.14324518	0.0034247136	0.14903198	0.13943918	-0.068912126	0.9992006	0.82942617	24.131464	1.4007092e-06
26	26999	4134.163444757462	649.65173	50.11	728.1862	576.80133	204.4	974.4806	0.5877471	975.01917	973.38635	1000.0	187.13387	63.99577	251.23952	-39.27577	2.6444697	1.0044707	3.0300388	33.764885	-15.322256	-190.39056	0.14337014	0.0012512474	0.14628176	0.14142862	0.00893403	1.0043967	0.8372796	26.994968	5.170703e-06
27	27999	4322.502858877182	677.51276	87.394844	822.835	547.8503	210.4	975.03613	0.67687005	975.7245	973.52216	1000.0	189.76845	64.71724	259.027	-35.349552	2.5197866	0.9715329	3.0053806	33.052963	-11.046784	-192.86967	0.13822392	0.0033943842	0.14450167	0.1349295	-0.05590866	0.9992705	0.8304683	19.648966	2.2053719e-06
28	28999	4507.406638383865	717.63983	78.926956	826.53864	621.1296	222.2	931.0272	60.98605	981.2202	845.84717	725.5	193.71593	66.85233	262.45944	-42.175938	2.8016357	1.0047705	2.9984899	32.879772	-11.113231	-196.88728	0.13879767	0.0019880915	0.1432757	0.13687104	0.009740292	0.9923023	0.8278777	22.80809	7.1525574e-07
29	29999	4697.069622993469	751.21655	200.89264	875.2418	403.38095	233.0	980.52686	0.736266	981.9312	979.6687	1000.0	192.84236	66.272606	258.3898	-53.232166	2.5358593	1.0026971	2.9542928	32.457504	-12.541129	-195.9325	0.13853392	0.0013815399	0.14204106	0.13647415	0.0055387267	0.9885349	0.8211282	23.986582	3.7252903e-06
30	30999	4881.521893501282	939.96295	82.45893	1032.7383	832.389	282.66666	1120.6722	14.517808	1146.0729	1096.5778	336.1	192.39027	65.02966	261.01733	-50.254723	2.279692	1.0072439	2.946268	31.087831	-10.831205	-195.2991	0.13884383	0.0013426195	0.14206743	0.13663286	0.014459686	0.996275	0.82286286	21.026022	3.5762787e-06
31	31999	5068.461755514145	893.7549	37.336926	934.6016	832.88416	272.75	883.7174	4.956417	889.2263	872.28015	263.5	194.51503	65.87193	264.5919	-47.749702	2.2756684	0.9880331	2.9066148	31.712715	-11.2714205	-197.41475	0.13799383	0.0012610168	0.14090747	0.13611634	-0.02356282	0.9849014	0.81844324	26.45557	8.34465e-07
32	32999	5253.960322141647	913.1621	52.766808	963.6239	830.8713	274.0	21.50923	14.920383	66.237724	15.371458	29.7	194.62341	65.32658	266.9346	-41.144295	2.2012105	1.0173626	2.9266956	31.418232	-11.284649	-197.36223	0.13967776	0.0012506607	0.1416815	0.13760887	0.034271378	0.9824361	0.81567836	21.227509	2.3841858e-07
33	33999	5444.13996720314	895.3698	246.21814	1140.6901	558.70374	273.0	979.9458	0.47973746	980.7491	979.23773	1000.0	196.01102	65.77099	272.15628	-39.511204	2.463499	1.0223031	2.9271286	31.091131	-10.012854	-198.7184	0.14393447	0.0012456307	0.14592081	0.1412502	0.04344292	0.98264307	0.81634486	18.147669	7.748604e-07
34	34999	5633.537274360657	954.1218	222.58104	1208.6038	620.369	284.75	971.42413	0.37438107	971.9463	970.9169	1000.0	200.28496	67.09716	274.16577	-56.020355	2.281421	1.018372	2.92712	30.689247	-10.47899	-202.97945	0.14798962	0.0011776104	0.15037958	0.14584365	0.03537103	0.9765683	0.8207806	25.277626	8.6426735e-07
35	35999	5818.930539369583	927.90137	57.491447	975.7646	847.0511	282.66666	697.17145	15.453242	710.89276	653.50494	209.4	199.13493	66.42447	275.9637	-58.203728	2.4867907	0.9633726	2.9214272	30.999182	-11.880447	-201.78238	0.14619973	0.0030968953	0.15107872	0.14177307	-0.07045222	0.97181004	0.8246473	26.920403	1.2516975e-06
36	36999	6003.16309428215	1070.0907	300.29422	1467.4272	741.58527	323.33334	226.57642	38.39736	307.61005	178.78387	256.7	202.30815	67.20423	286.0716	-77.24125	2.3426256	1.0209191	2.9473178	32.459595	-13.217285	-204.98808	0.14438592	0.0011379565	0.14612676	0.14192455	0.040680774	0.9713181	0.82666224	20.364481	2.9802322e-07
37	37999	6188.491970062256	863.9619	113.05528	959.18176	674.75385	260.75	153.2042	79.67129	334.59415	15.520887	93.4	202.05316	67.68743	285.31058	-59.865177	2.4532132	1.0130641	2.900161	30.06708	-14.534561	-204.65556	0.14977343	0.0015977054	0.15288334	0.14606972	0.0253749	0.97450453	0.8199286	22.09824	9.834766e-07
38	38999	6374.923945188522	1015.6126	113.51294	1167.6931	895.0592	302.33334	117.267296	45.524574	185.17767	49.54703	126.8	203.28229	67.93854	285.58588	-49.638466	2.503836	0.9830025	2.8859503	31.250118	-13.808735	-205.82956	0.14793189	0.0027204899	0.15329538	0.1452022	-0.032415617	0.9791707	0.8242745	22.493746	2.9802322e-06
39	39999	6560.362146854401	920.24304	199.5045	1149.5928	654.961	276.0	75.00911	56.323643	167.90965	14.931473	68.8	206.69867	68.167	287.67386	-41.269382	2.3537104	0.9701442	2.9288766	32.677654	-11.27058	-209.19894	0.14425488	0.002821555	0.14859402	0.13960582	-0.05803857	0.96906924	0.8247032	27.616718	5.364418e-07
40	40999	6745.672206163406	649.33246	520.73846	1194.2283	17.790268	195.4	8.324765	0.4065302	9.099145	7.7775993	14.2	207.48236	68.83682	288.2123	-47.535183	2.9283447	1.024935	2.9385228	31.834078	-10.435335	-209.96732	0.14295432	0.00070011313	0.14418814	0.13960937	0.048892204	0.9798938	0.8330233	33.255783	5.9604645e-08
41	41999	6934.424227952957	453.05722	508.42874	1354.7787	35.944176	150.16667	974.2782	0.6373381	975.27045	972.81915	1000.0	201.59505	66.802765	282.50534	-34.11341	3.5670922	1.0686785	2.7982454	36.426323	-11.299623	-204.0779	0.15648066	0.0038804316	0.16134591	0.14367512	0.13091165	0.99142927	0.8236018	27.29345	8.288771e-07
42	42999	7123.349346160889	1103.7684	231.86487	1329.369	784.885	339.33334	976.28925	2.2194417	977.9376	971.2095	1000.0	206.05128	67.8233	288.74356	-40.240925	2.967376	0.93100566	2.8364868	32.725273	-10.78596	-208.48103	0.14977479	0.0048594563	0.1575061	0.1422412	-0.13139239	0.95963186	0.8138394	29.71444	3.695488e-06
43	43999	7312.601804018021	1082.5161	121.493935	1262.0988	968.9658	321.5	972.9795	0.7934558	974.2892	971.1642	1000.0	207.42923	68.01178	288.78973	-36.299667	2.9914389	0.98044133	2.8307304	30.274868	-10.802289	-209.81355	0.14333878	0.0032147062	0.14808783	0.1384332	-0.03821238	0.96802676	0.8213112	26.80103	4.172325e-07
44	44999	7499.769955396652	1040.0986	111.477295	1130.2695	883.01904	313.33334	475.15225	229.3492	990.30804	242.9236	182.7	208.94698	68.188354	288.5167	-33.723083	2.7109106	0.97899413	2.8665698	31.513882	-11.79189	-211.26518	0.13961758	0.0029699076	0.14377683	0.13458402	-0.041565884	0.9612191	0.83025914	35.897568	1.5795231e-06
45	45999	7687.883374452591	1014.38617	103.26806	1113.7786	872.0223	298.33334	976.38556	0.73260045	977.63525	975.08673	1000.0	209.47636	68.58298	288.9551	-48.782234	2.6161175	1.0076921	2.8522904	28.626984	-15.3050165	-211.77577	0.1371503	0.0018365392	0.13934916	0.1341342	0.015581169	0.96304417	0.8248812	29.631166	3.5762787e-07
46	46999	7876.80237364769	971.60114	35.14213	1029.5004	935.6902	295.0	973.7962	0.365141	974.40985	973.13434	1000.0	212.62204	69.16452	292.99896	-31.13927	2.4741895	0.99583167	2.8366637	33.29138	-10.729455	-214.93535	0.13736232	0.0017115186	0.14022674	0.13469553	-0.008253189	0.9564791	0.8204878	25.02715	3.8146973e-06
47	47999	8062.250507116318	778.2377	280.13156	971.6259	294.2318	243.5	559.67255	6.947742	567.1642	546.48224	213.6	212.26387	68.93941	294.00845	-41.47661	3.1549025	1.0296279	2.8549528	32.014313	-10.742381	-214.55302	0.13910729	0.0011237416	0.14045262	0.13469586	0.058984682	0.9622119	0.8384331	37.281887	5.662441e-07
48	48999	8248.850596189499	1147.0204	281.4368	1475.5377	788.16656	344.66666	828.9559	4.685652	834.0555	819.8734	315.6	216.63062	69.98019	296.0268	-44.972057	2.7466753	0.97686946	2.8296194	30.642155	-12.437895	-218.87735	0.13841867	0.0014011657	0.14095813	0.13562411	-0.04575612	0.93777937	0.81320024	28.138319	0.0
49	49999	8434.928274393082	950.41	105.9665	1075.308	816.2413	288.33334	583.25635	6.470885	593.9733	573.50464	214.9	214.32637	69.14002	297.58313	-61.52442	3.1988828	0.9744694	2.8341448	30.743109	-10.484617	-216.48389	0.13388085	0.0020921323	0.13754562	0.13056995	-0.051401228	0.9370482	0.83041084	36.674873	3.9860606e-07
50	50999	8620.398076534271	1089.1592	58.982594	1170.6548	1033.0078	320.33334	1229.8993	37.94587	1271.6943	1138.2477	349.6	216.16277	69.7281	296.9422	-42.29355	2.4871252	0.9959592	2.7981434	30.573692	-10.22426	-218.3655	0.12881202	0.0009791065	0.13056715	0.12771046	-0.008174168	0.9314934	0.81814855	41.444607	4.7683716e-07
51	51999	8806.329904317856	978.2265	38.940125	1022.8332	927.9556	286.0	916.77527	20.459454	938.2374	864.5137	279.2	215.09889	69.37116	294.5561	-31.034973	2.6165044	0.985382	2.8127801	28.524021	-10.492026	-217.18158	0.12791432	0.0012270134	0.12998638	0.12642413	-0.029965485	0.93824416	0.8311271	43.086903	6.2584877e-07
52	52999	8992.109558105469	1066.0232	58.361633	1144.1467	985.7013	316.0	985.2082	3.452428	991.4539	980.5055	290.0	213.16527	68.81143	291.8925	-40.813904	3.0035393	0.9931906	2.8508482	35.001522	-10.345248	-215.25916	0.1266097	0.0017560425	0.13049456	0.1245649	-0.013958844	0.9444018	0.8500051	43.945942	5.9604645e-07
53	53999	9180.244831085205	1062.8936	72.50138	1139.7943	965.71173	308.66666	2229.4265	850.54926	3268.9995	1394.6113	668.6	214.91353	68.62185	293.71158	-52.381783	2.6711025	0.9732633	2.8253996	30.141953	-12.687426	-216.94112	0.12260733	0.0024432486	0.12654148	0.11973479	-0.055903908	0.93463063	0.8190718	36.313656	1.3709068e-06
54	54999	9366.677353143692	1226.2898	213.42026	1522.5802	1028.3319	357.0	1204.6836	12.775691	1222.2242	1182.6328	351.0	217.60999	69.05294	295.43854	-30.660236	2.3383543	0.98792136	2.830075	29.729683	-9.496984	-219.58022	0.11871724	0.0015440838	0.12125955	0.11655899	-0.025575863	0.9347663	0.82601523	41.484596	6.914139e-06
55	55999	9552.797028064728	953.71655	139.07843	1122.8843	782.23663	285.0	1054.4573	25.051538	1094.146	1023.6076	301.1	219.95975	70.31859	298.95584	-42.71188	2.7943096	1.0164677	2.8239772	29.152016	-11.149163	-221.9544	0.11894501	0.0012456541	0.12127273	0.11690735	0.035012186	0.93404305	0.82581204	40.422977	1.206994e-06
56	56999	9739.303548336029	1302.0332	435.02655	1891.9141	855.75684	380.33334	978.7067	12.03839	1002.1889	968.17255	287.5	228.703	73.93026	303.3345	-45.87812	2.553733	1.0330472	2.8212614	29.220135	-10.042261	-230.85335	0.12571771	0.0010604565	0.12755696	0.12130127	0.069054425	0.9404069	0.82686216	39.976646	9.201467e-07
57	57999	9924.507352590561	1058.8231	76.350945	1142.6366	957.9615	308.0	343.6535	1.9192717	346.0759	339.98758	140.4	223.27438	71.97536	300.57996	-35.42621	2.6101065	0.9808967	2.8070133	29.14613	-11.866165	-225.26147	0.12525295	0.0015816087	0.12822351	0.12350506	-0.039600156	0.93865883	0.82243264	38.04637	1.8775463e-06
58	58999	10110.32573723793	1013.795	71.50436	1104.9625	930.321	298.0	595.6488	3.018761	600.93427	591.6584	220.4	220.70946	70.89614	298.14694	-43.07475	2.704062	0.9923544	2.7965782	29.253119	-11.153579	-222.67244	0.12208847	0.0010724517	0.12396794	0.12036547	-0.015932575	0.938796	0.82764995	35.34745	1.7285347e-06
59	59999	10295.566580057144	1061.8816	105.60725	1161.2429	885.52814	306.0	593.6093	16.440727	620.1632	573.81146	220.6	221.52402	70.00985	298.83667	-48.20057	2.2383866	0.9768507	2.814497	28.10083	-10.820894	-223.40184	0.12057873	0.0020523348	0.124213554	0.11822029	-0.048952248	0.93687433	0.8287619	35.54031	5.9604645e-07
60	60999	10481.035706281662	900.2075	88.652885	1014.97516	799.1168	260.66666	348.76495	374.51855	922.5251	102.53261	121.4	221.32262	70.62819	336.39413	-73.02488	2.5776315	1.0000895	2.8275921	28.622723	-10.715691	-223.2281	0.118540704	0.0008934983	0.12060396	0.1174504	0.00026566218	0.9421163	0.82928884	33.900604	8.34465e-07
61	61999	10668.460087299347	1036.677	209.55359	1292.1211	709.6945	305.5	579.2186	3.176658	584.0105	574.323	217.0	251.88092	84.11144	341.67184	-62.305912	4.711286	1.2570653	2.8144886	30.882599	-9.463331	-254.16466	0.13918923	0.0059697214	0.14300793	0.11800577	0.52452356	0.98700345	0.8531052	44.681816	1.1622906e-06
62	62999	10854.186903238297	1103.5986	139.60506	1265.3873	924.71106	325.0	592.92267	4.9875083	600.6347	580.8765	219.5	226.32584	72.81975	304.11963	-71.7072	2.6913586	0.8946498	2.7420044	28.39264	-11.2066	-228.24416	0.13590156	0.004602892	0.1429101	0.12895618	-0.21021384	0.9344273	0.8268343	41.095787	3.5762787e-07
63	63999	11043.069265127182	1700.2046	0.0	1700.2046	1700.2046	507.0	347.0916	1.6774516	350.48187	344.27173	142.9	224.2032	71.05787	301.0446	-74.14623	2.5515156	0.94236004	2.7375784	30.819298	-12.82741	-226.03925	0.1240159	0.0026291138	0.12894635	0.120413125	-0.11996072	0.9270148	0.81475186	34.57915	5.9604645e-07
64	64999	11229.271350860596	2295.0686	895.98145	3191.05	1399.0872	671.5	679.7074	13.388891	711.29596	662.18744	209.2	226.17053	70.90058	303.441	-45.46672	2.3200223	0.9753075	2.7819743	31.158676	-10.447034	-228.00958	0.11778566	0.0017626355	0.1207768	0.115627825	-0.05265847	0.9272599	0.8131003	40.087746	1.0430813e-06
65	65999	11416.263511657715	1341.8961	143.11034	1446.1522	1139.5387	391.33334	1573.5387	190.77544	1813.4061	1176.564	452.9	224.6046	70.46856	304.01984	-67.59786	2.246089	0.9992459	2.7661738	31.439758	-10.821072	-226.3753	0.11652586	0.0013598594	0.119014464	0.11502942	-0.0014988785	0.9310025	0.80672044	34.848938	6.109476e-07
66	66999	11602.690368175507	650.8044	270.36304	984.8802	322.70972	236.33333	671.5958	3.3508296	676.9706	665.65247	204.2	223.5131	69.99016	303.69882	-63.769848	2.3767784	1.008533	2.7586746	33.98538	-12.40616	-225.29187	0.11655578	0.0012610077	0.11866277	0.11452552	0.018429285	0.9323973	0.7985542	24.799997	1.0430813e-06
67	67999	11788.374282598495	1261.5167	100.113594	1402.9222	1184.6925	369.66666	1676.7598	894.0402	3053.1023	1029.0184	529.6	224.119	69.78195	302.55505	-82.33014	2.278355	0.99442714	2.7261386	30.661657	-13.267574	-225.8551	0.11857923	0.0013021543	0.12092113	0.11665248	-0.011820529	0.9232278	0.79760545	32.207794	1.1920929e-07
68	68999	11974.779703855515	1102.7781	158.1028	1302.3103	915.634	315.66666	934.12726	11.333053	957.52747	923.06824	268.7	225.95222	70.29255	313.05054	-86.910225	2.151997	0.98230594	2.733017	31.29908	-10.471735	-227.71017	0.11488964	0.002120343	0.11860611	0.1127447	-0.038109273	0.9211945	0.8033389	37.686882	1.5869737e-06
69	69999	12160.435111284256	1278.486	155.44292	1438.4482	1067.9185	372.0	632.23376	1.7437981	635.72784	628.89374	227.0	226.59697	70.799484	311.97037	-74.59722	2.0204992	0.9973561	2.7814162	29.7168	-11.7187805	-228.29425	0.11268487	0.001297459	0.11512224	0.110740006	-0.005667429	0.9229046	0.8120975	33.018944	1.5215483e-06
70	70999	12347.004966497421	2206.2188	0.0	2206.2188	2206.2188	711.0	1195.1921	153.504	1436.2668	1073.3575	347.3	227.47433	70.08934	307.002	-76.31006	2.1694496	0.99360114	2.7855592	29.064404	-10.156435	-229.17903	0.11311328	0.00070453674	0.11428287	0.11194143	-0.013896891	0.9282383	0.81587917	38.60878	8.34465e-07
71	71999	12531.256826639175	1932.699	803.0166	2735.7156	1129.6824	570.0	1386.2811	21.81116	1423.7574	1356.1256	397.9	229.41989	70.340515	337.50684	-76.31961	2.2825918	0.9908585	2.785838	29.38533	-14.166326	-231.10172	0.11029417	0.0012512319	0.11252189	0.10853727	-0.02000396	0.92440444	0.8090791	31.284756	2.9802322e-06
72	72999	12717.698504686356	1110.1649	66.509544	1204.0128	1057.7905	322.0	1268.6672	59.327854	1394.0768	1185.8414	365.1	231.57663	70.96262	324.34695	-60.582474	2.946551	1.0978673	2.7471492	30.419659	-13.199277	-233.39575	0.11444888	0.0048518013	0.12726878	0.11049226	0.20852458	0.9448627	0.8155003	31.635979	3.2782555e-07
73	73999	12904.44929265976	856.9911	446.4233	1326.1606	19.82203	249.4	871.77765	75.55789	906.51843	645.51605	296.9	235.80846	72.44929	327.38177	-28.744328	2.765295	0.9755549	2.7216423	31.012737	-10.15206	-237.53583	0.1271494	0.0020525106	0.13042943	0.12358736	-0.050610214	0.92642665	0.8091492	35.69507	2.2351742e-07
74	74999	13089.143566608429	1399.5977	468.62997	1868.2277	930.9677	406.5	1065.5573	134.23286	1209.504	926.2345	350.9	232.78496	71.803474	328.34253	-49.59883	2.481441	0.9985892	2.728962	31.795183	-11.487135	-234.4743	0.1238683	0.0009157275	0.12594198	0.12225924	-0.0028450661	0.92280185	0.80499804	35.385273	3.9339066e-06
75	75999	13275.458717107773	1402.2826	171.62766	1578.3759	1169.5728	408.66666	682.6883	4.726935	695.51587	676.4825	204.1	231.96355	71.00119	327.30597	-51.70895	2.2750795	0.96623677	2.733479	31.068651	-11.39167	-233.655	0.119260296	0.0023030576	0.12357234	0.11709372	-0.071471944	0.9186637	0.80745035	31.408398	1.5646219e-06
76	76999	13461.977351665497	1196.502	86.24188	1282.7439	1110.2601	348.5	881.8795	47.216568	998.26227	834.0341	249.4	230.13414	70.62681	311.78165	-43.51482	2.3042984	0.98109204	2.7405007	32.844673	-12.095745	-231.77301	0.11504764	0.0014337619	0.11843332	0.113471836	-0.040720176	0.9229075	0.810887	32.27534	5.2675605e-06
77	77999	13650.68919968605	1392.5062	8.92793	1403.1581	1381.3096	404.0	970.97266	0.42275888	971.7916	970.32837	1000.0	230.7383	70.13775	330.18204	-86.16344	2.2009883	0.9974922	2.7366989	33.158806	-12.285349	-232.368	0.11317448	0.00080383726	0.11473303	0.112087086	-0.0053807297	0.9178656	0.8044794	34.079357	3.7550926e-06
78	78999	13837.52597951889	1201.5385	116.198814	1284.7911	1037.2134	345.33334	1436.5209	42.223686	1552.0057	1404.9706	421.6	232.02583	70.32443	329.47012	-41.66787	2.2636096	0.9904489	2.762148	32.055683	-11.1346855	-233.60216	0.11141861	0.0014634079	0.11465127	0.10980558	-0.020762926	0.918939	0.8154467	46.06244	3.0398369e-06
79	79999	14024.3320915699	1159.8179	58.116314	1239.9054	1103.7817	339.33334	835.1117	22.833397	875.2345	796.522	237.3	232.70981	70.46407	329.5406	-43.46143	2.1704109	1.0279163	2.7610703	31.707703	-11.476765	-234.30576	0.11170523	0.0016959531	0.11650762	0.10963575	0.06068249	0.9201821	0.81191283	27.882027	5.90086e-06
80	80999	14211.273741483688	1149.4108	145.30049	1294.8505	950.9777	333.0	2022.8867	193.84282	2314.3657	1726.4791	575.7	232.93495	70.37218	306.65607	-56.737564	2.409381	0.9922315	2.7586036	32.211575	-11.736572	-234.57216	0.11633703	0.0009576895	0.11883847	0.11500545	-0.016605292	0.92025954	0.82215345	35.42308	2.0898879e-06
81	81999	14398.326359510422	1196.3351	290.6037	1445.7516	788.74994	347.66666	1074.7283	32.32363	1127.3234	1037.3877	307.7	234.06013	71.263535	309.69968	-52.52869	2.4266577	0.9808604	2.7669783	35.261208	-11.345893	-235.65878	0.113312066	0.001473137	0.1163277	0.111969	-0.0415118	0.911927	0.8034816	27.031748	1.013279e-06
82	82999	14586.220201253891	1139.808	23.448668	1172.8872	1121.2484	327.0	3036.2014	486.89404	3412.892	1961.3826	897.6	232.68059	70.7666	308.05557	-60.367107	2.0880888	0.9864965	2.7386885	35.02152	-10.689685	-234.2155	0.11101016	0.002081356	0.11465048	0.10822905	-0.029531429	0.9127331	0.8027721	29.80174	1.4603138e-06
83	83999	14774.592289924622	1206.1842	138.83865	1394.6027	1064.1407	348.0	3204.517	4.5711503	3213.4016	3196.7275	1000.0	234.65358	70.62104	308.5402	-81.45538	2.1186187	0.9863712	2.7612255	34.89238	-12.784496	-236.14786	0.10849846	0.0009653254	0.110456385	0.10707814	-0.03017224	0.9145392	0.8043591	36.11805	1.4007092e-06
84	84999	14962.002901315689	1133.458	40.221176	1186.7435	1089.5785	324.0	1641.559	215.11012	1999.6371	1177.0208	526.0	234.85326	71.06961	312.82272	-87.378654	2.1093194	0.98890924	2.7619689	35.442127	-11.454853	-236.35367	0.106728464	0.001216415	0.10927796	0.105269134	-0.024707634	0.9185504	0.8001718	27.568958	3.343448e-07
85	85999	15148.182574510574	1259.3405	86.40637	1345.7468	1172.9341	361.5	1355.1102	84.902084	1439.599	1218.6572	389.7	234.91367	70.675316	322.28256	-58.33636	2.1097968	1.0048696	2.7843633	32.83191	-9.796331	-236.43463	0.10642508	0.0007305716	0.10766385	0.105098836	0.0109886415	0.9230774	0.81408095	47.283257	1.1920929e-07
86	86999	15335.361491680145	1661.2922	307.83142	1969.1237	1353.4608	479.0	1270.0413	34.425797	1349.7203	1232.9585	367.3	236.00893	70.878235	322.6512	-50.703667	1.8443713	0.99403954	2.7575223	32.97454	-11.741617	-237.43918	0.10563733	0.0012549789	0.10792628	0.10414946	-0.013284751	0.9176962	0.80539197	41.04841	1.5050173e-06
87	87999	15522.996832370758	1580.9708	175.19453	1807.2177	1380.389	452.33334	1686.5618	256.11798	2250.3188	1423.0178	486.9	236.49458	70.480385	317.97656	-48.866966	1.8437148	1.0085617	2.792513	33.242302	-9.517862	-237.95949	0.1077914	0.00051146455	0.1084966	0.10559413	0.019247798	0.91807795	0.8069011	39.930855	1.7732382e-06
88	88999	15708.962683916092	1370.5813	95.829834	1466.4111	1274.7515	398.5	1945.6832	282.21054	2367.3594	1658.3805	558.7	235.62907	70.543274	315.86386	-48.457108	1.9424971	0.99656934	2.77787	33.063	-11.631698	-237.10428	0.10645783	0.0012309578	0.108568095	0.104984604	-0.007601302	0.921125	0.8082734	37.31988	2.4735928e-06
89	89999	15894.859869241714	1502.7561	134.21552	1636.9717	1368.5406	432.5	3168.0286	397.61554	3308.9731	1975.2595	956.8	235.34859	70.45534	316.21225	-53.861923	1.7925434	0.98140186	2.7710116	34.460617	-11.240994	-236.75784	0.10534598	0.0017898423	0.10883167	0.10330878	-0.04178827	0.9196189	0.8057754	29.888733	1.4901161e-08
90	90999	16079.834226608276	1393.9573	3.276001	1397.2333	1390.6813	402.0	1189.3152	284.35654	2008.8494	1007.04395	346.7	236.46924	70.543236	318.69513	-49.031204	1.9036222	0.99628913	2.7668486	32.76524	-10.562385	-237.90303	0.10284881	0.000614919	0.103935756	0.10176804	-0.008371698	0.92125624	0.8056206	25.355501	2.8461218e-06
91	91999	16267.965394496918	1420.7623	560.7385	2205.501	929.49695	413.33334	2002.3375	674.6075	3301.5425	1462.0261	587.7	236.02306	70.426834	318.68356	-52.957714	1.9234409	0.99675274	2.740863	32.695534	-11.758234	-237.39299	0.10280034	0.0010847746	0.104694635	0.10131353	-0.007305896	0.92151684	0.8045348	37.375458	1.3411045e-06
92	92999	16454.35112643242	1342.3082	27.321411	1369.6296	1314.9868	384.5	1186.143	11.460197	1211.2856	1172.9679	336.7	236.23798	70.98259	315.51843	-80.22498	2.1349995	1.0351638	2.7662144	35.91767	-12.963425	-237.61304	0.1049404	0.0013826448	0.1079716	0.10228838	0.0793289	0.9182063	0.80611897	27.40562	2.9802322e-07
93	93999	16640.704920768738	1569.7559	279.4397	1879.7795	1202.5088	450.0	1244.8187	40.45526	1306.9928	1201.0442	352.6	237.90393	71.01506	334.04654	-74.480995	1.9723759	0.9917619	2.7494977	33.616905	-10.47781	-239.27539	0.10720541	0.0007865724	0.108627774	0.10604414	-0.018315705	0.91636586	0.8056128	32.12093	3.5837293e-06
94	94999	16828.050503492355	1973.9196	216.94739	2190.867	1756.9722	567.5	1316.4573	22.609495	1342.6593	1276.1041	369.3	238.70724	71.16825	329.8883	-56.17347	1.8874149	0.99866337	2.7712045	33.9195	-10.551102	-240.03188	0.106491394	0.0014063391	0.10897654	0.104567535	-0.0028827668	0.91972584	0.8134214	32.11749	2.0563602e-06
95	95999	17014.69638466835	1414.4583	25.891663	1440.3499	1388.5665	411.5	1384.8577	33.96553	1478.4828	1349.2975	396.3	237.23239	70.486786	320.15692	-51.113438	1.8425707	0.99380547	2.7225378	34.159496	-11.230055	-238.552	0.10659301	0.0012474615	0.109085806	0.10517714	-0.013810989	0.91243	0.8034731	29.081228	5.066395e-07
96	96999	17199.559433460236	1253.4463	87.41733	1316.4332	1129.827	358.0	20.427197	0.8828483	22.286325	19.850708	15.2	238.74628	70.47538	327.2445	-59.925392	1.8983938	0.97507316	2.7612107	33.377346	-13.860522	-240.07619	0.10381838	0.001873732	0.10732806	0.10144444	-0.05643036	0.9147209	0.8161282	40.677475	2.0489097e-06
97	97999	17385.453989744186	1775.4122	526.7811	2302.1934	1248.6311	507.0	2087.1086	846.1527	3355.7542	1363.8474	608.7	239.18779	70.83834	332.71457	-57.41435	1.6676965	1.0210618	2.7597356	34.692165	-10.789963	-240.51556	0.10259905	0.00087864825	0.10473133	0.10113422	0.04794815	0.9147433	0.8030732	23.426863	1.1920929e-06
98	98999	17572.820098400116	1506.2362	34.81604	1541.0522	1471.4202	436.5	1332.3883	22.11454	1382.4425	1312.7925	382.2	238.78122	70.68751	326.64166	-50.683804	1.9737399	0.98828745	2.7279668	33.897064	-13.685758	-240.04929	0.103622265	0.0012684122	0.10608005	0.10223969	-0.02645327	0.91433376	0.8043645	31.599203	3.7252903e-07
99	99999	17759.45351290703	1600.7014	130.82684	1731.5283	1469.8746	459.5	1252.7764	49.680557	1354.239	1189.5657	353.7	239.67647	71.0922	333.91257	-38.97466	1.7537861	0.99800485	2.719861	33.24683	-10.918573	-240.99199	0.10283189	0.00074371236	0.10435243	0.10167226	-0.0044679516	0.9098242	0.8117378	35.38296	1.7955899e-06
