Epoch	TotalEnvInteracts	Time	AverageEpRet	StdEpRet	MaxEpRet	MinEpRet	EpLen	AverageTestEpRet	StdTestEpRet	MaxTestEpRet	MinTestEpRet	TestEpLen	AverageQ1Vals	StdQ1Vals	MaxQ1Vals	MinQ1Vals	LossQ1	AverageLogPi	StdLogPi	MaxLogPi	MinLogPi	LossPi	AverageAlpha	StdAlpha	MaxAlpha	MinAlpha	LossAlpha	AveragePreTanh	StdPreTanh	MaxPreTanh	MinPreTanh
0	999	1.6863815784454346	19.052065	15.706	83.04234	5.1059	22.522728	71.25185	2.4303913	76.86563	68.148674	98.7	0.0	0.0	0.0	0.0	0.0	0.0	0.0	0.0	0.0	0.0	0.0	0.0	0.0	0.0	0.0	0.0	0.0	0.0	0.0
1	1999	2.2918624877929688	18.730679	15.602331	83.04234	5.1059	22.222221	71.25185	2.4303913	76.86563	68.148674	98.7	0.0	0.0	0.0	0.0	0.0	0.0	0.0	0.0	0.0	0.0	0.0	0.0	0.0	0.0	0.0	0.0	0.0	0.0	0.0
2	2999	2.91084885597229	14.880216	10.057022	61.04082	6.0590525	19.9	73.33403	2.3587754	77.59022	69.48003	101.2	0.0	0.0	0.0	0.0	0.0	0.0	0.0	0.0	0.0	0.0	0.0	0.0	0.0	0.0	0.0	0.0	0.0	0.0	0.0
3	3999	3.561361312866211	17.850042	17.819202	90.71151	4.7930055	21.733334	72.55286	2.5269387	75.48222	67.00689	100.3	0.0	0.0	0.0	0.0	0.0	0.0	0.0	0.0	0.0	0.0	0.0	0.0	0.0	0.0	0.0	0.0	0.0	0.0	0.0
4	4999	4.255428075790405	18.229647	11.426507	58.095108	6.4634733	22.326086	71.42021	3.4153695	75.28027	65.58687	98.7	0.0	0.0	0.0	0.0	0.0	0.0	0.0	0.0	0.0	0.0	0.0	0.0	0.0	0.0	0.0	0.0	0.0	0.0	0.0
5	5999	108.32735633850098	136.03952	63.752586	230.00308	11.223851	74.23077	115.9193	1.2969818	118.37037	113.80227	64.8	93.96458	52.75346	185.1635	-20.238577	5.7550254	-0.8510927	1.7981875	12.050944	-9.878192	-100.4898	0.88010573	0.0656566	0.99970007	0.7707328	-0.22245939	0.8275416	0.6032218	4.5995092	4.3213367e-07
6	6999	214.5559811592102	160.07466	38.60576	222.90431	104.5698	90.2	759.86084	1.863464	762.5295	757.0189	609.1	175.78835	52.37995	212.0914	-23.432259	9.73434	-0.4659823	2.218029	15.01611	-11.176728	-185.28322	0.6784385	0.051393323	0.7705341	0.5920382	-0.57029045	0.8575094	0.64643615	5.6475153	1.013279e-06
7	7999	322.4930260181427	228.74345	118.916626	414.0867	58.21068	157.16667	1076.2367	2.1850388	1079.2538	1072.8136	1000.0	172.97647	46.692665	206.50261	-33.15108	9.965191	-0.26848888	2.3276277	18.4609	-9.954723	-181.30914	0.52037895	0.03819188	0.5918705	0.45743462	-0.82436436	0.85956204	0.66277665	5.517564	2.2351742e-07
8	8999	426.52346992492676	607.0913	0.0	607.0913	607.0913	369.0	316.64868	1.1755241	318.9152	315.42224	145.5	172.66515	37.73814	200.37013	-40.86768	4.924917	-0.27971554	2.284661	19.328445	-11.06566	-179.82785	0.3984987	0.03291615	0.45732287	0.343291	-1.18316	0.84267884	0.64975625	5.7808743	2.2947788e-06
9	9999	531.014182806015	359.5972	270.25824	1068.9574	183.79745	218.5	246.70406	1.3984511	249.54477	244.78235	106.8	178.80959	40.218147	226.81232	-29.05847	4.127967	0.18390363	2.346364	19.29977	-10.201658	-185.71716	0.30608538	0.017770153	0.34319344	0.2812323	-0.9507297	0.9041603	0.6790148	5.7142715	4.4703484e-07
10	10999	640.1755239963531	320.5317	51.069393	399.7505	259.8829	149.8	1038.8745	0.41682085	1039.645	1038.4247	1000.0	175.01906	47.359856	223.07692	-19.434015	3.1980052	0.12698184	2.4171786	19.995268	-10.682852	-181.15166	0.24964805	0.020280244	0.2811914	0.21436869	-1.2253586	0.8886	0.68360734	6.253661	1.8775463e-06
11	11999	745.1675179004669	688.8234	197.23294	947.57874	469.24866	414.0	512.13416	2.38963	515.8605	508.9416	179.5	151.6101	33.62906	186.17087	-39.311905	2.5705533	0.08560875	2.452526	21.852537	-9.147394	-156.38496	0.1857489	0.015348662	0.21430178	0.16131228	-1.5372549	0.86259544	0.6763497	6.226061	3.5762787e-07
12	12999	851.1127257347107	291.34476	120.390945	495.0721	70.04463	116.111115	756.89886	42.407177	843.28467	704.6353	279.7	166.63112	36.35919	221.40652	-42.173977	3.0429075	0.7965217	2.531956	23.497816	-14.475825	-171.75113	0.15256475	0.0036023727	0.1612792	0.1487884	-0.3783367	0.9264925	0.7150867	7.0003514	9.536743e-07
13	13999	955.3271794319153	575.9333	119.07368	794.8078	469.17297	208.0	511.2522	17.594135	528.79425	488.57275	212.9	186.06921	46.427383	235.9792	-30.77599	3.0938966	1.0704716	2.697931	23.78309	-14.875274	-191.60963	0.15295538	0.0021094754	0.15653762	0.14987509	0.13235433	0.9714719	0.7400787	6.9801188	8.940697e-07
14	14999	1062.374423980713	1282.0071	532.1241	1814.1312	749.88306	483.5	2121.1177	546.1549	2531.767	1012.9347	848.8	186.97734	46.246758	231.21489	-38.666336	2.1795864	0.76204455	2.7010725	26.309017	-13.465846	-191.92274	0.14417163	0.008449969	0.15662034	0.12938647	-0.4632185	0.9304587	0.73324996	8.19846	7.5399876e-06
15	15999	1167.80823802948	653.9891	304.50726	1180.0752	444.53058	231.75	768.83606	18.690489	802.71814	735.6954	246.0	186.34773	45.49605	237.91875	-23.09547	1.9348415	0.9502367	2.7117941	26.698921	-11.559948	-191.12437	0.12470932	0.0023845914	0.12937497	0.12192169	-0.10284437	0.91459394	0.7376243	6.7995944	5.736947e-06
16	16999	1272.3301649093628	660.43805	137.97522	880.6314	542.26215	233.0	765.9001	4.3602967	771.9592	758.6501	272.8	188.47287	48.01735	245.12917	-21.804516	1.9163426	0.99170554	2.7431116	27.389618	-12.2514305	-192.9449	0.12242284	0.0012947776	0.124625824	0.12040379	-0.017278997	0.91707236	0.74492335	7.020001	1.1324883e-06
17	17999	1376.7504632472992	737.8133	66.67567	813.71155	651.4074	257.66666	119.23474	1.0590208	120.532555	117.704796	62.6	189.66086	49.258186	244.5362	-31.133698	1.8396895	1.0236951	2.7009046	26.957067	-12.835828	-194.01454	0.12583423	0.0007435391	0.12658206	0.122223824	0.049522713	0.9042137	0.7382518	7.6269646	3.196299e-06
18	18999	1484.715478181839	1379.4169	380.47522	1885.8201	968.70685	435.33334	2629.8901	6.076516	2644.8184	2622.9062	1000.0	194.681	51.388546	261.35992	-18.110004	1.915549	1.0383083	2.7026923	30.137814	-11.129771	-198.9389	0.12743074	0.002035626	0.13282146	0.12578948	0.078427486	0.8897729	0.7338053	8.323905	4.7683716e-07
19	19999	1592.187170267105	3182.1167	0.0	3182.1167	3182.1167	1000.0	2791.106	7.8219695	2803.4111	2780.9316	1000.0	201.62434	54.78395	274.9111	-19.410889	1.9884515	1.0688013	2.6565309	30.024742	-11.474342	-205.85118	0.13937338	0.003138012	0.14612816	0.13286527	0.1357219	0.87384367	0.72823906	7.817055	3.1888485e-06
20	20999	1696.0020356178284	3101.396	0.0	3101.396	3101.396	1000.0	86.6421	225.6102	763.4679	10.082637	36.4	212.35756	58.07657	287.67508	-52.567307	2.0735116	1.0652355	2.6483169	29.704182	-10.252639	-216.67953	0.15449235	0.0036621955	0.15970817	0.14616118	0.12268787	0.8580104	0.7207974	11.111081	2.9802322e-06
21	21999	1799.3097050189972	1557.0525	28.246765	1585.2993	1528.8058	482.0	12.704645	0.63694435	13.176751	11.422013	12.8	221.92555	60.31807	296.9632	-28.928595	2.1500046	1.0011603	2.571782	28.48755	-10.303569	-226.16972	0.16079648	0.00084172026	0.16227515	0.15959173	0.0021944074	0.840322	0.7080475	8.953625	1.1697412e-06
22	22999	1903.9086532592773	2354.7664	0.0	2354.7664	2354.7664	721.0	105.663025	3.4236903	113.61835	102.188126	58.6	225.8625	61.31566	299.843	-43.7998	2.0466971	0.9893033	2.5587718	29.515903	-11.4477	-229.88176	0.15969226	0.0010350127	0.16145374	0.15777835	-0.019616231	0.8379728	0.7195201	8.600281	1.4603138e-06
23	23999	2008.4929594993591	2573.4387	0.0	2573.4387	2573.4387	798.0	414.31464	390.04462	901.7189	87.9391	142.0	228.07327	62.11157	302.04245	-26.493053	1.9111403	1.0044233	2.56603	29.770863	-12.574434	-231.98393	0.15808205	0.0006377223	0.15939295	0.1567101	0.008219588	0.8411749	0.72399867	8.816281	5.9604645e-08
24	24999	2112.231170654297	1552.6022	1259.7191	3183.9517	116.9579	491.66666	11.367411	0.44072613	12.276249	11.028533	12.2	230.98735	63.305588	305.55975	-23.116587	1.9917159	0.99510235	2.5882003	31.726303	-11.336626	-234.76143	0.15778643	0.00083172595	0.15981843	0.15637824	-0.008976163	0.8351325	0.7225639	8.498681	2.0861626e-07
25	25999	2219.591425895691	1672.8462	232.47052	1905.3168	1440.3757	511.0	2687.1914	8.238905	2697.1777	2674.494	1000.0	233.67688	63.980274	307.19852	-38.892853	1.9642277	0.97702295	2.5696387	31.02341	-11.820322	-237.35652	0.15426315	0.002049113	0.15789865	0.15104038	-0.042879228	0.8318423	0.7263596	9.585563	4.4703484e-06
26	26999	2324.48065328598	1721.5167	0.0	1721.5167	1721.5167	520.0	1344.2863	245.9071	1883.3926	1084.9895	431.3	235.46948	64.133194	306.47818	-24.745453	1.8952045	0.9824162	2.5582788	32.33256	-10.889092	-239.07538	0.15068296	0.0012316434	0.15219252	0.14717358	-0.033380874	0.8354628	0.7257622	8.938461	1.5050173e-06
27	27999	2432.5856041908264	3156.9197	0.0	3156.9197	3156.9197	1000.0	3043.0715	1.0883887	3044.9692	3041.2036	1000.0	236.335	63.629967	304.35254	-28.72445	1.7735232	0.97618496	2.6045995	33.467564	-10.17207	-239.7934	0.1458931	0.0023772754	0.14952555	0.14152206	-0.046004392	0.833319	0.7266836	9.076826	5.066395e-07
28	28999	2539.6960933208466	2068.7554	400.27893	2469.0344	1668.4766	635.5	2412.8665	293.7662	2829.9487	1992.1882	716.1	239.9881	63.597584	306.585	-30.017006	1.7506936	0.9769797	2.6000547	32.19626	-10.941957	-243.30588	0.13932894	0.0021395863	0.14218171	0.13628551	-0.045387313	0.8251075	0.728703	8.673598	8.1397593e-07
29	29999	2647.732400417328	1672.5725	4.9243774	1677.4968	1667.6481	501.5	3058.2214	1.2821957	3059.6497	3055.8325	1000.0	240.72905	63.401672	307.46973	-32.558754	1.6980001	1.0074489	2.6096816	33.542393	-10.225879	-243.93243	0.13619706	0.0008924851	0.13831457	0.13489687	0.014855597	0.8213543	0.7290571	9.269737	6.556511e-07
30	30999	2755.0862317085266	3184.658	0.0	3184.658	3184.658	1000.0	3106.9172	2.475161	3111.562	3103.8706	1000.0	241.30412	63.500248	308.1346	-24.977806	1.6771567	1.0065193	2.59836	31.888155	-10.260725	-244.38696	0.14105494	0.00085493835	0.14216307	0.13781959	0.012946072	0.8285604	0.7313597	9.679907	1.1920929e-07
31	31999	2863.8694841861725	3051.8909	0.0	3051.8909	3051.8909	933.0	3187.1687	2.035521	3191.1213	3183.6907	1000.0	244.53139	62.95658	308.77582	-30.236818	1.6269692	0.9476457	2.5725334	32.543987	-11.367041	-247.4978	0.13315582	0.0038709228	0.13950673	0.12733962	-0.105360806	0.82198894	0.7268152	9.576731	1.1622906e-06
32	32999	2971.8621850013733	2468.6624	0.0	2468.6624	2468.6624	746.0	3214.8394	5.8271437	3221.3809	3204.8774	1000.0	247.95692	62.803764	311.2088	-26.877928	1.6208692	0.9999875	2.5878096	31.102213	-11.238863	-250.94942	0.12850815	0.000517253	0.12945122	0.1272469	4.012203e-05	0.8227216	0.7331712	9.468448	1.5571713e-06
33	33999	3076.9588499069214	1815.4502	598.2744	2591.5757	1135.6335	543.3333	949.4868	5.047292	959.8423	943.39905	291.1	250.64194	62.83107	312.9111	-24.326975	1.7368057	1.0035521	2.576104	31.358429	-11.332939	-253.53271	0.12766697	0.0009808568	0.12915134	0.1255464	0.007373484	0.83009815	0.74032694	9.335957	5.349517e-06
34	34999	3186.527485847473	1686.7375	10.547668	1697.2852	1676.1898	500.0	3192.3452	11.314969	3207.004	3172.9834	1000.0	251.1067	62.18467	313.18515	-36.88694	1.7653512	0.9806835	2.5826707	30.381813	-11.878115	-253.96228	0.12777422	0.0014054682	0.12945303	0.12450949	-0.039859887	0.83122915	0.7391517	8.397561	2.2649765e-06
35	35999	3295.0629601478577	1180.206	0.0	1180.206	1180.206	348.0	3012.8066	5.173763	3020.4985	3002.0671	1000.0	251.34964	61.73019	312.1338	-24.320362	1.7091502	0.9817657	2.6013584	30.830448	-10.513376	-254.14087	0.12395481	0.0013042698	0.12583311	0.12109513	-0.038170908	0.8312783	0.73963225	9.060768	9.23872e-07
36	36999	3401.249822616577	3142.7515	0.0	3142.7515	3142.7515	1000.0	3146.1255	2.4193833	3150.4207	3141.9336	1000.0	252.5646	60.46779	312.01044	-50.539864	1.6460905	0.98317045	2.6015131	34.708344	-10.763162	-255.25838	0.11949809	0.0012745599	0.12178128	0.11778512	-0.03572062	0.82813704	0.7388996	8.854523	8.493662e-07
37	37999	3509.492295026779	3183.799	0.0	3183.799	3183.799	1000.0	2913.358	6.6241393	2924.7473	2905.1772	1000.0	256.0766	60.171722	315.8392	-24.298956	1.5625232	0.96948487	2.587825	32.385777	-11.527095	-258.69373	0.115041144	0.0019616876	0.11839461	0.112044334	-0.06597696	0.8204284	0.7329004	8.833988	5.662441e-07
38	38999	3616.8615164756775	1811.8976	1009.64026	3232.5396	977.5094	549.3333	3175.1191	5.763729	3181.2532	3163.7356	1000.0	259.01413	60.676476	318.78702	-43.78619	1.5084805	0.9758786	2.6057692	34.600662	-11.254728	-261.63623	0.11032275	0.0011566498	0.112603046	0.10759159	-0.053201694	0.819225	0.73081285	8.277954	1.5199184e-06
39	39999	3724.474300146103	1505.08	0.0	1505.08	1505.08	436.0	3073.8162	3.598342	3079.978	3067.9111	1000.0	259.08755	62.098553	317.96844	-26.77077	1.4266595	1.0100745	2.6369178	32.354073	-10.749439	-261.63818	0.10998838	0.000741995	0.111418374	0.10761948	0.0224682	0.824673	0.7394841	12.669463	3.5762787e-07
40	40999	3828.277442216873	3276.7412	0.0	3276.7412	3276.7412	975.0	1514.0095	124.01052	1761.5869	1330.4803	431.0	261.15244	61.424286	319.56104	-32.367233	1.3676982	0.9932467	2.637787	33.94455	-11.175421	-263.63843	0.10930022	0.0008295922	0.11031993	0.10781204	-0.014929806	0.82502335	0.7420715	8.771502	6.92904e-07
41	41999	3933.2378540039062	2140.269	628.4662	2768.7354	1511.803	625.0	1123.6368	44.722298	1168.3798	998.67267	322.0	262.66693	61.69058	321.04538	-30.13039	1.3411525	0.9993753	2.6318076	31.736359	-10.475429	-265.1121	0.10864578	0.0005896867	0.10958487	0.10729869	-0.0013299885	0.8250489	0.7431618	9.072586	1.2516975e-06
42	42999	4041.5623772144318	1644.673	414.54724	2059.2202	1230.1257	485.0	3042.603	6.2675853	3060.8757	3037.9553	1000.0	263.59543	62.41759	322.3871	-12.100236	1.3428203	0.99481136	2.6561193	33.63114	-11.314666	-266.02036	0.108450316	0.0007008511	0.10953967	0.107100025	-0.011486187	0.8282615	0.7450669	8.997522	3.5315752e-06
43	43999	4148.55669260025	1500.8359	604.67377	2346.3228	967.14435	437.66666	3001.8716	335.41266	3260.0376	2275.0923	907.1	263.34854	62.1844	321.85193	-23.52787	1.3598427	0.9914573	2.6537952	34.52752	-10.615592	-265.67667	0.106418245	0.0010978428	0.10832846	0.10487926	-0.01907938	0.8300307	0.74645245	8.883632	2.026558e-06
44	44999	4255.14395070076	1232.4275	1141.051	2373.4785	91.37652	371.5	3182.812	3.0354717	3186.221	3176.867	1000.0	264.49106	62.335743	323.44476	-44.619762	1.9444062	1.00409	2.6941526	34.926746	-11.155346	-266.77054	0.105105944	0.0010520393	0.10689614	0.103427894	0.009280837	0.832299	0.7539887	9.904829	1.1175871e-06
45	45999	4359.659543514252	1414.4525	58.42703	1495.1305	1358.6581	404.66666	58.369987	0.70722944	59.79931	57.84925	35.2	263.90582	62.550766	321.855	-37.554985	1.6650695	1.0389483	2.6774993	36.215813	-11.77117	-266.17325	0.11056056	0.0014192438	0.1125462	0.10610651	0.086254574	0.842143	0.7602793	10.715775	8.1351027e-07
46	46999	4464.171090841293	3239.3857	0.0	3239.3857	3239.3857	1000.0	69.32228	1.5984885	71.51407	67.432175	40.9	264.18292	62.61311	322.71835	-37.5335	1.4963961	1.0028313	2.594927	33.547806	-10.366465	-266.36026	0.1128493	0.0009596797	0.114165574	0.111143775	0.006246395	0.8352294	0.7470103	9.043825	2.861023e-06
47	47999	4568.588927030563	1104.4935	706.91187	1836.9772	149.02571	342.0	2916.37	393.06415	3323.6	1973.3157	877.6	265.65594	63.212406	324.07242	-28.774769	1.6886573	0.9811616	2.579258	31.76136	-13.475634	-267.83737	0.11109419	0.0008934472	0.11351824	0.10934901	-0.041245498	0.82845074	0.73517025	10.296982	4.172325e-07
48	48999	4672.854742050171	1559.7355	0.0	1559.7355	1559.7355	451.0	139.53806	268.4454	944.87103	49.18628	56.0	264.24915	62.86728	324.58105	-31.829372	1.866081	1.0250413	2.5626717	30.613392	-11.156907	-266.42538	0.1133965	0.0011983452	0.11479046	0.1097583	0.05489027	0.8259538	0.7347451	8.016696	5.289912e-07
49	49999	4780.8826513290405	1166.2606	1239.3168	3052.6194	53.704567	350.75	3222.8423	1.6743225	3226.252	3220.8591	1000.0	265.3316	62.531097	323.13602	-61.430294	1.9890325	1.0081068	2.5214405	30.520546	-10.406555	-267.48975	0.11378496	0.0010651564	0.11599871	0.112186804	0.017595671	0.81893235	0.7282236	8.893415	2.3171306e-06
50	50999	4889.194055318832	3269.219	0.0	3269.219	3269.219	1000.0	3273.2642	4.376044	3279.4048	3265.2517	1000.0	266.5938	63.13874	323.61206	-36.411648	1.6677407	0.9585242	2.5017793	29.317982	-12.191633	-268.75598	0.11294021	0.0024545705	0.11659918	0.10825687	-0.09068761	0.81205916	0.72780645	7.667986	4.917383e-07
51	51999	4996.417998075485	3281.9944	0.0	3281.9944	3281.9944	1000.0	2793.404	638.77075	3218.1995	1564.5403	861.5	268.64896	63.150433	324.4778	-61.17468	1.5746613	1.0034297	2.5359738	30.232658	-13.186243	-270.7612	0.10939847	0.00070102094	0.11050904	0.108273596	0.007685059	0.8188389	0.73319244	7.9327407	2.2351742e-06
52	52999	5105.028334856033	3273.7993	0.0	3273.7993	3273.7993	1000.0	3277.2012	4.494054	3286.514	3271.9316	1000.0	270.64856	62.339855	325.33075	-31.235859	1.5023657	0.98464525	2.5433924	31.816322	-11.803763	-272.74902	0.10820326	0.0011995864	0.10982563	0.10587175	-0.034174625	0.81869936	0.7355866	8.339787	9.536743e-07
53	53999	5213.405329465866	1286.419	0.0	1286.419	1286.419	377.0	3295.2122	2.3693652	3301.0247	3291.7314	1000.0	271.88272	62.739338	326.4649	-47.395103	1.4701345	0.9919829	2.5636597	32.858276	-10.624993	-273.91483	0.105805285	0.0010596591	0.10754038	0.104355335	-0.017946767	0.816735	0.73472637	8.477694	4.7683716e-07
54	54999	5319.117190361023	2660.6807	625.73944	3286.4202	2034.9413	795.0	1155.1139	17.39307	1188.361	1129.9879	344.6	272.5603	63.5912	327.92017	-63.72605	1.4914159	1.0062104	2.5476604	32.261063	-11.298048	-274.5765	0.10619166	0.0007113894	0.10772552	0.10462544	0.014070176	0.81317914	0.7299633	7.5815473	3.2782555e-07
55	55999	5427.483126878738	1263.8113	0.0	1263.8113	1263.8113	367.0	3288.2944	1.7063528	3291.2222	3285.1523	1000.0	273.26816	62.84403	327.54434	-20.085003	1.3707261	0.97948736	2.5535238	31.93148	-14.011952	-275.23975	0.103733234	0.0015316928	0.10625841	0.10164953	-0.046367854	0.808149	0.73187494	10.995963	5.9604645e-08
56	56999	5535.262352466583	3275.5503	0.0	3275.5503	3275.5503	1000.0	3292.3833	4.2982073	3298.8723	3283.1904	1000.0	274.95108	63.145584	328.91147	-60.203053	1.3734862	0.9796174	2.5746832	31.82469	-12.617789	-276.8884	0.101128936	0.001068461	0.1025413	0.09858987	-0.0467601	0.8064936	0.7314035	12.796321	1.206994e-06
57	57999	5642.993309736252	1975.4883	926.7416	3276.9773	1191.0657	587.6667	3264.3972	3.647437	3272.3264	3259.865	1000.0	276.197	62.78164	328.74164	-33.757706	1.4150581	0.987128	2.6069498	33.870914	-10.791154	-278.142	0.09886227	0.0013763712	0.10104422	0.09629552	-0.02986256	0.8120389	0.73935926	7.9960985	2.1755695e-06
58	58999	5751.136139154434	3296.3245	0.0	3296.3245	3296.3245	1000.0	3283.7466	1.9098376	3286.8757	3280.662	1000.0	276.41583	62.590687	328.86334	-30.470201	1.363953	0.9943137	2.6243658	30.153349	-12.182212	-278.31015	0.09680498	0.0006087062	0.09794105	0.095681004	-0.013253255	0.815644	0.74194527	7.9830127	7.4505806e-07
59	59999	5856.570095539093	2087.29	0.0	2087.29	2087.29	608.0	1281.5873	78.4456	1433.0829	1217.6017	378.0	277.28183	62.58562	329.54105	-39.276695	1.2283064	0.980615	2.6281447	31.616753	-10.581218	-279.11102	0.09402891	0.00080228806	0.095927946	0.092702016	-0.04571757	0.80754346	0.7399769	10.405009	8.046627e-07
60	60999	5962.69128370285	3294.0032	0.0	3294.0032	3294.0032	1000.0	3351.2024	2.4827292	3354.3135	3346.4885	1000.0	277.8988	62.80837	329.66522	-45.58569	1.2644202	0.9961992	2.641571	35.29195	-11.775262	-279.7467	0.09319272	0.0005464188	0.09403479	0.09193263	-0.00899403	0.8124986	0.7414908	8.63161	3.4719706e-06
61	61999	6066.966034650803	3281.4243	0.0	3281.4243	3281.4243	1000.0	1223.37	29.266054	1263.7125	1158.1418	356.7	279.4541	62.192127	330.5501	-27.759775	1.2292315	1.0037766	2.6463604	35.01654	-12.994173	-281.25092	0.09235324	0.0005589407	0.09334241	0.09134574	0.009069409	0.81738704	0.74575037	11.351192	1.7881393e-06
62	62999	6169.817627429962	3307.592	0.0	3307.592	3307.592	1000.0	8.5663185	0.5977635	9.267283	7.8768225	9.5	280.73822	62.104954	331.1248	-33.5025	1.222645	0.98523027	2.6528192	36.14751	-11.200317	-282.50244	0.09231508	0.0012343645	0.09382992	0.09006809	-0.035210755	0.8122935	0.73916304	8.890105	2.3841858e-07
63	63999	6274.231812953949	3275.0002	0.0	3275.0002	3275.0002	1000.0	104.10472	2.027112	107.30489	101.31088	57.5	280.9167	61.38379	331.55722	-30.988249	1.1548916	0.98594475	2.6425195	31.784191	-10.771109	-282.70496	0.09005078	0.0011243265	0.09173107	0.08813208	-0.033845305	0.81617594	0.7431868	10.525812	8.940697e-08
64	64999	6382.56277012825	2578.242	831.42865	3409.6707	1746.8134	737.5	3258.9734	1.0093899	3260.1687	3256.8906	1000.0	281.79483	61.818863	332.5019	-34.373367	1.130937	0.9978526	2.6731834	31.64883	-10.173035	-283.55325	0.08962503	0.0010912233	0.09096719	0.08778096	-0.005097664	0.81844866	0.74497646	8.825172	4.4703484e-08
65	65999	6490.013809919357	1396.4407	348.62988	1745.0706	1047.8108	400.0	3340.2676	0.9451999	3341.7751	3338.8047	1000.0	281.86136	62.18616	332.55484	-36.262955	1.1477972	1.0094513	2.6828213	34.693245	-11.649816	-283.5599	0.08884522	0.0003147988	0.08946684	0.08794978	0.022967212	0.8254408	0.7517731	7.851874	3.1292439e-06
66	66999	6598.256907701492	3309.489	0.0	3309.489	3309.489	1000.0	3191.5542	23.21944	3220.9338	3154.8228	1000.0	282.1688	61.780872	332.5024	-24.845621	1.0911245	1.0113635	2.656931	33.521618	-9.928049	-283.8111	0.089192145	0.0010308549	0.09085147	0.087754175	0.027418308	0.8264036	0.7487765	8.929681	3.3974648e-06
67	67999	6704.081545591354	1508.1693	0.0	1508.1693	1508.1693	439.0	1101.0105	44.842663	1149.3462	1016.1765	320.7	282.08344	61.789715	331.75348	-31.262772	1.1177806	0.98786896	2.6304665	34.124886	-10.612832	-283.74588	0.08995203	0.0008902294	0.09146691	0.088721916	-0.029137816	0.82942885	0.7499207	8.1868305	5.9604645e-07
68	68999	6810.447898387909	1809.8911	1048.8397	3288.3938	967.5873	540.6667	3238.9883	1.3747445	3240.9358	3236.463	1000.0	282.3231	62.171413	332.47977	-17.91162	1.1329178	0.9886453	2.648382	34.98589	-10.657463	-283.97067	0.08869478	0.0005749872	0.089730896	0.08721198	-0.027493728	0.82721084	0.75176364	9.126336	6.854534e-07
69	69999	6918.933169126511	1167.7896	132.24161	1270.8448	981.10834	339.0	3221.0845	4.5924797	3228.0513	3216.2117	1000.0	282.3881	61.975773	334.09958	-25.30738	1.2760806	0.99939984	2.6390297	32.98398	-10.230642	-284.03552	0.08787627	0.00032831306	0.088430315	0.08731472	-0.0013998776	0.8248587	0.7509211	8.497723	1.4901161e-07
70	70999	7023.417726516724	3289.6995	0.0	3289.6995	3289.6995	1000.0	953.6688	2.6356142	957.9609	949.54517	286.2	282.39313	62.451668	333.271	-27.490911	1.1976957	1.0058074	2.663177	34.740215	-9.12385	-284.01526	0.08706705	0.00053815293	0.088185854	0.08610332	0.014175657	0.8230452	0.7532851	8.485278	9.536743e-07
71	71999	7128.995244979858	1260.7782	0.0	1260.7782	1260.7782	367.0	1493.7307	132.94473	1735.9398	1276.0577	426.9	282.6843	62.385395	333.29385	-36.421417	1.2083163	1.0190556	2.644891	32.58674	-9.5307865	-284.2552	0.08990722	0.0006852354	0.090883665	0.0881945	0.046025414	0.8231397	0.75396377	8.909612	2.6971102e-06
72	72999	7237.004639863968	2258.2832	1050.4517	3308.7349	1207.8315	674.0	3268.4187	1.915588	3271.4429	3264.7693	1000.0	282.98276	61.92369	334.48846	-31.67574	1.169939	0.97168845	2.6278956	32.926594	-13.788446	-284.5595	0.089691535	0.0018792741	0.09276107	0.08676374	-0.06836473	0.8237849	0.7497732	9.645885	5.9604645e-08
73	73999	7346.25123500824	3309.3396	0.0	3309.3396	3309.3396	1000.0	3325.6704	1.7659067	3328.5435	3322.8308	1000.0	282.9552	62.035957	332.81665	-36.101776	1.1281978	0.9887497	2.6789806	32.45709	-10.113152	-284.5328	0.08718614	0.0008464546	0.0886254	0.08546648	-0.02746858	0.82738715	0.7557539	9.406199	5.662441e-07
74	74999	7453.70881152153	2419.4153	867.13214	3286.5474	1552.2831	725.5	3303.7668	4.8071866	3312.056	3297.9507	1000.0	284.09576	61.51128	333.06735	-35.75903	1.197499	0.98951733	2.6932745	35.528625	-10.932019	-285.64868	0.08512897	0.0005518148	0.08617898	0.084109396	-0.025781322	0.8290623	0.7556712	9.529327	2.6524067e-06
75	75999	7558.722594499588	3325.4138	0.0	3325.4138	3325.4138	1000.0	1000.59973	10.319737	1028.1763	990.3358	293.6	284.46884	61.851227	333.8008	-71.809395	1.096815	0.9821082	2.7043698	34.078854	-12.262143	-285.99893	0.083147734	0.0009947377	0.08480593	0.081659876	-0.044443123	0.8260026	0.75370854	9.218608	5.066395e-07
76	76999	7667.026910066605	3314.3062	0.0	3314.3062	3314.3062	1000.0	3356.6484	3.0759792	3362.5361	3351.9434	1000.0	285.69833	61.33609	334.09958	-39.464886	1.1264969	1.0111418	2.6951113	33.383106	-10.894951	-287.20367	0.08362041	0.0005475147	0.08448467	0.08181488	0.027855251	0.8281306	0.75426257	9.759862	1.6391277e-06
77	77999	7775.188449621201	3290.4377	0.0	3290.4377	3290.4377	1000.0	3046.7017	358.14062	3380.2805	2278.2117	886.0	286.39877	61.400337	334.55356	-25.955982	1.0822495	1.0245876	2.679139	34.74739	-11.364275	-287.89343	0.08476718	0.0007567529	0.086355366	0.08318415	0.060716633	0.82642233	0.7531379	10.189193	5.2154064e-07
78	78999	7883.84491443634	3362.7407	0.0	3362.7407	3362.7407	1000.0	3118.2266	5.1357746	3126.5076	3107.5054	1000.0	287.71246	61.086845	336.6813	-23.795082	1.0665966	1.0040072	2.657645	32.722538	-13.044104	-289.19952	0.08709411	0.000799245	0.08835636	0.085869975	0.009905416	0.82390445	0.7509951	9.069142	2.2351742e-07
79	79999	7989.66891503334	3335.3694	0.0	3335.3694	3335.3694	1000.0	1061.899	34.172695	1133.4375	1028.58	308.9	287.292	61.147427	335.3849	-43.130554	1.1706175	0.9801469	2.6600494	32.63723	-9.354092	-288.80344	0.08665217	0.0008790092	0.08777336	0.08435066	-0.04871787	0.82407176	0.75180036	9.951807	4.1350722e-07
80	80999	8096.884116888046	2830.8064	0.0	2830.8064	2830.8064	811.0	3335.313	2.5759087	3338.6309	3332.2556	1000.0	288.34988	61.231884	335.40417	-21.537424	1.0417502	0.9982263	2.6884134	30.319237	-9.592323	-289.79965	0.08598308	0.0007242721	0.08731416	0.084108554	-0.0042865714	0.8230649	0.75003976	10.196926	2.9802322e-08
81	81999	8204.923186063766	3328.4531	0.0	3328.4531	3328.4531	1000.0	3252.4595	3.6512153	3258.6172	3247.4585	1000.0	289.24854	61.008537	336.5701	-31.851913	1.0078083	0.9763513	2.7044876	29.552185	-11.348024	-290.67102	0.08232073	0.0009181519	0.08439235	0.08106595	-0.058933	0.8234287	0.75272804	10.277507	1.66893e-06
82	82999	8312.171650648117	1277.5513	0.0	1277.5513	1277.5513	375.0	3334.775	1.6632512	3336.8413	3331.0176	1000.0	289.6129	60.77488	336.05286	-24.163557	1.0363802	0.9832716	2.6889865	31.10857	-10.777198	-291.01828	0.08055061	0.0011916135	0.08200468	0.07868189	-0.042203467	0.8192241	0.7498131	8.987489	7.748604e-07
83	83999	8419.58401465416	3326.9114	0.0	3326.9114	3326.9114	1000.0	3346.739	2.7946196	3351.2358	3343.2153	1000.0	289.75266	61.327595	335.89175	-26.778955	1.0046436	1.0003042	2.7017086	30.931831	-10.71781	-291.17685	0.07921152	0.0003548306	0.07987939	0.07842309	0.00084261893	0.82040495	0.75023645	9.136009	3.3602118e-06
84	84999	8525.67071223259	1946.2379	979.6049	3331.348	1230.4109	576.3333	1264.4606	7.3347406	1273.7524	1249.1544	363.0	289.9554	60.964794	336.12796	-44.00285	1.0319123	0.9902463	2.683617	35.364548	-9.72642	-291.31607	0.07904878	0.0010089818	0.08024567	0.07725722	-0.024749545	0.8161222	0.7456653	11.652618	2.540648e-06
85	85999	8633.424242019653	3320.5334	0.0	3320.5334	3320.5334	1000.0	3370.5703	2.0137956	3373.971	3367.6028	1000.0	290.3144	61.43953	337.14456	-28.968298	1.0367776	0.9936167	2.7051418	31.106623	-10.483637	-291.70013	0.07776576	0.0005452421	0.078706175	0.076790474	-0.016276887	0.8210503	0.7520648	8.642402	6.67572e-06
86	86999	8740.35170674324	1384.5225	48.943542	1433.4661	1335.579	397.0	3253.0242	20.5939	3283.7659	3226.7417	1000.0	290.72656	61.276245	337.15414	-27.120134	1.0530183	0.9872884	2.6981413	34.023975	-11.698346	-292.08743	0.076242164	0.00061708497	0.077528544	0.07510174	-0.032668002	0.8215588	0.7510178	8.609363	1.4901161e-06
87	87999	8847.853753089905	3348.2764	0.0	3348.2764	3348.2764	1000.0	2478.1875	736.1061	3148.1748	1587.0703	787.6	289.74887	61.31761	336.7545	-18.604536	1.0037453	1.0161961	2.708342	33.750854	-11.201542	-291.07025	0.07707701	0.00068589457	0.07828153	0.075177595	0.041822337	0.8215671	0.7518016	8.495307	1.2218952e-06
88	88999	8954.518835306168	2099.9768	0.0	2099.9768	2099.9768	607.0	2211.6821	322.4315	2719.1565	1870.0509	696.1	289.58322	61.265957	336.72653	-24.464138	1.0475632	0.99328935	2.696079	30.641611	-10.992749	-290.93137	0.078024834	0.0008389424	0.079017125	0.0762898	-0.017136235	0.82243425	0.7531085	8.860964	5.5879354e-06
89	89999	9059.752856016159	3346.754	0.0	3346.754	3346.754	1000.0	792.4326	2.1463149	795.6944	786.98346	238.7	290.86417	60.9221	337.15503	-25.309338	0.95885324	0.98425543	2.6746075	32.22506	-11.358262	-292.18124	0.0760497	0.00088219065	0.07735445	0.07455179	-0.040624153	0.81745255	0.74916214	8.936668	4.529953e-06
90	90999	9165.378981351852	3344.9539	0.0	3344.9539	3344.9539	1000.0	1085.8082	37.201347	1133.435	1004.3812	316.0	291.8964	60.31898	337.41196	-41.352325	0.94539195	0.9858711	2.6800733	31.253685	-10.589337	-293.1655	0.07400341	0.0005867417	0.07490166	0.07283495	-0.03679315	0.82009023	0.753457	8.694734	2.6524067e-06
91	91999	9271.492356061935	1909.9935	1066.4985	3415.464	1077.9052	553.3333	1442.9314	437.9162	2124.9941	687.9686	478.9	291.8017	61.08121	337.71875	-27.85499	0.9621792	1.0040853	2.6928062	32.448696	-13.717336	-293.12445	0.073089965	0.00030558047	0.073716305	0.0724662	0.01074214	0.8173915	0.7507271	8.29628	2.9802322e-08
92	92999	9376.89738368988	1208.6619	20.788513	1229.4504	1187.8734	350.5	1314.122	90.36476	1434.7318	1177.6443	377.3	291.44122	60.667675	337.71234	-28.490294	0.96347696	1.0036752	2.7164311	30.56851	-10.64905	-292.73566	0.07355522	0.00032518723	0.07419798	0.07302293	0.009658454	0.8193914	0.7579986	7.987603	2.3692846e-06
93	93999	9483.327329874039	3349.7842	0.0	3349.7842	3349.7842	1000.0	781.58673	224.83563	950.6991	136.93068	238.3	291.58798	61.133656	337.73926	-31.335413	0.9611375	1.0277654	2.6953652	32.50894	-11.152251	-292.88187	0.07536206	0.00069695385	0.076840654	0.073639534	0.07185875	0.81827474	0.75537115	8.271652	3.33786e-06
94	94999	9591.00814461708	3322.6963	0.0	3322.6963	3322.6963	1000.0	2559.939	133.86345	2769.7327	2451.9878	786.2	291.51068	60.62215	337.73776	-24.912184	0.9773893	1.0104306	2.7168555	32.8298	-10.323299	-292.7963	0.079121545	0.0004855621	0.079834476	0.07687221	0.026765935	0.8268593	0.7628628	8.218984	2.5480986e-06
95	95999	9700.59893321991	1357.5153	0.0	1357.5153	1357.5153	390.0	3230.2593	5.5749307	3241.83	3224.4832	1000.0	292.0867	60.29512	338.1939	-29.60824	0.9658305	0.97850424	2.659043	30.514854	-10.683233	-293.3311	0.076785035	0.00084233825	0.07851933	0.075652145	-0.055052254	0.81781214	0.75146466	9.344763	4.4703484e-06
96	96999	9808.08896112442	3347.767	0.0	3347.767	3347.767	1000.0	2955.6995	703.03925	3420.8967	1621.3812	876.7	293.13446	60.37687	338.71213	-23.576149	0.96451634	0.97901666	2.693987	32.285236	-10.838751	-294.38113	0.07541359	0.0010650188	0.07671581	0.07315145	-0.054390468	0.8211797	0.7523856	8.682516	1.4603138e-06
97	97999	9915.589955329895	3336.0005	0.0	3336.0005	3336.0005	1000.0	3367.2546	2.5566409	3372.905	3364.6184	1000.0	293.06088	59.95954	338.93814	-27.916721	0.927678	0.99161816	2.686323	32.514465	-10.460363	-294.29675	0.07390021	0.0006860975	0.07489482	0.07225571	-0.02188303	0.8188915	0.7530881	8.465514	3.3080578e-06
98	98999	10024.011538028717	3331.6094	0.0	3331.6094	3331.6094	1000.0	3368.6597	2.4874344	3373.1013	3364.4841	1000.0	293.98596	59.59277	338.7568	-32.227818	0.9344626	1.0006454	2.6590087	30.281023	-9.484818	-295.1742	0.073178224	0.00026433455	0.07358115	0.072275504	0.0017575207	0.8199	0.74888605	8.301312	3.7923455e-06
99	99999	10131.408030748367	3355.936	0.0	3355.936	3355.936	1000.0	2858.3274	785.8211	3376.4375	1502.8298	843.9	295.19208	59.85052	339.87854	-22.13486	0.89474523	0.9978284	2.681694	30.974323	-9.222005	-296.423	0.07268785	0.00041935642	0.07325375	0.071832255	-0.0056594876	0.8184657	0.7502242	8.569592	2.2649765e-06
