Epoch	TotalEnvInteracts	Time	AverageEpRet	StdEpRet	MaxEpRet	MinEpRet	EpLen	AverageTestEpRet	StdTestEpRet	MaxTestEpRet	MinTestEpRet	TestEpLen	AverageQ1Vals	StdQ1Vals	MaxQ1Vals	MinQ1Vals	LossQ1	AverageLogPi	StdLogPi	MaxLogPi	MinLogPi	LossPi	AverageAlpha	StdAlpha	MaxAlpha	MinAlpha	LossAlpha	AveragePreTanh	StdPreTanh	MaxPreTanh	MinPreTanh
0	999	1.1824109554290771	20.943867	23.54933	115.327065	4.116121	23.209303	10.916295	0.04289338	10.998798	10.857935	13.0	0.0	0.0	0.0	0.0	0.0	0.0	0.0	0.0	0.0	0.0	0.0	0.0	0.0	0.0	0.0	0.0	0.0	0.0	0.0
1	1999	2.256882429122925	22.335522	23.96433	124.374176	3.452838	23.714285	10.916295	0.04289338	10.998798	10.857935	13.0	0.0	0.0	0.0	0.0	0.0	0.0	0.0	0.0	0.0	0.0	0.0	0.0	0.0	0.0	0.0	0.0	0.0	0.0	0.0
2	2999	3.8614306449890137	15.133925	9.13861	52.619244	6.126275	19.96	10.970255	0.06488296	11.108696	10.902742	13.0	0.0	0.0	0.0	0.0	0.0	0.0	0.0	0.0	0.0	0.0	0.0	0.0	0.0	0.0	0.0	0.0	0.0	0.0	0.0
3	3999	5.977576732635498	18.134651	18.61323	116.574425	6.395498	22.044445	10.9312	0.030251013	10.998956	10.901944	13.0	0.0	0.0	0.0	0.0	0.0	0.0	0.0	0.0	0.0	0.0	0.0	0.0	0.0	0.0	0.0	0.0	0.0	0.0	0.0
4	4999	8.608097791671753	18.294903	20.980427	151.20201	6.8408637	20.645834	10.933294	0.069096416	11.0111685	10.803399	13.0	0.0	0.0	0.0	0.0	0.0	0.0	0.0	0.0	0.0	0.0	0.0	0.0	0.0	0.0	0.0	0.0	0.0	0.0	0.0
5	5999	113.86507964134216	173.77052	100.72082	351.1055	24.468658	90.0	318.6773	3.9824905	322.8086	309.43906	140.2	91.06759	52.32566	178.31761	-19.149136	7.8715334	-0.75294906	1.8939227	19.035118	-10.454847	-97.41716	0.8834621	0.06264315	0.99970007	0.77796566	-0.19969617	0.84523803	0.62750804	5.5539227	2.026558e-06
6	6999	218.77884531021118	257.06403	49.96437	317.03207	170.38458	122.875	326.78525	1.0172056	328.1076	325.83704	148.4	176.57703	51.600857	223.25235	-32.34901	10.456772	-0.39291012	2.407752	26.275814	-10.770574	-185.74736	0.684187	0.0523221	0.7777556	0.5972385	-0.5295071	0.8773933	0.676178	7.2809596	9.983778e-07
7	7999	326.97825145721436	321.2046	59.39598	392.1612	200.14711	172.33333	609.10254	3.3581333	614.3571	603.34503	449.9	178.22731	58.105938	224.33363	-31.39744	7.028224	-0.2970362	2.5569391	28.467266	-10.521104	-186.58359	0.52307826	0.041238423	0.59708285	0.4537488	-0.8440031	0.8598845	0.6830471	8.621526	3.7290156e-06
8	8999	432.62802839279175	398.50787	91.46613	512.3673	297.27954	231.0	300.117	1.7079259	303.04593	296.9528	124.0	158.81483	49.13685	208.06937	-32.595215	3.9989843	-0.38311154	2.5463471	27.354218	-8.964379	-165.35596	0.3926108	0.034280498	0.45362636	0.3354181	-1.302466	0.8374366	0.67770636	7.5915184	4.827976e-06
9	9999	539.2001502513885	303.51862	35.04464	343.77753	219.17143	136.0	318.75308	2.027497	321.63315	315.68155	145.3	146.8873	45.136696	183.1484	-32.733307	2.7402403	-0.36657944	2.5508714	28.473902	-9.620556	-152.266	0.29045826	0.024521401	0.33530918	0.24961941	-1.6942873	0.85774666	0.6843582	8.650453	4.7832727e-06
10	10999	645.4743609428406	278.8199	46.29932	314.47922	196.31801	124.85714	327.30176	1.1548603	329.0303	326.22977	153.4	138.48442	43.362522	175.56332	-27.946564	2.0968091	-0.26598865	2.631074	31.752354	-9.634877	-143.10172	0.21684778	0.01743716	0.24954128	0.18892464	-1.9314615	0.8601119	0.69002086	9.300057	1.1622906e-06
11	11999	751.9841029644012	321.20197	10.177805	343.52792	310.20544	144.0	318.5335	1.9287992	320.97772	314.71854	136.9	133.25275	42.21456	169.56313	-27.884653	1.6719319	-0.20094436	2.6646578	27.742256	-12.522125	-137.30136	0.1644822	0.013533179	0.18887147	0.14248356	-2.169308	0.8633175	0.69107854	7.905182	2.8014183e-06
12	12999	858.829213142395	325.5561	11.535185	349.50702	307.44794	145.71428	329.5257	0.7917948	331.1673	328.9663	138.2	131.11763	42.08187	166.83788	-21.544872	1.2671641	0.07975728	2.8023057	30.676565	-11.43247	-134.81638	0.12649624	0.008732513	0.14244622	0.11198742	-1.9008006	0.8973279	0.72005135	8.427823	8.940697e-08
13	13999	966.1009919643402	333.7878	22.344078	363.1257	289.7676	152.0	317.63544	0.94642675	318.7826	315.9244	136.7	131.77292	42.734238	167.3524	-20.57469	1.2488729	0.35372278	2.8963146	35.275772	-10.931793	-135.24625	0.10164706	0.0058915634	0.111959845	0.090658486	-1.480423	0.9259864	0.7491603	10.509023	3.3974648e-06
14	14999	1071.3483107089996	318.1212	35.35299	342.41306	233.46371	132.85715	300.81332	59.258015	332.4994	182.16678	127.0	131.32097	42.668205	168.69727	-22.852789	1.0966827	0.54896075	2.934738	34.201294	-10.64599	-134.58319	0.08159359	0.0043440624	0.09063938	0.07625893	-1.1202053	0.92478085	0.7504303	9.285679	2.0861626e-07
15	15999	1182.6801970005035	354.3948	16.900875	372.69662	326.47778	143.57143	360.50165	1.0050658	361.70416	358.79333	150.7	133.52191	43.72634	169.71373	-19.353672	0.9696129	0.8052698	3.057772	38.523643	-11.634085	-136.6166	0.07201699	0.0025422634	0.076253146	0.06856442	-0.5109213	0.94933385	0.7758081	9.392016	8.940697e-07
16	16999	1293.1124250888824	371.7256	8.588549	384.88632	357.78348	146.57143	396.58667	1.1754842	398.0218	394.75232	150.7	136.78032	44.9012	177.39882	-24.27135	1.0544443	1.0863788	3.1525638	37.36776	-10.428229	-139.87798	0.0690286	0.0016265154	0.07366556	0.06768821	0.22849323	0.9875471	0.8053018	11.746085	1.3113022e-06
17	17999	1404.9015934467316	371.36996	10.326171	385.663	356.54	147.14285	390.6757	2.1354582	394.42715	387.39227	144.4	140.35367	47.37168	182.32591	-19.372227	1.0553426	0.9585784	3.0859246	36.91299	-12.14246	-143.35483	0.07543474	0.002366012	0.078276694	0.07072327	-0.108724184	0.9870479	0.80196714	10.55525	1.9418076e-06
18	18999	1515.8420679569244	381.12094	13.518418	408.29352	364.19165	146.28572	371.77554	2.9426577	376.2323	367.46896	145.9	140.41826	46.664326	181.52733	-18.066412	1.0517045	0.9950769	3.0877624	36.93101	-10.616806	-143.34125	0.071296155	0.00056889164	0.07226727	0.070208155	-0.013016373	0.9697198	0.8027917	10.566075	3.715977e-07
19	19999	1627.92662191391	451.22192	53.31977	523.5261	351.6901	160.16667	579.3987	2.753252	584.6408	575.1962	189.4	144.75662	47.98916	192.8458	-23.870548	1.0178993	1.0888253	3.1187708	36.918003	-10.480948	-147.6576	0.07150821	0.00265197	0.07792281	0.068787746	0.23141882	0.983147	0.8184382	11.301532	6.183982e-07
20	20999	1742.0898807048798	544.0475	38.32348	602.1673	489.23883	184.6	548.45337	2.2149396	553.3609	545.782	184.4	157.71964	52.321724	209.59024	-44.298878	1.2558936	1.1628643	3.1089642	36.06359	-10.401503	-160.86353	0.086041495	0.0041416883	0.09369599	0.07794212	0.4007159	0.98436713	0.8181947	11.764913	1.3411045e-06
21	21999	1858.3284697532654	565.08575	50.678	649.563	486.8557	188.83333	737.797	16.082647	757.5411	702.5264	233.7	170.92842	58.424213	225.22954	-28.054577	1.6012187	1.0854843	3.1302185	36.69918	-13.588755	-174.24463	0.09871564	0.0026340622	0.10370499	0.09371107	0.19820213	0.977309	0.8247061	12.014984	1.2218952e-06
22	22999	1974.9418494701385	710.6676	68.7485	801.96533	632.42334	227.75	685.089	18.621399	718.1377	656.46545	217.9	176.35103	61.208683	228.96791	-28.28041	1.980566	1.0341403	3.1183143	37.86045	-19.646435	-179.65213	0.10705394	0.0017346609	0.10871426	0.10367302	0.07672835	0.96807164	0.8175265	13.091895	1.1622906e-06
23	23999	2091.021876335144	946.22626	91.25992	1066.778	846.0377	301.66666	863.078	10.369457	872.53467	842.7772	277.3	180.8713	63.53984	245.39656	-19.358034	1.7509074	1.0562549	3.1291249	35.674507	-9.97388	-184.23517	0.11200465	0.0024213018	0.116592705	0.10817294	0.123091	0.9713164	0.81821656	13.295302	8.791685e-07
24	24999	2209.0217106342316	1066.2343	210.16072	1354.4362	859.2362	339.0	1165.9105	35.21554	1259.4305	1139.3469	367.7	188.00314	66.966545	262.1516	-30.66597	1.8189074	1.0617136	3.0616293	35.61837	-10.400203	-191.408	0.121091284	0.002796264	0.12680253	0.1165944	0.13007276	0.96636635	0.8191552	11.340963	5.2452087e-06
25	25999	2329.0639719963074	1086.7563	202.60934	1358.833	872.89417	335.66666	1928.9226	97.40884	2094.2317	1806.4679	604.5	195.01483	70.18178	269.42715	-21.303583	2.0170145	1.0948564	3.0561345	34.329292	-9.928507	-198.5031	0.13640833	0.0047694556	0.14393587	0.12682551	0.18992373	0.9634727	0.82300234	13.098907	1.6540289e-06
26	26999	2452.6930668354034	1122.6235	97.95275	1251.8724	1014.83484	357.66666	2885.784	3.0846322	2889.913	2879.0847	1000.0	199.26385	70.87962	271.16034	-21.334387	1.8778538	1.0034758	2.9383655	34.77805	-10.622787	-202.63231	0.14495774	0.00078410853	0.14637622	0.14373296	0.006787665	0.94596076	0.8029775	11.525736	2.9802322e-07
27	27999	2574.368831396103	2902.5723	0.0	2902.5723	2902.5723	947.0	1897.9866	36.52788	1982.1141	1854.2998	578.1	202.22824	70.794525	272.9444	-18.395792	2.0056741	0.99028385	2.9221685	35.906532	-11.175866	-205.48456	0.14454882	0.0009494869	0.14588141	0.14290866	-0.018803723	0.9308321	0.7944812	9.971727	5.9604645e-07
28	28999	2699.8833072185516	1163.1456	139.1421	1359.6704	1056.2631	358.33334	3005.3997	4.1349974	3010.6204	2998.9663	1000.0	204.65031	71.19082	278.40054	-20.86765	1.8811864	0.99120283	2.8647153	31.065565	-10.438667	-207.86713	0.14199555	0.0005605113	0.14314605	0.14085406	-0.017140443	0.92791504	0.7897406	9.670539	3.747642e-06
29	29999	2826.43000125885	1464.7267	0.0	1464.7267	1464.7267	453.0	3165.162	4.5289354	3171.7087	3158.3257	1000.0	208.08067	71.35795	283.2118	-23.368755	1.7663372	1.0094708	2.8587415	33.759186	-12.560829	-211.29459	0.14207333	0.0011519182	0.14403205	0.1403284	0.01855312	0.9218861	0.7939372	10.499447	5.2154064e-06
30	30999	2952.976804971695	1904.4929	98.54438	2003.0372	1805.9485	587.5	3016.4985	2.09343	3019.343	3012.1785	1000.0	211.42522	72.10419	285.8251	-32.56115	1.6680102	0.9863152	2.8280733	35.53922	-10.88019	-214.50984	0.14107521	0.0010434027	0.1435582	0.1395377	-0.026711335	0.90849423	0.78686327	10.494944	1.3168901e-06
31	31999	3079.212128639221	3114.0369	0.0	3114.0369	3114.0369	1000.0	3135.979	4.9225216	3143.5203	3128.4116	1000.0	216.01604	72.91213	289.65802	-35.48375	1.4591897	0.9853441	2.7845871	34.214855	-10.357113	-219.07855	0.13770719	0.0011873622	0.14043319	0.13622876	-0.028932426	0.8958378	0.77948976	9.169348	2.2053719e-06
32	32999	3204.869390964508	1861.3695	0.0	1861.3695	1861.3695	572.0	3030.8708	3.8964758	3036.4944	3024.4753	1000.0	220.4904	73.6345	292.8258	-57.25228	1.5677642	0.99973613	2.8237095	34.578865	-10.623804	-223.39572	0.13673773	0.0005255583	0.13779774	0.13591495	-0.00047881485	0.8988969	0.7871675	13.847786	2.341345e-06
33	33999	3330.761356115341	3054.3574	0.0	3054.3574	3054.3574	1000.0	3124.3735	1.6475081	3126.7773	3122.0972	1000.0	224.1467	73.81262	296.1438	-23.650578	1.5772876	0.9899816	2.8273835	35.896614	-11.591209	-227.03	0.1356518	0.0007301561	0.1370071	0.13444035	-0.019963104	0.8901407	0.78228533	12.866289	6.2584877e-07
34	34999	3456.988553762436	3190.2205	0.0	3190.2205	3190.2205	1000.0	3157.8867	2.3286974	3161.8574	3155.2654	1000.0	226.74712	74.51656	298.72733	-18.734165	1.5078665	1.0047791	2.8014915	34.03282	-10.578938	-229.58633	0.13441797	0.00048410828	0.13540101	0.13316126	0.009619207	0.8849158	0.77921	10.27906	5.066395e-07
35	35999	3583.169280529022	3102.6965	0.0	3102.6965	3102.6965	1000.0	3080.181	8.54987	3097.064	3067.7673	1000.0	229.49731	74.77853	301.6334	-26.26284	1.3821946	0.9888906	2.7947497	34.150917	-11.453406	-232.29797	0.13486753	0.00051982515	0.13576172	0.13329713	-0.022241345	0.8849694	0.7787917	9.543659	1.706183e-06
36	36999	3709.9424245357513	2924.77	0.0	2924.77	2924.77	898.0	3090.212	4.772823	3099.586	3082.1296	1000.0	231.58229	75.02401	303.01483	-25.705776	1.4427061	1.0155567	2.7974858	35.78032	-13.862866	-234.36853	0.13392277	0.0011058843	0.1366691	0.13257879	0.031219777	0.8850543	0.78198117	9.245972	5.5134296e-07
37	37999	3837.1632347106934	3123.1636	0.0	3123.1636	3123.1636	1000.0	3051.9116	2.7823863	3056.204	3047.1013	1000.0	233.81667	74.9319	305.12433	-66.6586	1.4511845	0.96959823	2.7966034	36.452866	-11.793129	-236.5339	0.13335818	0.0018354089	0.13660271	0.13032894	-0.061202228	0.87674457	0.7843712	11.421314	2.026558e-06
38	38999	3963.7780134677887	3077.943	0.0	3077.943	3077.943	1000.0	3055.2788	2.484143	3059.5886	3051.4395	1000.0	236.45363	74.86261	307.04797	-31.910269	1.5142535	0.9775453	2.789994	33.682495	-12.456266	-239.0547	0.12724179	0.0009695929	0.13030511	0.12563185	-0.04611262	0.87222934	0.7791171	10.878859	7.338822e-07
39	39999	4091.0082051754	2521.4219	608.1779	3129.5999	1913.244	792.0	3011.7097	3.3190668	3016.4424	3007.1553	1000.0	239.07497	74.75686	308.521	-22.938	1.3368896	0.96565115	2.7734418	33.798763	-10.823163	-241.62148	0.12145037	0.0018937666	0.12563981	0.11889169	-0.072116174	0.86769265	0.77875453	10.534469	8.34465e-07
40	40999	4218.8544816970825	2120.8308	0.0	2120.8308	2120.8308	650.0	3156.513	2.016518	3158.99	3152.667	1000.0	239.87964	74.8949	308.7969	-32.30261	1.351072	0.9985198	2.7927644	35.424355	-10.983213	-242.40604	0.11825575	0.00041871963	0.119199984	0.11750945	-0.0030990525	0.8688976	0.78595054	11.043636	1.9818544e-06
41	41999	4348.104240655899	2600.4084	0.0	2600.4084	2600.4084	792.0	2946.8933	3.833564	2955.8645	2940.6116	1000.0	240.75931	74.8558	309.95895	-27.192286	1.363885	1.002763	2.7692604	32.82376	-10.5353155	-243.20882	0.11858659	0.00038893174	0.11959433	0.117889434	0.005929237	0.86146486	0.7837251	11.656496	6.556511e-07
42	42999	4475.999949932098	3201.866	0.0	3201.866	3201.866	1000.0	3051.4343	1.3501995	3053.548	3049.3809	1000.0	242.93454	74.54954	310.89438	-22.342184	1.326223	0.98894054	2.7639437	33.61027	-12.7286005	-245.34984	0.11928885	0.00079488	0.12068159	0.1174233	-0.023560567	0.8597024	0.78370553	10.947051	8.940697e-08
43	43999	4606.474015712738	3100.3003	0.0	3100.3003	3100.3003	1000.0	3154.023	2.8754878	3158.7065	3149.2917	1000.0	244.81854	74.3069	312.38977	-31.615923	1.3377264	0.9821554	2.7226067	34.47006	-10.707689	-247.17857	0.11479003	0.001396958	0.117396064	0.11285571	-0.038447917	0.8534459	0.77883905	10.741444	1.5497208e-06
44	44999	4736.29803442955	3127.0957	0.0	3127.0957	3127.0957	1000.0	3079.5723	3.054289	3082.5217	3073.5747	1000.0	246.6406	74.18193	312.58075	-27.58733	1.240232	0.9909646	2.7271242	34.118195	-11.307732	-248.95625	0.11345755	0.00060476735	0.11422678	0.11197664	-0.019658973	0.85134405	0.78105503	10.605126	8.92207e-07
45	45999	4867.023516893387	2580.899	636.008	3216.907	1944.891	799.0	3202.4497	3.1525447	3207.52	3197.7	1000.0	248.08754	74.34625	313.73572	-33.081192	1.2674346	0.99467224	2.7244563	34.519783	-15.365492	-250.39638	0.11109802	0.00049829483	0.11213033	0.11035244	-0.011629445	0.85206765	0.7808694	11.04504	9.834766e-07
46	46999	4999.688236951828	3173.8416	0.0	3173.8416	3173.8416	1000.0	3176.6768	3.329095	3181.1282	3170.4275	1000.0	249.37825	74.204475	314.75626	-25.874056	1.2979419	0.99683493	2.7169206	34.660973	-11.729174	-251.68912	0.1108886	0.00027227664	0.111593574	0.11028448	-0.0069247806	0.84717315	0.780121	10.597174	2.2351742e-06
47	47999	5133.676731109619	3125.76	0.0	3125.76	3125.76	1000.0	3195.0764	3.3187015	3200.9792	3190.306	1000.0	250.90851	73.768234	315.61432	-24.633432	1.255693	0.986644	2.737158	34.344074	-11.846648	-253.16212	0.10915741	0.0009262931	0.110762425	0.107518815	-0.029492058	0.84625024	0.7777071	10.460185	3.963709e-06
48	48999	5267.918861865997	3178.1309	0.0	3178.1309	3178.1309	1000.0	3216.105	2.0343864	3219.8562	3212.848	1000.0	252.40259	73.56222	316.1613	-23.755468	1.189136	0.984849	2.7392883	35.230797	-11.999031	-254.57693	0.10713804	0.0008630171	0.108218856	0.10536214	-0.03383248	0.83701617	0.77774507	13.249125	2.9802322e-08
49	49999	5403.095635890961	2669.655	0.0	2669.655	2669.655	797.0	3268.0452	11.051749	3291.4182	3258.1208	1000.0	253.94048	73.28131	316.78528	-20.624552	1.1632905	0.98516744	2.7180502	33.30928	-11.668732	-256.03122	0.103725284	0.0009169036	0.10561956	0.10277205	-0.033482756	0.8327806	0.7722608	13.132442	2.9802322e-08
50	50999	5538.8772213459015	2569.839	73.784424	2643.6235	2496.0547	775.0	3247.848	8.95562	3264.894	3233.9868	1000.0	254.06401	73.24506	317.12454	-20.490614	1.2024221	1.0020081	2.7156744	34.957268	-10.756577	-256.1924	0.102681816	0.00036383313	0.10355526	0.10212153	0.004602768	0.838971	0.7781395	14.197571	9.0152025e-07
51	51999	5673.993123292923	3224.804	0.0	3224.804	3224.804	1000.0	3210.194	8.073395	3223.4846	3197.866	1000.0	254.53987	72.74504	317.0959	-20.287783	1.3836032	1.0118641	2.7087133	34.511887	-10.029488	-256.57407	0.10405223	0.00084304175	0.10541496	0.10261836	0.026841411	0.8321916	0.77481997	11.393257	4.810281e-07
52	52999	5809.7656190395355	3185.4905	0.0	3185.4905	3185.4905	1000.0	3203.3804	3.9382706	3207.8948	3193.1692	1000.0	255.63582	72.7609	317.53635	-29.524485	1.3099599	0.99037135	2.7088575	36.73015	-10.357534	-257.68057	0.10522037	0.0008667134	0.10697067	0.103878506	-0.021676892	0.83226275	0.77484417	17.118605	5.185604e-06
53	53999	5946.07531952858	3218.6033	0.0	3218.6033	3218.6033	1000.0	3256.0957	7.4794774	3267.2878	3246.8235	1000.0	256.6575	72.721565	318.3887	-25.813915	1.2224373	0.97900504	2.6789954	34.487755	-10.480964	-258.60767	0.101989195	0.0011046261	0.103969835	0.10026801	-0.04786975	0.8300819	0.768525	10.72582	2.9802322e-08
54	54999	6082.392630577087	3234.3806	0.0	3234.3806	3234.3806	1000.0	3142.6013	1.7469068	3146.76	3139.8235	1000.0	258.3339	72.101845	319.74435	-25.986897	1.224579	0.99294174	2.6739047	35.765533	-13.584356	-260.2607	0.09914439	0.000570057	0.100532964	0.0980553	-0.016222233	0.82880884	0.7680691	13.070505	9.983778e-07
55	55999	6219.4166922569275	2183.271	0.0	2183.271	2183.271	648.0	3199.6697	4.220461	3207.4346	3192.9512	1000.0	259.6772	72.058395	320.443	-25.276648	1.3141513	1.0015378	2.6816504	34.080303	-10.538846	-261.58548	0.09825951	0.00046774463	0.099295884	0.09751431	0.0036133078	0.8245376	0.7664001	11.328198	2.1150336e-06
56	56999	6357.666819572449	3326.2688	0.0	3326.2688	3326.2688	981.0	3184.1304	2.6976643	3186.9954	3179.7473	1000.0	260.67612	72.03748	321.35617	-30.432364	1.2875572	0.99876034	2.70984	34.31313	-12.6245775	-262.6262	0.09911411	0.00046939764	0.10012243	0.09811173	-0.0028013496	0.827681	0.7701373	12.633855	3.5762787e-07
57	57999	6496.634068489075	3218.3845	0.0	3218.3845	3218.3845	1000.0	3178.9746	3.416131	3185.8271	3173.4473	1000.0	261.66528	71.98434	321.14133	-30.187004	1.4578203	0.98623246	2.6903558	34.58432	-12.020832	-263.5782	0.09790308	0.00081786787	0.09922221	0.09661179	-0.031927727	0.8258573	0.76835126	15.394785	1.3560057e-06
58	58999	6636.294822216034	3226.3806	0.0	3226.3806	3226.3806	1000.0	3222.009	5.792217	3229.5054	3212.869	1000.0	262.78638	71.729866	322.62918	-19.259447	1.5014352	0.99598306	2.7213342	34.68072	-11.128605	-264.64	0.09572728	0.000753484	0.09700594	0.094648935	-0.009328771	0.8238995	0.7743173	18.58625	7.5250864e-07
59	59999	6776.086567401886	1423.3684	0.0	1423.3684	1423.3684	429.0	3266.2104	17.365887	3310.488	3248.5073	1000.0	264.02225	71.48528	322.73566	-44.992474	1.3391474	0.97285753	2.6899652	35.20034	-13.227179	-265.85037	0.09393357	0.0011806624	0.0963848	0.092003964	-0.06404026	0.8169248	0.76656073	18.076332	6.556511e-07
60	60999	6916.435873031616	3211.4102	0.0	3211.4102	3211.4102	1000.0	3234.8364	9.205971	3245.407	3220.387	1000.0	264.9161	71.26339	323.31155	-22.093487	1.2475979	1.0113666	2.7213717	36.498306	-11.6297035	-266.74033	0.09280818	0.0008559237	0.09427168	0.0912746	0.027050324	0.8181253	0.7711016	12.329556	3.2484531e-06
61	61999	7057.372291326523	3247.434	0.0	3247.434	3247.434	1000.0	3254.1	5.518728	3262.7139	3245.348	1000.0	266.07812	71.40076	324.1147	-28.207937	1.1229585	0.9784203	2.7129712	35.22325	-9.886801	-267.88028	0.09217571	0.000700395	0.093976185	0.09073341	-0.051361397	0.81610703	0.76743555	14.377376	1.1324883e-06
62	62999	7195.792191743851	3228.4092	0.0	3228.4092	3228.4092	1000.0	2804.35	458.77252	3347.8704	1913.5087	833.0	267.4935	70.56728	324.69897	-23.505825	1.3929548	0.9923037	2.738083	34.557487	-10.252156	-269.23358	0.08926981	0.0007597889	0.09089357	0.08828416	-0.018461732	0.8231969	0.77908254	18.216589	7.599592e-07
63	63999	7335.372722148895	2517.488	715.69214	3233.1802	1801.7959	769.0	3256.535	11.671007	3289.123	3245.9795	1000.0	267.7284	71.06671	325.3877	-24.66523	1.1680278	0.99610394	2.7340477	34.877937	-14.379075	-269.45325	0.088618375	0.00045654303	0.08965632	0.08774066	-0.009359566	0.819937	0.7762816	13.171931	2.6226044e-06
64	64999	7474.993678331375	2426.7373	0.0	2426.7373	2426.7373	715.0	3238.019	5.7137494	3246.993	3228.8533	1000.0	267.68588	70.955505	325.17752	-30.348965	1.1968291	1.0067765	2.7203553	34.08585	-11.617747	-269.37958	0.08968556	0.0005475087	0.09072145	0.08888225	0.016407194	0.8219332	0.7798394	15.090852	1.2144446e-06
65	65999	7615.249401330948	3253.7974	0.0	3253.7974	3253.7974	1000.0	3266.0688	1.8725666	3269.8293	3262.739	1000.0	268.4743	70.14922	325.33807	-28.319082	1.1888062	0.9984552	2.7105849	33.83444	-11.638678	-270.1326	0.09048745	0.0005935025	0.091902636	0.08961051	-0.0036516676	0.82326376	0.7752449	12.723651	4.7683716e-07
66	66999	7756.320151567459	3233.6536	0.0	3233.6536	3233.6536	1000.0	3225.0952	7.290225	3236.957	3214.7139	1000.0	269.56473	69.46093	325.44498	-21.06375	1.181174	0.9880768	2.714925	34.30809	-11.586254	-271.2169	0.08865243	0.0006595946	0.08981428	0.087778784	-0.028793355	0.827027	0.7763831	11.639766	5.543232e-06
67	67999	7896.223953962326	3232.185	0.0	3232.185	3232.185	1000.0	3247.6611	4.404451	3254.4768	3240.644	1000.0	270.2983	69.46244	326.25305	-21.56053	1.1374254	1.0004	2.7179255	35.31117	-14.430491	-271.92072	0.08809607	0.00024024742	0.08863565	0.08764885	0.0010183902	0.8267963	0.77772397	13.177786	3.993511e-06
68	68999	8037.284055948257	3248.365	0.0	3248.365	3248.365	1000.0	3257.0308	1.8633976	3260.0808	3253.2073	1000.0	271.1691	69.26269	326.52753	-40.359737	1.1346126	0.9976409	2.6878858	34.20547	-10.341877	-272.8228	0.08758981	0.00037607894	0.08842635	0.0869103	-0.0056845387	0.8264602	0.7726729	13.139382	3.1292439e-06
69	69999	8180.629854679108	3244.9478	0.0	3244.9478	3244.9478	1000.0	3269.8562	5.0834475	3277.4321	3256.8677	1000.0	272.44928	68.730736	327.3122	-20.450153	1.1794494	0.9926589	2.7330058	34.4246	-10.11006	-274.0108	0.08722074	0.0005664502	0.08834928	0.08631449	-0.017831258	0.82993907	0.77966577	11.836508	1.8775463e-06
70	70999	8324.443001508713	2255.2607	999.63995	3254.9006	1255.6207	690.0	3232.9595	4.144179	3241.1982	3225.4973	1000.0	272.94995	68.79017	327.63754	-23.30423	1.0970513	0.98213685	2.7119398	33.20283	-10.47589	-274.52667	0.08578442	0.001086664	0.08763884	0.0839389	-0.0438502	0.8261207	0.77458566	12.763217	1.1920929e-07
71	71999	8465.490948200226	2852.6313	0.0	2852.6313	2852.6313	853.0	3287.7388	4.5623198	3295.6848	3279.4246	1000.0	273.30905	68.87776	327.82587	-33.342045	1.0992348	1.0136613	2.708372	32.982643	-10.662897	-274.8593	0.085784696	0.00073018303	0.08692827	0.08434791	0.033674832	0.82652366	0.77639085	15.619741	3.5762787e-06
72	72999	8609.394162893295	3247.1687	0.0	3247.1687	3247.1687	1000.0	3271.3586	6.125941	3279.2588	3261.0742	1000.0	273.7275	68.57336	327.94147	-30.810415	1.1482549	1.0074283	2.7455018	34.277378	-10.655216	-275.29468	0.086915836	0.00044802728	0.08768388	0.085889265	0.01820266	0.82752174	0.78086704	18.475746	1.013279e-06
73	73999	8754.002486467361	3248.8113	0.0	3248.8113	3248.8113	1000.0	3248.1978	2.1656902	3252.4429	3245.6887	1000.0	274.25217	68.399506	328.0369	-23.828583	1.0698158	0.9933738	2.687964	34.10231	-13.3749895	-275.7317	0.08726442	0.0003855518	0.087844685	0.08633354	-0.016144669	0.819024	0.77243143	13.573676	1.2814999e-06
74	74999	8900.92927145958	3228.2522	0.0	3228.2522	3228.2522	1000.0	3251.0652	3.1104887	3257.223	3247.2588	1000.0	274.8786	68.6316	328.45758	-21.517418	1.1305985	0.9941484	2.7065127	34.54699	-10.249133	-276.37265	0.08586374	0.00043923763	0.08691579	0.08513698	-0.014281556	0.82063144	0.7757447	24.740261	5.9604645e-08
75	75999	9047.190337657928	3259.1057	0.0	3259.1057	3259.1057	1000.0	3299.4243	12.427674	3310.2712	3274.8123	1000.0	276.05496	67.96102	329.26328	-26.516993	1.090969	0.9809801	2.6901617	32.247124	-12.523754	-277.5652	0.08372471	0.0008066007	0.085724235	0.08255864	-0.047008507	0.81758857	0.76970685	15.120362	8.940697e-08
76	76999	9194.989104270935	3270.5107	0.0	3270.5107	3270.5107	1000.0	3264.9983	9.161154	3280.9946	3252.2817	1000.0	276.97296	67.87161	329.61826	-22.049309	1.2278609	1.0052339	2.7248976	33.945236	-11.220045	-278.45813	0.08354967	0.00063023006	0.084624596	0.082620904	0.013064491	0.8245157	0.7766292	12.665445	3.149733e-06
77	77999	9342.329990386963	3283.8381	0.0	3283.8381	3283.8381	1000.0	3284.9731	5.3196325	3295.1604	3278.101	1000.0	278.12433	67.329735	330.59702	-23.55117	1.104415	0.9839873	2.7284856	33.34323	-10.961643	-279.60782	0.08275154	0.0006899261	0.083981715	0.08130824	-0.039882574	0.8286164	0.7829832	16.72129	1.5646219e-07
78	78999	9490.605211734772	3306.6309	0.0	3306.6309	3306.6309	1000.0	3279.8528	4.1541524	3289.929	3275.0212	1000.0	279.1263	67.18982	330.38782	-21.961866	1.1278749	0.97871107	2.7365613	31.492512	-11.856232	-280.5697	0.08054907	0.0008368161	0.08161766	0.07871062	-0.053703047	0.8244012	0.7805572	16.519732	1.0728836e-06
79	79999	9640.412499189377	3281.9626	0.0	3281.9626	3281.9626	1000.0	3298.8718	2.657978	3303.74	3295.293	1000.0	280.12848	67.27585	330.914	-26.073536	1.2324	0.99440986	2.7926028	33.13668	-12.004653	-281.5758	0.07840027	0.00061488553	0.07939967	0.077426374	-0.014169706	0.8221101	0.78872377	16.276352	6.183982e-07
80	80999	9786.425416469574	1982.5194	0.0	1982.5194	1982.5194	590.0	1663.2054	1607.8931	3274.2869	52.39419	516.3	280.62183	67.1631	331.04193	-36.910583	1.3445339	1.001526	2.770923	33.565765	-12.225942	-282.04532	0.077480376	0.00087805145	0.07904895	0.07635058	0.003985195	0.82777286	0.78788775	17.260834	7.4505806e-08
81	81999	9936.180235147476	3268.0112	0.0	3268.0112	3268.0112	1000.0	3072.059	618.10333	3284.2456	1217.7761	936.8	280.39172	67.47894	331.34573	-48.741943	1.1134732	0.9831665	2.769535	34.943443	-11.443759	-281.80887	0.0782569	0.0010819384	0.07947391	0.076023296	-0.04305434	0.82349855	0.7898566	22.755102	1.5050173e-06
82	82999	10087.261542797089	3266.33	0.0	3266.33	3266.33	1000.0	3265.5173	8.192031	3282.6545	3253.5447	1000.0	281.2405	66.936775	331.56543	-22.529257	1.096194	0.9997417	2.7286704	31.709105	-10.980722	-282.59088	0.07581273	0.00026387998	0.07627389	0.07520924	-0.00062343024	0.8190987	0.7754626	13.753688	2.3841858e-07
83	83999	10238.18935418129	2207.0654	1027.4554	3234.521	1179.6101	673.5	3294.8958	5.325718	3306.459	3285.1462	1000.0	281.3316	67.18017	331.9875	-28.39612	1.166028	0.99165523	2.7247639	33.397682	-11.425969	-282.66168	0.07578205	0.00039730963	0.07629677	0.07495236	-0.02149333	0.82385826	0.77927023	15.236736	5.9604645e-08
84	84999	10388.566225290298	3252.0796	0.0	3252.0796	3252.0796	1000.0	3268.238	1.8956206	3272.2087	3265.4348	1000.0	281.58884	66.969635	331.62027	-26.92993	1.0748156	1.0255916	2.714333	34.589783	-11.062764	-282.8927	0.07698465	0.0011293752	0.07857776	0.07507571	0.06579446	0.82468647	0.7781954	16.924227	1.758337e-06
85	85999	10540.948787689209	3240.461	0.0	3240.461	3240.461	1000.0	3298.5847	4.1306267	3306.5857	3291.063	1000.0	281.96625	66.93887	331.77142	-20.18954	1.0725473	0.97940916	2.717236	33.28264	-10.310402	-283.29742	0.07707794	0.0006491351	0.07823663	0.07574309	-0.05276351	0.8214744	0.7768523	18.291803	6.4969063e-06
86	86999	10693.540082216263	3269.9016	0.0	3269.9016	3269.9016	1000.0	3293.9207	3.2733352	3299.47	3289.513	1000.0	283.01266	66.19356	332.274	-28.958603	1.2051969	0.9929108	2.7092743	33.2166	-11.542376	-284.268	0.07526883	0.00030708025	0.07584745	0.07475189	-0.0182933	0.8187485	0.77780014	16.614428	8.940697e-08
87	87999	10846.155901432037	2737.8481	0.0	2737.8481	2737.8481	810.0	3280.3003	2.7009518	3283.4248	3275.4224	1000.0	283.10785	66.17263	332.28043	-19.001936	1.1353377	1.0018619	2.7261264	32.67221	-11.102062	-284.40466	0.0747688	0.0001866575	0.07512441	0.074389435	0.0048766294	0.82506233	0.78218067	14.474892	9.3877316e-07
88	88999	10999.989094734192	3241.839	0.0	3241.839	3241.839	1000.0	3293.7202	2.904592	3298.3455	3289.688	1000.0	283.4545	66.14627	332.6711	-22.512646	1.0528035	1.0090309	2.7459788	33.785892	-10.428926	-284.78326	0.0754746	0.0002834661	0.07627295	0.07503387	0.023393413	0.828574	0.7890965	23.506868	1.2516975e-06
89	89999	11154.069365501404	3278.5889	0.0	3278.5889	3278.5889	1000.0	3287.5464	1.4887855	3289.6448	3284.2036	1000.0	284.34152	65.35415	332.72833	-32.386265	1.1519083	0.9766593	2.7528362	33.65513	-10.7369175	-285.6194	0.07472507	0.0007785562	0.07614038	0.07345941	-0.060492452	0.8253817	0.78415436	14.142702	1.2218952e-06
90	90999	11306.883754253387	3287.256	0.0	3287.256	3287.256	1000.0	3264.3823	4.496375	3268.4797	3253.8896	1000.0	284.58356	65.700775	332.92697	-35.22883	1.1508238	1.0155746	2.7250226	34.783043	-10.529316	-285.86426	0.075198546	0.0009994978	0.07656971	0.073366	0.04057687	0.8254612	0.7868816	16.533194	8.940697e-08
91	91999	11458.982917070389	2430.9565	855.00415	3285.9607	1575.9524	734.0	3290.8743	1.5479367	3294.3972	3289.0388	1000.0	284.94894	65.6392	333.80417	-20.829481	1.1505877	0.99139524	2.6713967	33.9805	-11.070357	-286.156	0.07498562	0.0007104814	0.07617884	0.073685676	-0.022270381	0.8266065	0.7747186	20.509468	7.599592e-07
92	92999	11608.997019529343	3269.8174	0.0	3269.8174	3269.8174	1000.0	3218.1602	1.9252452	3221.096	3215.5337	1000.0	285.3585	65.75025	333.29468	-26.054264	1.069388	1.0141038	2.7169702	33.47053	-14.324851	-286.62936	0.075109586	0.00054671016	0.07613913	0.07403378	0.0366192	0.8310059	0.78341806	21.44246	5.9604645e-08
93	93999	11764.14244890213	3277.332	0.0	3277.332	3277.332	1000.0	3269.8784	4.158956	3275.8062	3260.7556	1000.0	285.88535	64.99177	333.9265	-37.206955	0.98678136	0.9900555	2.6966736	32.407417	-12.012031	-287.0893	0.07486512	0.00033606356	0.07575633	0.07439224	-0.025693696	0.831478	0.7782675	15.128741	1.0728836e-06
94	94999	11919.39423942566	3263.9373	0.0	3263.9373	3263.9373	1000.0	3270.2349	2.1587303	3274.4585	3265.934	1000.0	286.14175	65.318985	333.50464	-32.085148	0.98903143	0.99937457	2.7127562	35.192802	-11.697071	-287.3148	0.07469653	0.00018228636	0.07520794	0.07442688	-0.0015828819	0.8291702	0.7793576	14.71974	8.1956387e-07
95	95999	12075.719886779785	3243.385	0.0	3243.385	3243.385	1000.0	3305.147	4.7105184	3315.081	3298.646	1000.0	286.4957	65.0282	334.2096	-31.138138	0.9855696	0.9923605	2.70078	33.913754	-11.701669	-287.66675	0.074065655	0.00030548152	0.07451518	0.0733745	-0.019827759	0.825999	0.77555424	15.770422	4.7683716e-07
96	96999	12231.857100248337	3285.4675	0.0	3285.4675	3285.4675	1000.0	3295.4976	4.477306	3301.2666	3287.878	1000.0	287.22943	64.413414	334.2855	-19.475437	1.1139517	0.9893494	2.7106237	33.434776	-14.263687	-288.40524	0.07384782	0.0005100052	0.07459931	0.0724419	-0.027826143	0.8261298	0.77988493	23.64344	4.813075e-06
97	97999	12387.455976963043	3270.4253	0.0	3270.4253	3270.4253	1000.0	3282.0457	2.5924299	3286.5	3277.5264	1000.0	287.6416	64.303894	334.70428	-23.102657	0.97720164	0.99671954	2.7403681	34.16013	-12.436207	-288.83066	0.07227393	0.00033423703	0.073261686	0.07179847	-0.008564772	0.8247743	0.78282875	33.64363	1.3429672e-06
98	98999	12544.375403404236	3254.1946	0.0	3254.1946	3254.1946	1000.0	3299.336	8.216444	3316.1177	3282.2283	1000.0	288.17877	64.37188	334.6931	-44.32245	1.012915	1.0142295	2.7502592	34.058792	-11.396216	-289.34503	0.07271573	0.00037394144	0.07347306	0.071849965	0.037352454	0.8249928	0.79043055	23.473337	4.3958426e-07
99	99999	12702.347820520401	3268.9731	0.0	3268.9731	3268.9731	1000.0	3277.864	2.5978475	3282.4814	3273.3323	1000.0	288.34482	64.21144	334.967	-58.016975	0.97550654	0.9929633	2.7278185	32.500793	-9.756258	-289.52298	0.07406059	0.0006954945	0.075204216	0.07286941	-0.01831916	0.8240956	0.7839038	22.21135	4.3809414e-06
