Epoch	TotalEnvInteracts	Time	AverageEpRet	StdEpRet	MaxEpRet	MinEpRet	EpLen	AverageTestEpRet	StdTestEpRet	MaxTestEpRet	MinTestEpRet	TestEpLen	AverageQ1Vals	StdQ1Vals	MaxQ1Vals	MinQ1Vals	LossQ1	AverageLogPi	StdLogPi	MaxLogPi	MinLogPi	LossPi	AverageAlpha	StdAlpha	MaxAlpha	MinAlpha	LossAlpha	AveragePreTanh	StdPreTanh	MaxPreTanh	MinPreTanh	AverageMCDisRet	StdMCDisRet	MaxMCDisRet	MinMCDisRet	AverageMCDisRetEnt	StdMCDisRetEnt	MaxMCDisRetEnt	MinMCDisRetEnt	AverageQPred	StdQPred	MaxQPred	MinQPred	AverageQBias	StdQBias	MaxQBias	MinQBias	AverageQBiasAbs	StdQBiasAbs	MaxQBiasAbs	MinQBiasAbs	AverageNormQBias	StdNormQBias	MaxNormQBias	MinNormQBias	AverageQBiasSqr	StdQBiasSqr	MaxQBiasSqr	MinQBiasSqr	AverageNormQBiasSqr	StdNormQBiasSqr	MaxNormQBiasSqr	MinNormQBiasSqr
0	999	2.063244342803955	18.500225	16.669497	111.7164	6.185877	21.911112	60.197857	0.0	60.197857	60.197857	53.0	0.0	0.0	0.0	0.0	0.0	0.0	0.0	0.0	0.0	0.0	0.0	0.0	0.0	0.0	0.0	0.0	0.0	0.0	0.0	10.076667	14.366929	76.66065	-2.5711205	13.862908	17.70682	96.41524	-1.1458228	-0.32343906	0.27193862	0.6082747	-1.2393429	-14.186349	17.685793	0.5049706	-96.58526	14.189532	17.683237	96.58526	0.008019123	-0.7279281	0.3463569	0.050497063	-1.0880028	514.03973	1514.9525	9328.712	6.430633e-05	13.461742	18.254366	97.291885	6.430633e-06
1	1999	2.849256992340088	17.70907	14.165849	67.205025	3.9594252	21.891304	60.197857	0.0	60.197857	60.197857	53.0	0.0	0.0	0.0	0.0	0.0	0.0	0.0	0.0	0.0	0.0	0.0	0.0	0.0	0.0	0.0	0.0	0.0	0.0	0.0	10.076667	14.366929	76.66065	-2.5711205	13.862908	17.70682	96.41524	-1.1458228	-0.32343906	0.27193862	0.6082747	-1.2393429	-14.186349	17.685793	0.5049706	-96.58526	14.189532	17.683237	96.58526	0.008019123	-0.7279281	0.3463569	0.050497063	-1.0880028	514.03973	1514.9525	9328.712	6.430633e-05	13.461742	18.254366	97.291885	6.430633e-06
2	2999	3.6321828365325928	17.825142	22.95943	140.58832	5.134584	20.375	60.884514	0.0	60.884514	60.884514	54.0	0.0	0.0	0.0	0.0	0.0	0.0	0.0	0.0	0.0	0.0	0.0	0.0	0.0	0.0	0.0	0.0	0.0	0.0	0.0	7.4501038	8.25776	46.721947	-2.4480288	10.734856	10.14656	56.487476	-0.59419495	-0.31007624	0.27293864	0.68990403	-1.0289022	-11.044932	10.108552	0.601254	-56.666504	11.048749	10.104381	56.666504	0.0050253463	-0.6930502	0.357687	0.0601254	-1.0809662	224.17332	422.76434	3211.0925	2.5254107e-05	10.239477	10.814988	56.846096	2.5254108e-06
3	3999	4.415003299713135	15.418226	9.422609	55.177822	5.3764033	20.67347	60.60056	0.0	60.60056	60.60056	54.0	0.0	0.0	0.0	0.0	0.0	0.0	0.0	0.0	0.0	0.0	0.0	0.0	0.0	0.0	0.0	0.0	0.0	0.0	0.0	8.270725	8.476362	47.763046	-1.237773	11.846387	10.929484	58.76203	-0.83512664	-0.35425204	0.27788657	0.6023978	-1.058764	-12.200639	10.896683	0.5540028	-59.164654	12.201734	10.895454	59.164654	0.03979171	-0.7334872	0.3445943	0.055400282	-1.0860515	267.59323	512.4625	3500.456	0.0015833804	11.492935	11.629363	59.57003	0.00015833804
4	4999	5.203643798828125	19.112518	15.365239	93.06457	6.7504177	22.533333	59.803806	0.0	59.803806	59.803806	53.0	0.0	0.0	0.0	0.0	0.0	0.0	0.0	0.0	0.0	0.0	0.0	0.0	0.0	0.0	0.0	0.0	0.0	0.0	0.0	9.177679	9.274824	41.664116	-2.3372083	12.87341	12.265903	53.807774	-1.4104807	-0.31856787	0.26663083	0.5881061	-1.0738657	-13.191978	12.255305	1.001143	-53.93923	13.204561	12.241746	53.93923	0.027443822	-0.7196213	0.35034078	0.10011429	-1.0919589	324.22076	551.7923	2909.4407	0.00075316336	12.468798	13.010096	54.51733	7.531634e-05
5	5999	99.3947377204895	155.20013	101.60804	351.79312	8.19116	88.0	145.85925	0.0	145.85925	145.85925	80.0	91.55915	53.84935	187.9953	-18.517134	7.5625076	-0.6992501	1.9178375	12.76829	-9.601707	-98.06268	0.88424903	0.061180644	0.99970007	0.7843575	-0.18615295	0.859539	0.6232943	5.736536	2.2649765e-06	74.30056	40.001434	154.91057	1.8923786	84.07997	45.368565	174.38101	1.8923786	154.87357	47.673603	188.18854	18.018736	70.793594	55.64542	180.61832	-85.87654	79.50186	42.28	180.61832	1.0294054	1.952698	3.2040145	18.061832	-0.81841564	8108.145	7128.362	32622.979	1.0596755	253.25201	503.87878	3262.2979	0.008282294
6	6999	193.2347128391266	316.5952	49.70272	383.93948	237.71355	150.5	413.21957	0.0	413.21957	413.21957	222.0	178.60718	56.217968	225.48448	-52.193554	10.619755	-0.25568554	2.285671	13.729691	-10.32261	-188.48196	0.69453454	0.050971672	0.78419125	0.60845935	-0.4596309	0.8929082	0.6702042	5.8844247	1.4901161e-06	118.95134	38.640717	162.56294	2.6467555	129.63896	47.16859	183.9038	2.6467555	174.89456	63.14497	224.27133	-6.883502	45.25559	22.165594	76.47176	-20.910736	46.482517	19.461693	76.47176	0.031859465	0.3105859	0.25421	0.78432345	-1.1169367	2539.382	1524.814	5847.93	0.0010150254	19.06416	12.831724	59.155396	0.00010150255
7	7999	287.61438512802124	345.48355	86.19301	442.7321	165.30853	175.33333	1061.3018	0.0	1061.3018	1061.3018	1000.0	186.2947	58.767643	228.06859	-85.39182	7.66178	-0.3467743	2.3536258	15.770723	-10.1161785	-194.99457	0.52718914	0.045622334	0.608287	0.45280185	-0.8679777	0.8650315	0.67545265	6.1847363	3.5762787e-07	95.84169	44.614468	153.4025	1.1411147	110.939064	51.63727	178.05873	1.1411147	174.76054	55.289917	218.33446	-20.533682	63.82148	61.464264	203.93922	-26.199347	66.84121	58.166058	203.93922	0.01505611	1.5286794	3.5855417	20.393923	-2.6189325	7851.0376	10998.157	41591.207	0.00022668643	255.23997	685.9145	4159.1206	1.8777272e-06
8	8999	382.17090678215027	326.55493	127.45408	466.8639	158.41138	232.33333	1035.8531	0.0	1035.8531	1035.8531	1000.0	169.40317	54.144836	220.03386	-39.205185	4.8470917	-0.22202241	2.4033115	17.363106	-9.295615	-176.57706	0.39471644	0.031419892	0.45267758	0.34357038	-1.1346025	0.8565376	0.6688287	5.4570856	1.0728836e-06	107.685425	8.6066265	133.50122	92.4852	138.92004	9.096511	165.86623	122.54522	168.91634	12.2461605	197.3003	147.38562	29.99629	5.586262	42.515354	15.878783	29.99629	5.586262	42.515354	15.878783	0.2159629	0.037955564	0.3123862	0.11469765	930.98395	345.55603	1807.5552	252.13577	6.674799	2.3547692	12.519829	1.8212593
9	9999	476.3634395599365	510.07584	349.80453	1115.573	288.2066	327.0	330.04596	0.0	330.04596	330.04596	139.0	155.65608	44.137886	198.87416	-24.671583	2.8339365	-0.25764123	2.3859818	17.88164	-9.872838	-161.59879	0.29713047	0.025840554	0.34347633	0.25552452	-1.5298799	0.868009	0.67131865	6.2775187	5.722046e-06	122.04511	47.166473	169.70282	2.8041532	133.0933	53.632225	190.34866	2.8041532	129.73744	49.045864	181.62097	4.2518797	-3.3558667	5.6185107	20.916185	-14.907233	5.538839	3.4857953	20.916185	0.014627625	0.004550132	0.1114113	0.9595476	-0.17943612	42.829502	43.644245	437.48682	0.00021396742	0.43264547	0.8617714	10.274966	1.4823576e-06
10	10999	570.2994227409363	326.27097	9.55022	341.79608	307.52576	133.75	339.35556	0.0	339.35556	339.35556	135.0	147.18893	43.11096	181.67511	-28.319426	1.7498213	-0.22056952	2.4290466	20.1552	-9.96235	-152.14313	0.22113462	0.018734816	0.25544918	0.19122139	-1.8415366	0.86084193	0.669073	6.0418487	2.2351742e-06	127.94817	50.75748	179.22113	3.0441005	138.0363	56.501385	196.77415	3.0441005	123.557724	51.55168	177.33179	4.1843367	-14.4786	7.440519	4.911231	-36.034615	14.673301	7.0487895	36.034615	0.048821665	-0.09947157	0.07268973	0.39016062	-0.29041216	264.99118	210.17012	1298.4935	0.002383555	1.780377	1.3603204	8.546463	0.0002383555
11	11999	664.7492225170135	316.60178	23.455662	344.88098	264.9214	125.0	62.526325	0.0	62.526325	62.526325	38.0	142.47723	43.16425	179.03207	-20.28806	1.4163947	0.007460822	2.47321	20.618732	-13.089363	-146.95981	0.16798706	0.012551558	0.19117065	0.1484516	-1.7648417	0.8873436	0.6778813	6.40493	8.940697e-08	47.95137	38.426193	171.86603	1.8654197	53.483276	42.051426	190.5699	1.8654197	165.9514	22.550724	175.19475	8.30794	112.46812	49.28263	167.63733	-16.671946	114.757614	43.6869	167.63733	0.17049176	4.437324	4.6561303	16.763733	-0.12468063	15077.855	7518.9946	28102.271	0.029067442	646.2599	764.843	2810.2273	0.0006353662
12	12999	759.1583046913147	316.4494	77.20438	360.84805	113.694664	126.125	355.72754	0.0	355.72754	355.72754	134.0	141.6953	43.852802	180.57658	-17.340473	1.5021074	0.23466441	2.5450919	21.85774	-10.895776	-145.8655	0.1329973	0.009204789	0.14842281	0.11738129	-1.5471429	0.9001803	0.6882926	6.8837767	5.364418e-07	135.83037	52.839424	186.8291	3.3268914	141.33797	56.041096	198.05312	3.3268914	123.53183	50.79179	170.74695	3.33495	-17.806145	6.964825	1.9789366	-34.274395	17.83705	6.8852863	34.274395	0.012001258	-0.1288039	0.04963996	0.19789365	-0.24615239	365.56757	220.30003	1174.7341	0.00014403021	2.4158485	1.2905102	7.08306	4.42183e-06
13	13999	853.947747707367	339.24417	102.71333	421.536	78.31133	128.75	417.55093	0.0	417.55093	417.55093	147.0	142.42372	43.821484	179.92714	-25.305948	1.4372255	0.57319015	2.6389914	26.066406	-11.14018	-146.38972	0.10778972	0.0052493094	0.11735697	0.09974971	-0.94729173	0.934342	0.7182426	7.5159106	7.003546e-07	156.05023	56.848137	205.17952	3.6529748	148.5712	57.13928	204.89418	3.6529748	130.64348	48.98782	172.96143	1.0788394	-17.927727	9.886784	12.93171	-33.078735	18.089645	9.587316	33.078735	0.004563996	-0.11835996	0.05271496	0.15622169	-0.4418843	419.1519	323.74915	1094.2029	2.0830059e-05	2.3981814	1.5258375	7.532346	1.4061031e-07
14	14999	944.0687792301178	439.79797	29.507208	493.15668	406.0859	155.5	472.62482	0.0	472.62482	472.62482	166.0	150.57407	47.386105	201.27255	-37.193554	1.4558895	0.99630725	2.714551	24.927698	-10.868525	-154.57355	0.09926199	0.0007456867	0.10042514	0.09817205	-0.00847815	0.97652894	0.747783	7.172127	1.0550022e-05	168.14354	60.289345	222.77753	3.4052317	164.05577	59.160152	222.31364	3.4052317	144.23555	53.620327	196.48343	0.39576995	-19.820225	7.5515637	1.6495755	-41.248283	19.826296	7.535605	41.248283	0.31662124	-0.12911017	0.050537642	0.16495755	-0.5550154	449.86737	283.32852	1701.4209	0.10024901	2.5731072	1.4261447	10.067605	0.010024901
15	15999	1036.9316544532776	478.78247	17.435698	504.75583	456.76343	169.33333	521.2039	0.0	521.2039	521.2039	176.0	158.44159	50.106697	202.63821	-24.911398	1.4474142	0.9260211	2.7662172	25.040565	-11.028007	-162.38869	0.09637463	0.0015720759	0.09974348	0.09405547	-0.1725679	0.94271004	0.7511057	7.235659	2.771616e-06	174.58994	60.61354	229.42265	4.079745	171.21063	59.646763	226.65147	4.079745	152.60039	53.600452	201.23175	7.9403715	-18.610245	7.90319	8.685179	-32.058052	18.795898	7.4508967	32.058052	0.0073116887	-0.09903139	0.07991227	0.86851794	-0.25858867	408.80157	245.54642	1027.7188	5.346079e-05	2.224417	1.1949755	7.543234	4.1462736e-06
16	16999	1131.9172101020813	489.36206	16.866812	510.54346	464.49338	168.0	496.38498	0.0	496.38498	496.38498	169.0	164.32948	52.808983	211.37186	-22.451082	1.3269365	0.97353125	2.8259835	25.260014	-11.800313	-168.24872	0.092682645	0.00082601904	0.09404663	0.091079846	-0.06290763	0.94185215	0.7658811	7.286085	1.1771917e-06	169.81935	58.73209	223.63387	3.914178	168.33371	60.025864	228.49094	3.914178	160.91458	53.476334	209.5474	12.462486	-7.4191294	8.659543	15.799674	-26.506882	9.546915	6.2359905	26.506882	0.005588238	-0.0068053273	0.16472813	1.4216956	-0.121159025	130.03117	144.8503	702.6148	3.1228403e-05	0.9221523	1.7146035	20.212183	1.7970632e-07
17	17999	1226.0169310569763	483.29276	16.83372	504.79352	458.74094	165.66667	495.53717	0.0	495.53717	495.53717	172.0	168.71603	53.984528	214.79562	-18.857178	1.3039936	0.9931256	2.8545904	25.546608	-12.617613	-172.52742	0.09079934	0.00035422467	0.09146576	0.090156235	-0.016402984	0.9354691	0.7720709	7.5339856	4.3213367e-07	168.1899	57.883682	224.79207	3.6741192	163.72078	58.26867	224.07593	3.6741192	163.0065	56.49588	211.51459	4.664646	-0.7142741	7.911326	15.807582	-17.498423	6.649259	4.345874	17.498423	0.019935537	0.0019066203	0.06392382	0.56127733	-0.1703487	63.099274	69.94459	306.19482	0.0003974256	0.37920374	0.39913607	3.1503222	1.9877568e-06
18	18999	1320.281167268753	506.0607	16.028017	538.7342	487.41614	170.0	519.23834	0.0	519.23834	519.23834	173.0	170.1372	54.45623	215.27144	-24.933592	1.2355107	1.0050766	2.8241365	25.913174	-12.091992	-173.81038	0.09031281	0.00053513685	0.091231234	0.08940641	0.012233164	0.94645995	0.7729016	7.255225	5.8971345e-06	168.79929	65.36434	230.82797	1.8513546	166.429	65.47203	230.48773	1.8513546	166.77988	54.031578	213.17194	8.497039	0.35087395	36.099224	194.77592	-22.933527	15.660617	32.527252	194.77592	0.0033378399	0.2746238	1.7927734	19.477592	-0.10410786	1303.2772	5683.816	37937.66	1.1141175e-05	51.643795	335.81152	3793.7659	1.2690597e-07
19	19999	1414.3702681064606	392.2325	183.50014	524.6857	67.1286	135.625	974.4699	0.0	974.4699	974.4699	312.0	171.91435	55.507256	219.0385	-28.009731	1.4053372	0.9902648	2.7933145	26.47952	-10.889783	-175.43207	0.08995082	0.0006642607	0.091211796	0.08894661	-0.023325356	0.93502814	0.7654617	8.004545	3.5762787e-07	222.68224	67.89959	291.1389	4.555003	212.74619	67.875946	283.85437	4.555003	175.85919	40.67145	217.21106	16.096737	-36.88698	32.408337	62.180347	-97.90498	41.76454	25.820004	97.90498	0.14840575	-0.08046819	0.4514341	5.810212	-0.38491523	2410.9495	2337.6494	9585.385	0.022024266	11.792308	20.908865	347.02017	0.0003498466
20	20999	1506.9697265625	590.6249	66.69983	682.7552	510.23196	192.4	708.5367	0.0	708.5367	708.5367	224.0	172.96693	55.590145	220.62198	-22.1502	1.5651841	1.0366877	2.7641213	27.60355	-14.331085	-176.33524	0.09226848	0.0010335852	0.09472451	0.08977444	0.08750969	0.94052863	0.7715557	8.437951	1.7881393e-06	208.6825	66.49438	268.31018	4.6541824	196.01872	64.39743	258.6566	4.6541824	174.86696	50.7895	218.92903	16.676785	-21.151768	15.578355	36.72866	-42.055126	23.804817	11.109143	42.055126	0.10151223	-0.055114597	0.25539958	2.9387307	-0.24170443	690.08246	474.97757	1768.6338	0.010304733	3.7719936	5.170063	86.361374	6.649284e-05
21	21999	1601.6903574466705	781.599	71.42307	853.2411	688.6252	242.25	872.3689	0.0	872.3689	872.3689	279.0	180.36398	59.23964	242.1794	-20.731833	1.6111261	1.0828233	2.7633653	28.7436	-15.755098	-183.851	0.09979035	0.0033890435	0.10692523	0.0947419	0.19013613	0.92750764	0.77173245	9.365869	3.874302e-07	226.61397	71.03312	284.95966	5.1799655	216.54584	68.16978	275.2136	5.1799655	197.33371	57.322025	239.0756	15.030533	-19.21211	15.496299	14.257871	-44.36014	20.96315	13.030231	44.36014	0.008355571	-0.058818765	0.1481782	1.425787	-0.16893849	609.24054	525.89325	1967.822	6.981556e-05	2.6133711	2.253204	20.328686	3.4902243e-07
22	22999	1696.5093948841095	847.6549	63.179955	904.69617	744.90814	266.0	752.3337	0.0	752.3337	752.3337	231.0	191.50829	64.385704	256.14185	-23.399078	1.8850232	1.1054208	2.7953832	28.159666	-10.305436	-195.14912	0.11586887	0.005090804	0.12380785	0.106946744	0.22799508	0.9585707	0.7983658	8.784935	4.7683716e-07	229.46321	72.72103	296.73972	4.9468865	218.47499	70.8837	284.1256	4.9468865	201.35564	62.560425	254.40182	2.0084949	-17.119335	13.821489	37.152237	-58.030483	19.489609	10.210794	58.030483	0.004031578	-0.048487496	0.24798189	3.6741388	-0.697552	484.1052	403.177	3367.537	1.6253622e-05	2.789256	7.3258586	136.50249	6.990747e-08
23	23999	1791.3117344379425	873.3189	35.899467	900.8211	822.61	264.33334	990.42255	0.0	990.42255	990.42255	303.0	197.5701	65.83185	263.60602	-18.700771	2.0361218	1.0411634	2.7971869	27.406181	-17.488514	-201.19089	0.12707725	0.0019328997	0.13115767	0.123814635	0.08487053	0.96171075	0.80139345	8.073448	8.046627e-07	232.77896	70.40816	299.10538	4.993937	224.63136	68.22151	290.7256	4.993937	210.29507	61.94183	264.3896	13.00671	-14.336287	14.840866	29.184704	-46.807804	17.701138	10.604251	46.807804	0.00859928	-0.034332793	0.20407149	2.9184704	-0.27254885	425.7804	443.04358	2190.9705	7.394762e-05	2.3273692	4.6741753	85.17469	2.956521e-07
24	24999	1886.0306942462921	961.5455	136.97249	1125.0455	822.402	292.5	1005.6615	0.0	1005.6615	1005.6615	290.0	202.75475	68.09991	275.0304	-35.35819	1.9405922	1.0293174	2.747085	25.787092	-13.377002	-206.45108	0.13530044	0.0019267075	0.13737716	0.13117145	0.05897843	0.9453354	0.7887793	8.052152	1.4677644e-06	250.24933	73.121796	322.985	4.687077	238.56747	71.57146	304.0578	4.687077	221.37791	61.473557	269.61166	0.91789603	-17.189558	18.025637	38.72067	-56.226894	22.607094	10.455795	56.226894	0.009952712	-0.0327916	0.23246834	2.6494799	-0.5024867	620.4045	493.16617	3161.4634	9.905647e-05	3.176456	4.9713116	70.19743	8.983746e-07
25	25999	1979.7043645381927	1156.0393	84.57782	1240.6172	1071.4615	346.5	1137.4683	0.0	1137.4683	1137.4683	347.0	209.9458	70.337654	282.76022	-18.133371	1.9974309	0.9877146	2.7475786	25.153078	-11.367969	-213.58704	0.13652809	0.00082885014	0.13775396	0.13439503	-0.024479713	0.94419384	0.78484416	8.0451355	9.23872e-07	255.5819	70.001396	312.7815	4.053188	244.60004	67.49661	299.0447	4.053188	233.16971	60.624916	281.60626	4.812279	-11.430344	22.65566	113.301796	-42.25116	20.302906	15.222479	113.301796	0.0052963896	-0.024416396	0.18523495	2.3741155	-0.23189092	643.9318	1508.4872	12837.298	2.8051743e-05	3.648427	12.193345	115.3711	5.30064e-07
26	26999	2074.610862493515	1117.1393	124.81104	1314.4005	979.3134	345.0	3065.2053	0.0	3065.2053	3065.2053	1000.0	213.81187	72.26915	288.4889	-24.289211	1.9600643	1.0239246	2.7449713	25.819035	-12.440167	-217.35881	0.1364454	0.0015991551	0.13949738	0.13413052	0.04761995	0.9420678	0.78455067	8.29504	2.2053719e-06	264.75064	68.2275	321.34656	4.057516	258.16263	68.021416	317.1224	4.057516	249.63422	57.454533	285.3526	-1.5840422	-8.528397	23.38183	80.36261	-52.458794	20.804667	13.660503	80.36261	0.025529623	-0.0060913814	0.18017522	2.8283937	-0.6817499	619.44354	856.39374	6458.149	0.00065176166	2.805763	5.4606013	79.99811	6.3396615e-06
27	27999	2170.568423986435	1529.4457	621.3314	2150.777	908.11426	470.0	947.1346	0.0	947.1346	947.1346	287.0	217.52686	72.9497	291.6886	-32.076653	1.9818723	1.0201421	2.7403483	24.903797	-12.247006	-221.03763	0.14224374	0.0014733219	0.1444013	0.13940619	0.039410666	0.9461764	0.7865502	8.540537	8.940697e-08	244.66368	75.702736	316.10043	3.4120448	234.43811	74.87318	306.54996	3.4120448	237.96672	66.19149	292.80823	2.1485407	3.5286224	30.428352	97.05634	-69.32713	22.33763	20.961065	97.05634	0.0053891283	0.06706756	0.28211126	2.7750728	-0.27782792	938.3359	1667.5623	9419.934	2.9042705e-05	7.1550174	17.96307	125.223206	1.03658685e-07
28	28999	2265.968748807907	1232.7366	337.69687	1570.4335	895.03973	376.0	1093.2163	0.0	1093.2163	1093.2163	332.0	219.40839	73.81866	294.3907	-25.12878	1.9826012	1.0127008	2.7266076	26.847515	-9.691596	-222.9206	0.14578436	0.0016596068	0.1482686	0.14313778	0.02456146	0.9483444	0.79075676	11.081035	3.874302e-07	290.0459	45.777905	328.87387	6.1530523	282.76175	43.711926	319.90088	6.1530523	262.27835	41.11167	291.27222	12.7264595	-20.483377	12.436108	26.32804	-49.82382	21.717657	10.127628	49.82382	0.01733167	-0.071412735	0.05216181	0.6573407	-0.20182805	574.2254	479.18127	2482.4128	0.00030038672	1.9972329	1.5740702	8.838197	1.0790642e-06
29	29999	2361.404396533966	3089.352	0.0	3089.352	3089.352	1000.0	2949.811	0.0	2949.811	2949.811	1000.0	223.17763	72.981964	293.88177	-27.880535	1.9121672	1.0005575	2.7129035	26.934538	-10.951327	-226.54759	0.1465796	0.00055503944	0.14778532	0.14511259	0.0011367552	0.94612265	0.7875614	8.358723	4.172325e-07	317.0014	18.102657	344.0027	248.56773	313.1989	14.561319	332.90503	257.9132	282.37808	10.72992	294.35303	236.10242	-30.820814	7.172202	-18.195713	-68.35829	30.820814	7.172202	68.35829	18.195713	-0.097854435	0.019677028	-0.059914988	-0.21249023	1001.3631	481.87775	4672.856	331.08395	3.1556222	1.4240261	14.525469	1.0901959
30	30999	2455.7943828105927	1026.1422	53.86581	1079.0443	937.46484	298.25	919.4474	0.0	919.4474	919.4474	281.0	225.75992	73.61966	296.3347	-24.048653	1.9466017	0.9671529	2.6928341	25.514977	-12.651444	-229.02444	0.14201258	0.0027311305	0.14713967	0.13893329	-0.063723184	0.92915237	0.78012556	8.89738	1.2526289e-06	248.52367	70.95958	315.80536	3.8790498	242.6685	70.38349	310.52148	3.8790498	253.43173	65.34276	295.56134	-5.732504	10.76324	30.893963	115.71594	-24.491781	23.509642	22.750406	115.71594	0.0031498345	0.054099414	0.24755825	1.2880356	-1.2010046	1070.2843	2074.333	13390.18	9.921457e-06	7.0580096	18.050434	148.70828	3.363867e-08
31	31999	2550.6458263397217	970.2011	0.0	970.2011	970.2011	299.0	3159.8157	0.0	3159.8157	3159.8157	1000.0	227.94682	74.39781	298.2574	-38.935577	1.9640824	0.9979043	2.697683	26.217342	-11.552972	-231.14505	0.13933416	0.0006047307	0.14040326	0.13809657	-0.0040648594	0.9285474	0.78027207	10.181994	8.046627e-07	271.5327	68.21175	330.44373	4.126878	261.84595	69.30956	326.09546	4.126878	263.5102	57.276554	295.38455	-6.0189147	1.664223	30.49641	81.14758	-34.250347	25.24597	17.188414	81.14758	0.049624056	0.022584403	0.19488426	0.77575755	-1.0291736	932.80066	1203.0507	6584.93	0.002462547	4.922514	8.054937	52.605824	8.469806e-06
32	32999	2645.0818948745728	1681.6752	1000.7203	3095.9038	928.4126	529.0	956.8273	0.0	956.8273	956.8273	295.0	231.69774	74.31681	299.39584	-26.496881	1.8446753	0.94539464	2.6603527	27.739334	-11.338612	-234.80469	0.13298944	0.0034095307	0.13926555	0.12795444	-0.10986759	0.91713583	0.7710999	10.425583	1.9669533e-06	244.12083	76.72842	307.01178	4.4765387	238.13539	75.480995	300.75443	4.4765387	250.57683	71.02597	299.31726	-1.89324	12.441423	27.163403	111.79438	-35.522182	20.918306	21.332228	111.79438	0.047159187	0.06316492	0.20318206	1.0745472	-0.75644773	892.6394	1821.5902	12497.984	0.002223989	5.7652645	14.333281	120.12834	3.257607e-05
33	33999	2739.654119491577	3106.881	0.0	3106.881	3106.881	1000.0	863.49866	0.0	863.49866	863.49866	261.0	233.48056	74.40341	302.2308	-21.675047	1.8762888	1.0105361	2.6573975	27.276094	-10.887335	-236.52856	0.12953061	0.00077308295	0.13072322	0.12759995	0.021646423	0.9201769	0.7783557	9.090119	1.5646219e-06	238.11507	73.90889	306.52435	4.5384774	226.8186	71.91024	294.19266	4.5384774	249.76924	72.10432	300.88556	6.227455	22.950632	25.442772	85.1904	-14.581588	26.450619	21.781439	85.1904	0.07298934	0.12102013	0.17104901	0.79425514	-0.2798441	1174.066	1511.3083	7257.404	0.0053274436	6.396082	9.003055	44.828747	8.603335e-05
34	34999	2835.0744144916534	1034.7335	124.693344	1210.8977	939.77527	313.33334	3017.5547	0.0	3017.5547	3017.5547	1000.0	236.34581	74.27849	304.0663	-18.813652	2.051415	0.9843079	2.6671295	26.642523	-11.319271	-239.3425	0.12828442	0.0011386534	0.13014661	0.12642857	-0.03216048	0.91432446	0.7749473	7.9247155	1.6391277e-07	267.0696	72.66006	328.89725	4.164639	263.65503	72.304565	329.16687	4.164639	266.377	59.989887	302.31528	-3.8560083	2.7219822	27.90597	92.29252	-31.06872	21.823282	17.603886	92.29252	0.00085186807	0.03477858	0.17057434	0.96419114	-0.948394	786.15234	1280.8608	8517.909	7.2567923e-07	4.3212976	9.960098	88.98763	2.4987437e-09
35	35999	2927.510913133621	3135.4282	0.0	3135.4282	3135.4282	1000.0	3238.9546	0.0	3238.9546	3238.9546	1000.0	237.40028	73.90516	304.51913	-28.702946	1.9904604	1.000936	2.701431	29.084162	-9.561468	-240.37357	0.12711464	0.00064532564	0.12839521	0.1259444	0.0019940534	0.92328274	0.7837473	9.129786	1.9073486e-06	244.22533	75.55371	311.19287	4.625648	239.9642	75.41083	310.5376	4.625648	257.11652	65.254166	303.43256	-5.533329	17.152325	31.11841	117.67738	-18.761509	24.574415	25.664286	117.67738	0.0021304125	0.104081884	0.24210836	1.3295857	-1.2809153	1262.5576	2418.6873	13847.966	4.538657e-06	8.513346	20.522429	154.5815	1.516886e-08
36	36999	3020.5944123268127	975.574	47.513824	1054.686	930.59674	293.75	3162.5051	0.0	3162.5051	3162.5051	1000.0	239.64218	73.44404	305.69916	-28.46135	2.065351	0.97301453	2.707538	27.73684	-13.898427	-242.45897	0.12498768	0.0019465665	0.12723534	0.12121379	-0.056201905	0.9199744	0.7852363	9.891407	1.6763806e-06	318.7669	31.827808	350.54742	154.13774	313.2904	30.67319	342.5368	152.77608	283.7143	26.808397	303.5192	115.84784	-29.576141	10.767793	8.403555	-59.973778	29.74168	10.301752	59.973778	0.58276194	-0.093450025	0.033008553	0.04707024	-0.25299278	990.6935	664.13007	3596.8538	0.33961144	3.105708	2.0772364	11.979176	0.0012658661
37	37999	3114.2095997333527	3278.6482	0.0	3278.6482	3278.6482	1000.0	1248.2632	0.0	1248.2632	1248.2632	348.0	241.06502	73.14603	307.05927	-27.210232	2.1507704	1.008595	2.6994925	25.61104	-9.912004	-243.86253	0.12278849	0.0006642593	0.123987384	0.12158224	0.018101983	0.9096731	0.78369504	9.5559845	4.7683716e-07	286.66086	69.92997	343.72925	5.482047	276.5196	68.68156	339.2113	5.482047	262.06656	63.51888	306.38794	9.901258	-14.453023	12.011324	33.275394	-36.68648	16.30438	9.344997	36.68648	0.094946526	-0.04403185	0.107716806	1.8183411	-0.27609962	353.16177	330.547	1345.8978	0.009014842	1.3914261	2.3082962	33.063644	3.1130872e-05
38	38999	3208.7107515335083	998.69434	42.191883	1056.762	957.7717	282.0	1059.367	0.0	1059.367	1059.367	301.0	243.62369	73.91214	309.92056	-21.280064	1.9896847	0.98209935	2.713354	26.961323	-12.205048	-246.4347	0.11976166	0.0015005234	0.12332023	0.117771186	-0.037652973	0.9014906	0.78420794	10.069677	1.296401e-06	265.541	75.04822	331.77106	4.8418665	252.117	73.15083	316.5707	4.8418665	248.22285	68.97386	306.2176	13.531708	-3.8941653	10.136756	51.274757	-30.210522	8.301561	7.0001726	51.274757	0.008309351	0.014793195	0.2421204	4.445425	-0.21621792	117.918335	261.29214	2629.1008	6.904532e-05	1.4694456	9.950557	197.61803	2.5163624e-07
39	39999	3302.2615859508514	1120.9178	128.44582	1289.6746	978.32983	317.66666	3216.856	0.0	3216.856	3216.856	1000.0	244.61147	73.50201	310.8473	-25.634584	2.0139766	1.0155311	2.7055616	28.151993	-10.653468	-247.28513	0.121405624	0.0008740279	0.12296984	0.119702876	0.03284017	0.91204566	0.7947908	10.112054	1.7881393e-07	296.56415	65.707245	342.25696	5.55049	284.59555	66.992065	334.20767	5.55049	268.33185	58.012295	310.13657	28.974798	-16.263704	10.779036	42.08855	-31.242994	18.459639	6.3196034	42.08855	0.08455197	-0.021216461	0.277547	4.1466217	-0.123196065	380.69565	226.54787	1771.4459	0.007149035	2.2415183	10.028714	171.94472	4.8499944e-05
40	40999	3396.9922580718994	1785.3512	0.0	1785.3512	1785.3512	519.0	1159.2334	0.0	1159.2334	1159.2334	338.0	245.24136	74.107155	311.87982	-54.579308	2.0173988	0.99835837	2.7025802	29.74086	-10.781229	-247.9346	0.12310989	0.0007351938	0.12462285	0.12179363	-0.0033812341	0.9085246	0.7921829	10.917782	2.35904e-06	260.93137	73.042915	331.2115	5.1079144	253.19261	70.64391	315.59695	5.1079144	250.83286	69.67823	307.33307	-4.3147726	-2.359749	15.973958	42.375244	-50.5585	12.466222	10.262995	50.5585	0.008157218	-0.0066900775	0.097786434	0.7948785	-0.9422687	260.73575	440.36774	2556.1616	6.65402e-05	1.2215471	2.016667	12.617211	2.1947814e-07
41	41999	3493.299025297165	1403.9414	1385.6514	2833.4683	17.75898	419.25	3087.583	0.0	3087.583	3087.583	1000.0	247.90695	73.43319	313.18408	-22.77012	2.09785	1.0202585	2.723574	36.82152	-9.657601	-250.55641	0.12252207	0.0021057667	0.12745902	0.120243974	0.04233827	0.9250727	0.8004588	9.440271	3.874302e-06	314.51566	15.585685	332.33832	249.6413	314.00082	13.26519	327.49542	259.8001	301.04816	13.984763	312.724	245.65125	-12.952671	2.8317802	-4.797295	-20.310017	12.952671	2.8317802	20.310017	4.797295	-0.041406076	0.0097525725	-0.015711142	-0.06906089	175.79068	72.73951	412.49673	23.01404	0.5631764	0.24375015	1.3225133	0.07537098
42	42999	3588.3214826583862	1100.6932	99.84423	1222.872	978.3048	315.33334	1099.0519	0.0	1099.0519	1099.0519	321.0	248.60522	73.49648	314.16513	-29.309265	2.113658	0.98422307	2.7229655	29.907555	-11.910185	-251.16982	0.1254977	0.0006391674	0.12648359	0.12349821	-0.03278582	0.91102433	0.79483217	9.909965	1.1175871e-07	285.59393	68.49044	338.09705	6.405718	277.0663	67.389114	335.28864	6.405718	261.23468	66.63275	312.8937	11.57	-15.8316145	9.24052	11.745935	-49.518692	16.062626	8.832851	49.518692	0.043833517	-0.055700205	0.06571873	1.1745936	-0.18971415	336.0272	339.7149	2452.1008	0.0019213773	1.2964722	1.4293723	13.7967005	6.2767112e-06
43	43999	3684.3551712036133	1241.3334	173.59995	1387.0585	997.361	355.0	3013.9114	0.0	3013.9114	3013.9114	1000.0	248.38002	72.99934	313.76044	-20.445171	2.1363344	0.96370614	2.7325692	32.330845	-10.861696	-250.9369	0.12026585	0.0020360723	0.12346909	0.11633763	-0.07695621	0.89964724	0.7934252	9.733084	1.5795231e-06	306.32666	16.971254	323.6966	233.18547	306.5979	14.933383	322.11746	238.77443	298.80234	13.231311	311.16263	243.06004	-7.7955356	4.7550383	12.82605	-17.939625	8.501824	3.3316267	17.939625	0.005151148	-0.025071694	0.01619099	0.048287187	-0.05877857	83.38077	56.03195	321.8301	2.6534324e-05	0.27210647	0.18580443	1.0137233	8.5634426e-08
44	44999	3779.575347661972	2207.476	0.0	2207.476	2207.476	644.0	3134.3445	0.0	3134.3445	3134.3445	1000.0	248.39722	72.89552	313.86548	-28.606627	2.050737	1.0113268	2.727934	33.151726	-11.085377	-250.94272	0.117702365	0.00075373775	0.11880612	0.11633397	0.02432334	0.89293313	0.78393906	8.646204	1.6391277e-06	318.70648	20.255524	339.16434	249.59662	309.6335	18.48051	330.90244	245.79938	290.10336	18.1754	307.67273	227.20407	-19.53017	4.948059	-4.5574837	-36.39653	19.53017	4.948059	36.39653	4.5574837	-0.06314559	0.016049167	-0.015570476	-0.11213513	405.91083	193.54959	1324.7074	20.770657	1.309632	0.6212794	4.08133	0.07096219
45	45999	3874.30477809906	1474.7842	355.406	1963.9803	1130.2588	419.33334	1370.205	0.0	1370.205	1370.205	388.0	249.76283	72.29458	314.0599	-20.783031	1.9561998	0.9854287	2.7225893	32.34112	-11.005938	-252.22687	0.11794878	0.001066909	0.11942793	0.115665264	-0.031201627	0.88632	0.77589566	10.23398	1.4901161e-07	285.11404	69.3114	346.31598	6.3920774	275.25534	67.58873	335.98563	6.3920774	256.5737	63.814743	309.2124	7.245959	-18.68163	10.061594	25.122246	-45.72297	19.28309	8.854452	45.72297	0.63768446	-0.063356094	0.108526304	2.5122247	-0.3732441	450.2389	406.58298	2090.5898	0.4066415	1.7637275	2.4569	63.112724	0.0027839337
46	46999	3968.8800320625305	1607.6608	0.0	1607.6608	1607.6608	461.0	1197.6897	0.0	1197.6897	1197.6897	351.0	250.79482	72.525055	313.83337	-23.167595	1.7870007	0.9938634	2.7390802	34.472916	-10.249634	-253.25542	0.11464064	0.0006997242	0.11595765	0.113233335	-0.013204307	0.8944892	0.7851262	10.636763	6.109476e-07	294.0469	47.98366	332.7293	71.93303	287.5229	48.580803	329.9824	71.77532	275.9407	39.834103	308.44977	64.21784	-11.582188	11.549974	28.01705	-30.652555	15.032466	6.4477887	30.652555	0.015740803	-0.03387083	0.048699662	0.20975256	-0.13918549	267.54898	188.37119	939.5791	0.00024777287	0.9365197	0.7067107	5.876648	9.27635e-07
47	47999	4064.683315515518	1869.5663	955.7771	3211.803	1060.3712	564.0	3142.0598	0.0	3142.0598	3142.0598	1000.0	252.43832	72.66637	315.2066	-32.688133	1.8834105	0.9944427	2.7545202	32.486465	-12.289061	-254.85144	0.11391037	0.00067618437	0.114877746	0.11219133	-0.011998907	0.894292	0.7836499	11.410648	3.3508986e-06	318.7585	18.913803	340.0216	245.77937	321.2319	15.039996	338.1062	259.86484	300.5522	14.204746	313.43997	243.14363	-20.679747	3.6563284	-7.539426	-36.144234	20.679747	3.6563284	36.144234	7.539426	-0.06433983	0.011032542	-0.02470123	-0.115019694	441.02066	149.72304	1306.4056	56.842945	1.3692482	0.45958543	4.1572986	0.18623309
48	48999	4159.51500082016	3247.426	0.0	3247.426	3247.426	1000.0	1449.704	0.0	1449.704	1449.704	404.0	253.52313	72.19496	315.72214	-25.205153	1.9802624	1.0091418	2.7405512	33.97294	-11.089808	-255.88629	0.11442379	0.00040087063	0.11523801	0.11352823	0.019874733	0.904503	0.7864909	10.392312	6.7055225e-07	266.46844	77.711754	331.88162	4.8458557	257.50864	77.099396	327.112	4.8458557	259.4502	69.00254	311.4953	-1.7144594	1.9415452	24.72512	102.03882	-23.116552	17.85095	17.217573	102.03882	0.07885029	0.027446568	0.19104984	1.3458147	-1.1159707	615.10114	1471.4199	10411.921	0.006217369	4.104092	14.089387	136.42894	3.1739248e-05
49	49999	4254.590682983398	1221.011	113.26102	1369.3153	1094.4521	345.66666	1222.4862	0.0	1222.4862	1222.4862	357.0	254.74141	72.08178	316.00082	-35.836483	1.8627976	1.001139	2.7411094	32.722923	-11.138261	-257.04736	0.11579071	0.0005260348	0.11686847	0.11484919	0.002514947	0.9024405	0.7832845	10.785751	5.364418e-07	290.99347	63.91998	346.3184	6.045823	282.0977	63.83178	339.0261	6.045823	269.8608	57.16979	311.71136	10.260727	-12.2369	12.985016	38.003044	-32.86133	15.804074	8.281521	38.003044	0.08898766	-0.03776257	0.057306014	0.42149037	-0.1374974	318.35236	271.26926	1444.2313	0.007918805	1.1382207	1.1520966	9.391126	5.4679167e-05
50	50999	4349.519749403	2443.2466	0.0	2443.2466	2443.2466	715.0	1139.0656	0.0	1139.0656	1139.0656	328.0	255.74994	72.00588	316.47284	-32.911674	1.7937005	0.9828505	2.7278621	33.492607	-10.715229	-257.98416	0.11374607	0.0010576895	0.11576809	0.1123191	-0.03720169	0.893992	0.7798262	9.868537	2.719462e-06	283.1429	68.01561	344.02798	5.8753085	272.6718	66.306114	329.53082	5.8753085	263.4572	59.785316	310.08008	6.5028305	-9.21458	15.54576	41.5125	-34.34836	15.904606	8.580363	41.5125	0.006911392	-0.02504316	0.0790561	0.94126475	-0.21709976	326.5791	290.94687	1723.2877	4.7767335e-05	1.2909026	1.4650176	11.069238	3.6235977e-07
51	51999	4445.394188642502	1124.0132	21.386099	1153.9756	1105.4626	319.33334	1257.2072	0.0	1257.2072	1257.2072	364.0	255.61127	72.347694	316.74634	-27.645899	1.7927462	1.0087934	2.7585523	33.14794	-9.954692	-257.82245	0.113654494	0.0005358827	0.114569105	0.112318374	0.019219484	0.89407486	0.7843016	8.868192	3.837049e-07	320.86517	37.914177	348.407	92.90819	311.99905	38.64362	344.49426	90.99534	288.35138	35.850952	315.21326	101.281685	-23.647676	5.473031	11.431666	-38.246788	23.801235	4.761073	38.246788	0.49462575	-0.075023554	0.021272162	0.113042526	-0.1450228	589.1667	218.33826	1462.8169	0.24465464	1.8779742	0.7086385	5.546656	0.0020343624
52	52999	4540.0387670993805	1261.3517	75.04263	1361.7888	1181.4451	356.0	1239.7416	0.0	1239.7416	1239.7416	363.0	255.44101	72.459724	317.1985	-33.64357	1.9230403	0.9943973	2.751327	31.181084	-15.854019	-257.59357	0.113570265	0.00070242456	0.11480363	0.11224144	-0.012143312	0.8988483	0.7799807	8.612739	4.5970082e-06	326.43347	19.248062	350.27753	258.21707	316.24786	18.290682	337.05466	246.40578	295.74567	16.594917	314.88824	244.30148	-20.502195	6.037558	3.958083	-41.582138	20.546867	5.8837376	41.582138	0.28376412	-0.06452527	0.018789848	0.015791796	-0.12882675	456.79214	233.63945	1729.0741	0.08052208	1.4344373	0.72705364	5.356892	0.00031071468
53	53999	4635.715674161911	3264.3552	0.0	3264.3552	3264.3552	1000.0	3136.545	0.0	3136.545	3136.545	1000.0	256.5519	71.71876	318.37772	-33.364742	1.9685903	1.0012451	2.7502444	30.369064	-11.539825	-258.73215	0.11320041	0.0003993207	0.114091374	0.11240482	0.002777995	0.90047824	0.77866757	10.025136	3.2782555e-07	317.43192	15.464256	333.9162	250.4022	319.73715	13.61202	332.00555	257.15768	304.80267	13.920915	315.5929	244.52231	-14.93445	2.6120718	-8.331945	-23.220154	14.93445	2.6120718	23.220154	8.331945	-0.046818558	0.008658214	-0.025853246	-0.0766039	229.86075	78.039276	539.17554	69.42131	0.72092324	0.2510456	1.6357796	0.21540783
54	54999	4731.136729955673	1258.9447	92.39503	1349.47	1132.0785	349.33334	3265.0684	0.0	3265.0684	3265.0684	1000.0	257.40564	71.7294	317.38507	-27.957386	1.8477364	0.9667752	2.7446938	34.509277	-10.475463	-259.52667	0.10963903	0.0016106266	0.11319994	0.107270114	-0.07320932	0.8973816	0.7757913	12.501772	5.5879354e-07	325.92792	17.348223	348.24133	254.87334	324.40106	14.77369	341.769	263.62186	304.20767	14.213001	316.5816	244.84302	-20.193407	2.8938894	-12.302158	-27.68502	20.193407	2.8938894	27.68502	12.302158	-0.06227367	0.008546864	-0.03771611	-0.08106103	416.14835	116.74191	766.4603	151.34311	1.2806722	0.3423805	2.2441761	0.46398956
55	55999	4827.0794315338135	3250.1968	0.0	3250.1968	3250.1968	1000.0	3274.6802	0.0	3274.6802	3274.6802	1000.0	258.99518	71.49029	320.2798	-26.783106	1.7811291	0.99233526	2.7493114	31.110285	-11.731814	-261.06506	0.10586929	0.0005723369	0.10740452	0.10501335	-0.017082384	0.8923178	0.77574486	9.350044	4.172325e-07	326.194	17.038097	344.1149	254.1381	324.7167	14.960378	339.6108	260.4753	307.48773	14.75335	319.72717	245.03752	-17.228966	2.2754443	-11.158492	-23.306938	17.228966	2.2754443	23.306938	11.158492	-0.053132266	0.007132467	-0.034183163	-0.07064599	302.01495	76.98341	543.2133	124.51195	0.9303902	0.23353998	1.601643	0.38143253
56	56999	4923.436346292496	1302.7842	96.94371	1405.2435	1172.6642	362.33334	3282.581	0.0	3282.581	3282.581	1000.0	259.7466	71.87631	319.932	-27.593977	1.8926545	0.9978106	2.7461586	30.322853	-11.731501	-261.80798	0.10590552	0.00019142256	0.106308125	0.10545784	-0.004870681	0.89356154	0.7765666	8.967184	4.656613e-07	328.98813	18.007713	344.39905	253.67479	329.7791	15.861305	343.60254	262.99115	308.33868	15.427333	320.2379	245.73146	-21.440405	2.264984	-15.763388	-30.322369	21.440405	2.264984	30.322369	15.763388	-0.06509007	0.0070074867	-0.04974853	-0.089674585	464.82117	96.38312	919.4461	248.48439	1.4095328	0.2901793	2.6957908	0.79005104
57	57999	5018.0813410282135	1176.0496	0.0	1176.0496	1176.0496	329.0	1163.5681	0.0	1163.5681	1163.5681	328.0	260.53015	71.76036	321.6562	-19.710812	1.8929753	1.007743	2.7621565	29.678646	-10.120741	-262.54855	0.10715424	0.0005581071	0.108006045	0.10556697	0.017411415	0.89486563	0.77912754	10.378129	1.847744e-06	291.6441	68.7454	348.44907	5.05547	281.49454	68.86663	340.37097	5.05547	269.04843	61.139812	315.05957	-2.5010448	-12.446092	14.72674	33.413006	-36.431206	17.444408	8.214295	36.431206	0.038309295	-0.03359685	0.07903924	0.5829709	-0.7556515	371.78207	275.8509	1327.2328	0.0014676021	1.3598044	1.1269636	8.55314	5.080333e-06
58	58999	5111.888830661774	2071.4297	804.3074	2875.737	1267.1223	589.5	1942.0248	0.0	1942.0248	1942.0248	546.0	261.16345	72.076385	321.19724	-28.117048	1.8838334	0.99405634	2.7373102	30.000065	-11.808927	-263.10706	0.10616783	0.00037844223	0.10694203	0.10542398	-0.013256323	0.89544415	0.7733836	10.979275	4.172325e-07	317.05225	50.32138	351.49374	6.1856055	307.06583	50.157455	345.17145	6.1856055	285.0879	45.749187	319.3175	17.890354	-21.977936	6.5907373	17.459612	-37.43544	22.323847	5.302213	37.43544	0.75471216	-0.06616258	0.061049063	1.1704749	-0.13818172	526.4676	230.73245	1401.4122	0.56959045	1.7180173	0.8418665	13.700114	0.009228655
59	59999	5207.3333740234375	3232.0815	0.0	3232.0815	3232.0815	1000.0	3175.4756	0.0	3175.4756	3175.4756	1000.0	261.98297	71.941055	321.97385	-21.201157	1.7857612	0.9997973	2.7418928	29.075245	-11.318266	-263.9621	0.10682	0.0008755556	0.108247474	0.10571134	-0.00037435532	0.89879364	0.7756445	8.240062	1.7881393e-07	319.98874	16.840662	336.21445	251.53355	324.17404	14.507468	338.37534	264.94336	308.34033	15.046926	320.0292	245.95001	-15.833711	2.6386764	-9.000846	-23.136988	15.833711	2.6386764	23.136988	9.000846	-0.049012642	0.009049736	-0.027686398	-0.0859833	257.669	81.934425	535.32025	81.01522	0.7987379	0.2685906	1.9893947	0.249201
60	60999	5303.445650339127	2640.9482	583.05786	3224.006	2057.8904	786.5	3183.438	0.0	3183.438	3183.438	1000.0	264.06995	71.46827	322.0576	-21.900753	1.7890593	0.98833245	2.7206373	28.811388	-13.026299	-265.98987	0.104426056	0.0005509785	0.10594953	0.103512876	-0.026260478	0.89403814	0.7734983	7.7740326	4.61936e-06	322.68213	16.779018	341.311	252.78111	324.9205	14.858704	342.27744	260.29657	309.30548	14.6786785	321.21912	246.44096	-15.615039	3.3457823	-6.512984	-23.371025	15.615039	3.3457823	23.371025	6.512984	-0.048100732	0.010335082	-0.021105528	-0.07793336	255.02374	104.6465	546.20483	42.41896	0.78449625	0.31973132	1.6503829	0.13745996
61	61999	5399.116437673569	1941.9216	0.0	1941.9216	1941.9216	541.0	3233.004	0.0	3233.004	3233.004	1000.0	265.2041	71.547516	323.0675	-29.740442	1.7317679	0.97034067	2.6966238	28.324211	-11.72033	-267.1056	0.10181852	0.0014480104	0.10399443	0.09909236	-0.06781641	0.8802557	0.76590395	8.076267	1.1473894e-06	321.005	34.22341	358.19263	118.10088	319.15213	34.754593	343.81	114.12909	299.2634	33.134285	322.19574	107.17296	-19.888716	7.3002725	7.3157783	-46.404045	19.994778	7.00457	46.404045	0.6600859	-0.062077004	0.02331332	0.047030143	-0.14599082	448.85513	359.1129	2153.3352	0.43571344	1.3960315	1.0912374	6.4481854	0.002434394
62	62999	5495.022867441177	2217.6782	1010.9254	3228.6038	1206.7529	659.5	3233.6965	0.0	3233.6965	3233.6965	1000.0	266.69623	71.59893	324.41507	-38.717476	1.6145413	0.983778	2.7106194	28.191328	-12.424543	-268.585	0.09757062	0.0010655716	0.09908338	0.09562894	-0.037663396	0.8804715	0.7647037	9.18079	3.2037497e-07	313.12396	52.05028	348.90176	6.346511	295.96408	53.2011	337.0825	6.346511	282.85938	47.989815	317.18475	17.031454	-13.104698	9.598227	26.27018	-31.696117	15.138627	5.889061	31.696117	0.00061098806	-0.037273966	0.062969185	1.0684943	-0.13623773	263.85907	157.5001	1004.64386	3.733064e-07	0.90129936	0.660827	11.416801	1.2302817e-09
63	63999	5588.706986665726	1765.0914	523.7157	2288.8071	1241.3757	501.0	1484.2609	0.0	1484.2609	1484.2609	407.0	267.70557	71.700935	325.4455	-27.23465	1.6503911	0.9918452	2.7453942	28.98909	-11.742793	-269.6325	0.09595359	0.0009931555	0.09769058	0.09455028	-0.019056495	0.88090175	0.7687958	9.928564	3.2782555e-07	295.86032	70.52209	360.52365	4.1648264	284.88278	69.938286	352.9898	4.1648264	277.954	62.469364	322.14932	2.6809337	-6.928773	21.385534	51.529083	-44.59099	19.517405	11.154366	51.529083	0.06913001	-0.012303018	0.105309054	0.59161615	-0.40567446	505.34897	481.23047	2655.2463	0.0047789584	2.0014052	2.2558668	14.402253	1.5442798e-05
64	64999	5682.326738357544	1838.5889	689.688	2528.2769	1148.9009	519.0	3265.1711	0.0	3265.1711	3265.1711	1000.0	267.55203	71.98324	325.3193	-41.38392	1.7204053	1.0204034	2.7544644	29.407055	-12.56546	-269.40417	0.096629225	0.00083953957	0.098203816	0.0951653	0.04771663	0.8818738	0.77105397	9.649456	1.1324883e-06	340.4039	23.271044	367.26706	259.70844	334.82388	17.530912	356.47104	267.38535	310.04483	15.53722	323.40497	247.94193	-24.779013	5.7784586	-14.436713	-39.194756	24.779013	5.7784586	39.194756	14.436713	-0.07377446	0.015446509	-0.04277972	-0.1107303	647.3901	303.10098	1536.2289	208.41869	1.9150963	0.8427494	4.335826	0.61759853
65	65999	5777.337543964386	1417.7092	31.207642	1448.9169	1386.5016	386.5	1491.9108	0.0	1491.9108	1491.9108	419.0	267.85565	71.48343	326.06662	-20.174667	1.7003295	0.9966937	2.741813	30.288036	-11.267083	-269.66843	0.09834449	0.00053875335	0.09912435	0.097387284	-0.0076307324	0.8816906	0.7701225	9.644576	1.8030405e-06	329.2221	23.544847	355.0414	229.75974	320.8192	23.337729	341.88034	199.1848	303.36047	21.259708	323.6775	202.96786	-17.45873	5.4832106	11.018182	-29.667135	17.55423	5.1693277	29.667135	0.21518666	-0.05399039	0.017103966	0.054529123	-0.09671731	334.87292	160.02544	880.13885	0.0463053	1.0344479	0.488182	2.8693256	0.00015804466
66	66999	5872.260184049606	1592.7372	312.99402	2027.106	1301.7919	442.66666	1501.7859	0.0	1501.7859	1501.7859	405.0	268.51556	71.28347	326.57925	-23.42227	1.6607955	0.9910862	2.742432	29.56937	-12.076517	-270.3259	0.09755502	0.00055541436	0.098531924	0.09652182	-0.020721724	0.88094974	0.7693925	9.466857	2.1606684e-06	302.71985	73.61023	360.12524	5.1644926	287.86044	72.31247	342.66385	5.1644926	268.64914	65.68803	322.17218	-1.2896851	-19.211288	9.791918	15.595716	-35.94512	19.96082	8.156042	35.94512	0.10084875	-0.06454118	0.05750472	0.334377	-0.8938091	464.95526	299.54373	1292.0518	0.01017047	1.5350214	0.9864308	8.466776	6.580951e-05
67	67999	5968.300348997116	1290.4415	9.345337	1299.7869	1281.0962	346.5	1554.4381	0.0	1554.4381	1554.4381	423.0	268.751	71.74212	327.11618	-30.160892	1.6591381	0.9981462	2.752432	30.58282	-10.228392	-270.59314	0.095145725	0.0004597805	0.09651528	0.09447804	-0.0042810747	0.8776557	0.7712893	9.192801	9.23872e-07	315.49875	57.297905	356.8877	4.6477838	300.86972	54.574898	341.8754	4.6477838	286.4053	51.65819	322.78528	3.2328408	-14.464421	9.299376	29.377913	-29.136412	16.185543	5.8074117	29.377913	0.13854016	-0.048848365	0.03521121	0.11480783	-0.24103753	295.69785	169.85211	863.0617	0.019193375	0.97890484	0.5805987	3.7148027	7.165129e-05
68	68999	6063.100468873978	1619.308	442.50317	2244.9607	1294.9734	447.33334	1569.1056	0.0	1569.1056	1569.1056	430.0	269.62448	71.738365	327.45712	-40.461037	1.714845	0.9974236	2.7281673	28.217165	-12.565104	-271.39075	0.09566515	0.0003443971	0.096269354	0.09509845	-0.0059802416	0.86830467	0.7649616	9.85775	6.467104e-06	313.7161	66.71002	366.81918	5.236481	298.46783	63.264473	351.19803	5.236481	287.98972	52.99201	323.93726	7.013874	-10.478119	22.721037	76.17004	-37.56192	21.271729	13.173839	76.17004	0.0029780476	-0.019788345	0.1386081	0.86351293	-0.28987566	626.0365	878.2272	5801.874	8.8687675e-06	2.9959328	7.3945475	62.79081	2.9002457e-08
69	69999	6157.752296924591	1140.8105	164.03177	1304.8423	976.77875	319.0	1255.0839	0.0	1255.0839	1255.0839	343.0	270.03687	72.14121	329.2494	-23.248428	1.8327984	1.000075	2.7320957	32.175003	-11.210175	-271.7769	0.09582668	0.00053134316	0.09679446	0.094648056	0.00023505974	0.86705786	0.7658084	11.884815	5.9604645e-08	296.40564	73.05263	357.2644	4.7255926	282.2615	70.14621	342.29874	4.7255926	271.18802	64.78598	322.3438	5.991647	-11.073488	10.764961	36.36824	-28.351755	14.122536	6.249841	36.36824	0.052919023	-0.02751849	0.12798329	2.4904022	-0.23715132	238.50653	177.74075	1322.6488	0.0028004232	1.1165164	2.8115692	62.02103	1.021618e-05
70	70999	6253.1377375125885	1346.1688	137.24513	1539.9213	1239.3276	373.33334	1270.2484	0.0	1270.2484	1270.2484	345.0	269.85236	72.56856	329.1901	-29.362608	1.9842107	0.97161967	2.7372458	33.384155	-12.292214	-271.6068	0.09373653	0.0016803455	0.09597729	0.090769544	-0.06714575	0.86172616	0.76491433	10.036777	3.4570694e-06	306.27933	74.01377	359.65524	5.281261	292.6447	70.400665	346.3998	5.281261	275.74915	67.31466	323.98376	4.147254	-16.895584	6.6063323	8.181696	-34.257893	16.988918	6.3624725	34.257893	0.06566306	-0.060948152	0.03359621	0.28314215	-0.29398078	329.1044	213.99556	1173.6033	0.0043116375	1.1191578	0.66166717	3.4464958	1.9622905e-05
71	71999	6348.051192522049	1381.8824	264.61127	1592.671	1008.7106	389.0	1227.33	0.0	1227.33	1227.33	331.0	270.08594	72.26502	328.392	-24.552795	1.8920015	1.0015355	2.7523806	31.636171	-11.462833	-271.76596	0.09160801	0.00023246516	0.09202768	0.09119479	0.0037258263	0.86415553	0.7667565	10.768844	2.682209e-06	292.24454	80.13759	356.20398	5.656114	274.94147	75.002716	334.83563	5.656114	262.2038	71.75936	323.48486	7.4018025	-12.73767	7.169738	11.162606	-31.210342	13.135983	6.4108715	31.210342	0.0019567814	-0.043074973	0.055589832	1.0796251	-0.16603228	213.65338	179.73431	974.08545	3.828993e-06	0.77290666	0.68645144	11.655904	2.1310253e-08
72	72999	6442.531911849976	1544.8584	189.36682	1734.2252	1355.4916	420.5	1480.0247	0.0	1480.0247	1480.0247	398.0	269.81436	72.375656	328.0514	-23.378824	1.7774885	0.9999536	2.743997	29.296764	-10.594595	-271.48688	0.09206715	0.00041011852	0.09270816	0.091367505	-6.568527e-05	0.8614274	0.76523435	9.7618065	1.7881393e-07	308.9766	66.28371	361.70502	4.914065	298.36615	64.25729	345.97247	4.914065	288.06998	57.741703	325.46155	1.9798794	-10.29618	16.926226	47.560024	-30.337534	18.144186	7.9559383	47.560024	0.046448935	-0.028481176	0.0893177	0.47681737	-0.38938674	392.50845	339.55316	2261.956	0.0021575037	1.6038564	2.071515	15.673228	9.818644e-06
73	73999	6538.034845352173	1372.0957	148.22447	1575.601	1226.8121	368.33334	1296.0876	0.0	1296.0876	1296.0876	356.0	269.88422	72.486916	328.2807	-28.173466	1.8303882	1.0182446	2.7722151	30.83948	-9.87776	-271.5887	0.093304485	0.001098655	0.09487339	0.09170866	0.043380708	0.8676217	0.7735555	13.105081	1.6987324e-06	317.98056	52.3923	359.84644	47.151417	300.1818	51.206337	342.48602	43.42661	290.40094	49.250267	325.8535	29.365425	-9.780808	11.785752	43.162155	-23.37086	13.734187	6.777924	43.162155	0.0005417793	-0.033847325	0.05271642	0.21483728	-0.33151346	234.56816	197.17053	1862.9716	2.9352486e-07	0.8628321	0.9639876	9.27284	9.334101e-10
74	74999	6631.315504312515	1370.8643	87.18939	1458.0536	1283.6748	368.5	1162.0734	0.0	1162.0734	1162.0734	311.0	270.40726	72.96637	329.0391	-29.512295	1.7623084	0.99331045	2.7589486	28.828346	-10.361821	-272.0484	0.09386287	0.0002535198	0.09457041	0.093256794	-0.015772654	0.86690015	0.76832324	9.730589	1.0728836e-06	294.39133	71.92402	355.58667	5.4953203	280.13168	69.77137	341.25238	5.4953203	270.30106	67.93528	323.89563	5.865709	-9.830657	11.2652025	26.472565	-30.96056	13.090829	7.2233505	30.96056	0.04272679	-0.031920087	0.072373405	1.2088925	-0.21426912	223.54657	194.0477	958.55634	0.0018255785	0.83673495	0.86621654	14.61421	7.41785e-06
75	75999	6725.954515695572	1295.3755	201.89284	1571.7578	1095.1304	353.33334	998.6118	0.0	998.6118	998.6118	291.0	270.77597	72.556244	331.38943	-27.350487	1.911646	0.99071956	2.7889612	27.652151	-11.588497	-272.42587	0.09304385	0.00046878666	0.09393183	0.09218208	-0.02200282	0.86113983	0.7667934	10.26581	1.9010622e-07	294.1071	77.56907	360.62772	5.5896983	282.03015	73.68898	345.53586	5.5896983	268.68716	71.09198	321.91696	2.3130393	-13.342993	11.181051	18.433846	-44.370075	15.2114315	8.465443	44.370075	0.0027945058	-0.052379187	0.05866946	0.0894345	-0.5112448	303.05133	298.47702	1968.7037	7.809263e-06	1.1274675	1.1909465	8.565605	2.8643775e-08
76	76999	6820.260063171387	1314.1187	5.576355	1319.6951	1308.5424	355.5	1221.3348	0.0	1221.3348	1221.3348	321.0	271.1831	73.03237	332.79077	-24.805954	1.8743516	0.995544	2.7649066	29.63577	-12.396788	-272.83096	0.091520675	0.0004996997	0.092426814	0.0908197	-0.010594311	0.86256427	0.7665555	10.374695	1.296401e-06	299.50732	75.91338	379.19278	5.80279	283.5791	71.43583	359.87845	5.80279	273.35352	68.68924	327.02307	8.116018	-10.225554	14.050119	26.912207	-35.367153	14.719239	9.236437	35.367153	0.006536091	-0.03562462	0.061356284	0.6795238	-0.25661486	301.9678	293.5957	1250.8354	4.2720487e-05	1.0254611	0.9108552	4.689889	1.4164458e-07
77	77999	6914.816617488861	1713.6039	789.91125	2828.4521	1094.7411	462.33334	1343.5133	0.0	1343.5133	1343.5133	360.0	272.37094	73.07841	334.5702	-26.63545	1.8058189	0.9909329	2.753249	27.848902	-10.935691	-273.98965	0.09168102	0.00064854906	0.09256941	0.09017864	-0.021711186	0.86338234	0.76708144	8.99986	1.66893e-06	290.218	73.50573	356.42447	4.874059	270.7011	70.5005	341.876	4.874059	272.67767	67.40058	327.16434	2.1214643	1.9765724	15.653936	39.06078	-27.85488	13.398909	8.331975	39.06078	0.01587943	0.011909228	0.08695287	0.565678	-0.4548072	248.95255	267.48236	1525.7445	0.00025215631	1.1288124	1.8051724	18.898304	8.3133546e-07
78	78999	7009.228893041611	1217.4955	25.878706	1251.0782	1188.1061	320.33334	1308.7195	0.0	1308.7195	1308.7195	349.0	272.4962	73.139275	335.70334	-26.493504	1.9300224	1.0192524	2.7616239	26.860287	-13.837006	-274.1249	0.09147647	0.00045117715	0.09276299	0.09014265	0.04612395	0.86541957	0.7686605	9.749525	1.3932586e-06	298.40903	73.820335	366.1632	5.987564	282.54596	70.10085	348.5883	5.987564	270.19394	67.09993	324.06802	9.989451	-12.351992	12.293365	24.156109	-40.215855	15.394155	8.168142	40.215855	0.02981959	-0.03858363	0.07653819	1.6140985	-0.2125291	303.69855	275.91647	1617.3151	0.0008892079	1.0692905	1.2078487	26.05314	1.1195187e-05
79	79999	7103.671556472778	1379.4315	213.69421	1573.3182	1081.7301	369.33334	1338.843	0.0	1338.843	1338.843	349.0	272.96005	73.090355	339.33698	-18.868883	1.9020122	0.99551547	2.7847502	30.225138	-11.486992	-274.5761	0.09241269	0.00038943908	0.09309074	0.09177358	-0.010629534	0.8706213	0.7749755	10.113695	2.9802322e-07	322.01678	74.14217	395.53015	6.28745	305.28812	68.22627	375.29196	6.28745	282.43823	63.42336	333.59204	10.151913	-22.849894	9.808634	6.6848907	-44.806515	22.882835	9.731533	44.806515	0.14214021	-0.0746293	0.03577866	0.3864463	-0.18925059	618.3269	459.00317	2007.6238	0.02020384	1.9386604	1.2882241	5.408664	0.0011360077
80	80999	7198.977059602737	1279.0306	132.00423	1465.3596	1175.926	335.66666	1235.577	0.0	1235.577	1235.577	328.0	273.61865	72.83505	340.73978	-22.281542	1.8443394	1.011193	2.777289	31.647863	-12.0415	-275.23108	0.09302662	0.0006008906	0.0943435	0.091904916	0.026642807	0.8718436	0.77390885	10.623064	3.1292439e-06	298.11392	80.93917	364.9691	5.589616	280.69424	75.579994	342.20053	5.589616	266.54968	73.16529	325.8222	3.3550706	-14.144586	6.8156004	12.08327	-37.587757	14.275442	6.5370817	37.587757	0.013032259	-0.0527856	0.038312048	0.4432694	-0.3671853	246.52171	180.38176	1412.8395	0.00016983978	0.87826574	0.6034683	4.762713	6.0780604e-07
81	81999	7293.652328014374	1164.3866	38.663246	1208.5806	1114.407	312.0	1572.6498	0.0	1572.6498	1572.6498	434.0	274.32108	72.95635	342.52313	-37.337624	1.8778088	0.99825156	2.776244	30.641094	-11.422179	-275.9244	0.094207354	0.00054525345	0.09523328	0.093072586	-0.0040838663	0.8762509	0.774711	10.894179	7.832423e-06	308.5496	72.333595	374.91043	6.46484	293.87277	67.30937	359.7548	6.46484	283.84015	64.56959	341.45062	-0.08636694	-10.032603	14.658585	66.381805	-29.861925	14.393707	10.409055	66.381805	0.0685992	-0.03354041	0.06427612	0.47633728	-0.704484	315.5272	533.3212	4406.544	0.0047058505	1.0869671	2.0765195	18.869259	1.4801897e-05
82	82999	7388.26627779007	1144.257	129.61298	1309.0372	992.3335	310.33334	3422.264	0.0	3422.264	3422.264	1000.0	274.62582	72.706055	343.5198	-26.14777	1.7973716	1.0095868	2.7994142	27.949461	-10.230812	-276.1952	0.09464933	0.00037126523	0.0952566	0.09340615	0.022689786	0.8803156	0.78223515	10.1718645	1.1250377e-06	326.57187	64.75407	374.45023	47.18367	312.05682	62.021645	370.47714	43.48317	293.39008	55.7283	339.43726	36.616257	-18.666746	9.561615	19.90094	-34.739574	19.877653	6.6896048	34.739574	0.08800824	-0.056290492	0.040966913	0.17916045	-0.19581254	439.87198	240.25574	1206.838	0.00774545	1.3839355	0.6696368	3.4702117	2.7749158e-05
83	83999	7482.3891248703	1431.6465	185.99629	1571.4598	1168.7863	373.66666	1299.8068	0.0	1299.8068	1299.8068	355.0	274.75067	72.65117	344.37033	-27.561014	1.9247235	1.0109797	2.7910914	26.907593	-11.934498	-276.2967	0.09586576	0.00063422165	0.096842244	0.09451084	0.025821462	0.8773596	0.778869	15.931192	5.9604645e-08	282.53558	82.331085	367.95425	4.42987	269.56125	78.33091	347.5504	4.42987	271.93423	73.99556	326.82892	6.4024496	2.3729906	24.564476	82.32958	-28.522383	19.870764	14.635481	82.32958	0.02540745	0.024878563	0.13387683	0.8184062	-0.16840038	609.04456	942.2496	6778.16	0.0006455385	2.8460867	5.238888	35.207638	2.151295e-06
84	84999	7577.197550058365	1493.3247	147.10315	1640.4279	1346.2216	396.0	3315.1194	0.0	3315.1194	3315.1194	1000.0	274.9239	72.7646	346.34485	-19.952679	1.873192	1.0185158	2.7701373	28.17144	-15.834956	-276.453	0.09805526	0.0011762406	0.09972721	0.09625478	0.043056734	0.8747318	0.77955264	12.088968	2.0861626e-07	323.23044	67.10468	384.6857	43.644524	306.5281	62.9777	372.7006	44.070633	297.1326	54.020218	342.7632	41.880054	-9.395498	15.587531	44.570385	-32.69858	16.266708	8.163375	44.570385	0.047528137	-0.020323828	0.07384093	0.38046193	-0.17306302	331.2465	280.6323	1986.5192	0.0022589238	1.2473749	1.7684838	14.549027	7.014329e-06
85	85999	7671.7827689647675	1302.8812	237.61226	1562.4171	988.26135	353.66666	1279.0941	0.0	1279.0941	1279.0941	337.0	274.87918	73.046326	345.01483	-29.167873	1.8746997	1.0080086	2.7920609	31.806253	-11.614222	-276.437	0.09986291	0.000489121	0.10078397	0.0991097	0.018491074	0.88393044	0.7837973	10.685709	1.3709068e-06	315.35788	71.02974	372.67047	5.625697	298.38086	64.618355	349.4366	5.625697	283.25323	61.604145	334.71777	-1.0520676	-15.127659	8.9455595	27.780155	-32.61217	16.75462	5.3058276	32.61217	0.44929302	-0.054325152	0.05392796	0.1564811	-0.66777647	308.8691	169.07077	1063.5538	0.20186423	1.1006404	0.67943156	4.540096	0.0007801578
86	86999	7764.774314880371	1419.9877	32.146976	1457.1877	1378.7545	372.0	1226.0535	0.0	1226.0535	1226.0535	327.0	274.55185	73.15038	346.6248	-24.092524	2.0982485	0.9944825	2.7856996	31.64022	-11.016917	-276.02158	0.099121094	0.0007399627	0.10067244	0.09792725	-0.012634731	0.88267654	0.7837984	17.185846	1.7881393e-07	326.14975	59.35466	382.91183	6.142711	307.58066	54.360264	363.13626	6.142711	290.47745	52.131577	339.2663	10.928377	-17.103247	6.92841	4.785666	-36.08528	17.148155	6.8165007	36.08528	0.02013007	-0.054259818	0.03241351	0.47856662	-0.16283505	340.5239	224.94759	1302.1475	0.00040521973	1.0991127	0.7402715	5.028049	1.3425317e-06
87	87999	7858.786741256714	2120.2334	508.24646	2628.48	1611.987	560.5	1573.3845	0.0	1573.3845	1573.3845	408.0	274.80118	72.91601	347.55023	-31.799314	2.137592	0.9997786	2.7603767	30.983679	-11.036322	-276.32074	0.10014934	0.00028984522	0.10069712	0.09947678	-0.0004614439	0.875916	0.7763385	11.181004	1.7434359e-06	298.86002	81.4497	369.52405	5.589844	283.15564	75.270294	353.68164	5.589844	271.95078	73.35598	329.213	1.9315226	-11.204875	8.749135	15.352753	-31.052055	12.040486	7.5579944	31.052055	0.047925174	-0.041821755	0.038644653	0.27588025	-0.4695818	202.09657	212.2197	964.23016	0.0022968224	0.6948766	0.67575264	2.909951	2.1241089e-05
88	88999	7953.777635812759	3330.2424	0.0	3330.2424	3330.2424	1000.0	1817.4728	0.0	1817.4728	1817.4728	482.0	274.93665	72.57612	347.30023	-35.894745	2.0304534	0.9950684	2.7436957	31.34459	-9.604704	-276.41864	0.10068933	0.00070702255	0.101554185	0.09906144	-0.0113184415	0.87694997	0.7737853	13.961176	5.364418e-07	345.68387	29.999338	392.4214	234.02527	334.17166	24.838852	372.12067	223.93098	311.33228	24.525925	340.60208	209.46136	-22.839413	4.5505357	-11.818031	-38.612858	22.839413	4.5505357	38.612858	11.818031	-0.068620265	0.014104054	-0.03471497	-0.118544	542.34607	216.37865	1490.9528	139.66585	1.6255006	0.64484257	4.5773225	0.41026258
89	89999	8048.556411266327	2548.6304	0.0	2548.6304	2548.6304	657.0	3401.8035	0.0	3401.8035	3401.8035	1000.0	275.223	72.4752	347.84998	-27.573238	1.9422021	0.981372	2.7608383	27.700989	-11.797501	-276.69247	0.09706059	0.0009832483	0.09918012	0.095433585	-0.04328623	0.8738045	0.7733547	13.483576	8.225441e-06	358.1014	28.285719	396.60236	264.9339	343.41577	20.637644	373.64905	272.9923	319.72226	18.547657	346.08612	250.13356	-23.693518	5.808376	-0.605467	-40.010136	23.693518	5.808376	40.010136	0.605467	-0.06877735	0.0152317975	-0.0018671602	-0.10802767	595.12	270.96844	1600.8108	0.36659032	1.7148935	0.7218186	4.3222013	0.001130504
90	90999	8145.346347808838	2327.6138	1128.9897	3456.6035	1198.6241	662.0	3266.134	0.0	3266.134	3266.134	1000.0	276.34344	72.17201	349.43524	-27.27187	1.9331427	0.9908026	2.7659853	30.532547	-10.707562	-277.81473	0.095535494	0.00040749332	0.096330516	0.094659545	-0.021539534	0.8808042	0.77569014	8.088611	1.8179417e-06	331.72195	18.785275	352.40717	256.7154	333.99356	16.344425	359.35266	269.57977	318.30637	17.371653	338.44348	250.21423	-15.687195	3.2500072	-6.304262	-23.752815	15.687195	3.2500072	23.752815	6.304262	-0.047230363	0.010957673	-0.018995713	-0.0822391	256.65067	98.55925	564.1963	39.743725	0.77508986	0.31803542	1.8462119	0.119753964
91	91999	8237.499670743942	3148.1118	0.0	3148.1118	3148.1118	860.0	1653.1478	0.0	1653.1478	1653.1478	448.0	277.33997	71.914276	351.6365	-32.47198	1.869057	0.9933851	2.7869406	28.64677	-9.549667	-278.7795	0.09418637	0.00048251107	0.09499895	0.093396574	-0.015569685	0.8889004	0.7797495	8.2433	2.3543835e-06	319.42584	73.3783	392.28027	5.4164023	303.00604	65.95237	369.68246	5.4164023	290.82764	64.55173	347.8201	-0.13509732	-12.178418	9.065847	20.752777	-27.50821	13.543918	6.8604493	27.50821	0.008709617	-0.04464315	0.044398732	0.0749305	-0.55515	230.50346	187.7543	756.7016	7.585743e-05	0.7869761	0.6271831	3.1661947	2.7022313e-07
92	92999	8332.608235120773	1610.879	251.60448	1927.4811	1311.9381	420.33334	1721.4753	0.0	1721.4753	1721.4753	472.0	277.99466	71.85503	354.30844	-26.661894	2.0445247	0.99540794	2.774488	30.812145	-11.329831	-279.43442	0.09446296	0.0004823857	0.0954365	0.09311795	-0.010811358	0.8863976	0.77707857	11.008806	5.9604645e-07	339.83975	20.32965	367.04144	263.0639	339.35297	18.030731	369.40567	272.04773	319.6181	17.5766	341.97412	250.42828	-19.734848	4.3694954	-10.317809	-33.171017	19.734848	4.3694954	33.171017	10.317809	-0.058206547	0.012591543	-0.03069698	-0.09176663	408.55667	180.65112	1100.3164	106.45718	1.2011602	0.50921714	3.0439928	0.31672555
93	93999	8427.762707233429	3435.8557	0.0	3435.8557	3435.8557	1000.0	3311.4565	0.0	3311.4565	3311.4565	1000.0	278.13528	72.26839	353.40982	-20.067255	1.9922624	1.0075562	2.7615983	29.234768	-10.230808	-279.5749	0.09295547	0.00038735292	0.094238356	0.09243321	0.017950138	0.8768125	0.7706786	16.495228	5.4985285e-06	345.51303	22.600382	384.29672	265.30997	340.91885	18.509521	376.60046	273.8253	321.34845	18.276857	348.4759	251.36343	-19.57036	5.3021264	-8.0787525	-30.93001	19.57036	5.3021264	30.93001	8.0787525	-0.05746714	0.015500864	-0.024077455	-0.09511551	411.11157	206.17377	956.66547	65.266235	1.2039812	0.59210885	2.5821512	0.1945158
94	94999	8523.077911138535	1590.303	239.29535	1829.5984	1351.0077	421.0	1984.4061	0.0	1984.4061	1984.4061	514.0	279.31924	71.58813	353.6116	-17.41385	1.8955779	0.9978598	2.764811	29.850151	-11.65358	-280.75598	0.09397819	0.0005164951	0.094900884	0.09324448	-0.0050081145	0.8768135	0.7721539	12.001209	2.4214387e-08	354.67694	30.288713	402.32828	235.54274	340.45746	25.811155	387.5398	217.52101	319.4489	23.827671	353.73608	201.11957	-21.008537	5.9071226	-1.5482594	-39.46291	21.008537	5.9071226	39.46291	1.5482594	-0.061523154	0.015487901	-0.0048921905	-0.10453604	476.25275	274.4342	1557.3213	2.3971071	1.3798172	0.729079	4.096225	0.00757438
95	95999	8618.36248421669	3453.7336	0.0	3453.7336	3453.7336	1000.0	3387.0444	0.0	3387.0444	3387.0444	1000.0	279.82593	71.43349	354.25336	-23.664946	1.9214194	0.99782956	2.803689	27.286	-12.805059	-281.28876	0.09300465	0.0006710788	0.09432458	0.0921721	-0.005083174	0.8727497	0.77430797	10.467592	3.3676624e-06	331.75018	64.13882	384.7944	5.5047503	318.52686	69.281204	381.37158	5.5047503	311.38773	41.850933	346.79498	50.000244	-7.1391125	36.520454	127.991325	-40.81779	30.816362	20.858145	127.991325	0.45617935	0.05832219	0.5746158	9.764961	-0.21667506	1384.7102	2281.599	16381.779	0.2080996	11.088698	54.29613	953.5446	0.0006427514
96	96999	8714.063881635666	1250.7472	260.43115	1581.7245	945.34033	341.33334	1429.7896	0.0	1429.7896	1429.7896	374.0	280.14136	71.31012	355.62424	-27.970366	2.1346607	0.97765386	2.8200223	31.213303	-10.6355915	-281.56744	0.09181976	0.0011845172	0.0936888	0.090236925	-0.053283278	0.87777084	0.7790623	9.401604	1.4789402e-06	329.192	56.62648	384.01605	6.0668664	314.84308	52.889008	361.8417	6.0668664	302.7974	48.402893	341.9975	4.96725	-12.0456705	11.066882	23.917625	-30.63031	14.880345	6.7933335	30.63031	0.09515412	-0.03548599	0.040150937	0.15882184	-0.291405	267.57407	173.69028	938.21594	0.009054308	0.82715863	0.521738	2.8853526	2.7761347e-05
97	97999	8809.797767877579	1531.5889	287.46344	1819.0522	1244.1254	407.5	3332.9304	0.0	3332.9304	3332.9304	1000.0	279.86508	72.13776	358.94	-17.921307	1.947489	1.0024406	2.800327	32.93494	-11.021276	-281.2677	0.08922957	0.00097101025	0.09090132	0.08786712	0.0059451563	0.8757975	0.77677304	9.428748	1.1920929e-06	344.56174	23.738882	387.35135	263.49698	338.27704	19.820848	368.092	268.6671	321.4145	18.813593	350.7307	250.2822	-16.86256	9.64919	35.563457	-29.239489	18.955982	4.2571735	35.563457	0.2451368	-0.049409818	0.030391468	0.13236997	-0.08296548	377.4528	149.5322	1264.7594	0.060092054	1.1239073	0.47776908	4.7075334	0.00017926654
98	98999	8906.430076599121	3470.3281	0.0	3470.3281	3470.3281	1000.0	3265.4038	0.0	3265.4038	3265.4038	1000.0	280.33545	71.944145	358.92346	-30.736887	1.9389937	1.0034863	2.8132772	32.612827	-11.297833	-281.72406	0.09079797	0.00029099348	0.09139528	0.09028853	0.0084040845	0.88355845	0.78129894	9.507905	2.9988587e-06	333.8231	17.621862	358.77417	260.51242	334.82947	16.308496	357.43335	267.024	320.25772	16.758013	338.94916	250.84134	-14.571788	3.734635	-7.225465	-26.477085	14.571788	3.734635	26.477085	7.225465	-0.043661706	0.0114996815	-0.021387685	-0.07529993	226.28448	117.93441	701.036	52.20734	0.6778325	0.35112825	1.9937227	0.15453596
99	99999	9002.76916217804	3460.8232	0.0	3460.8232	3460.8232	1000.0	3372.5525	0.0	3372.5525	3372.5525	1000.0	281.27875	71.41716	360.7182	-24.819439	1.799199	0.9894469	2.7875881	31.432657	-11.231539	-282.60068	0.09047696	0.00059525657	0.09149856	0.089401826	-0.025314027	0.8761314	0.7750226	11.418114	9.834766e-07	350.35397	25.574186	396.44547	262.79352	346.15707	21.44652	393.75616	272.34833	322.9347	18.869425	360.25656	251.56152	-23.222359	6.776653	-12.110514	-41.267773	23.222359	6.776653	41.267773	12.110514	-0.06676252	0.01740434	-0.035805956	-0.110335864	585.2009	343.89825	1703.029	146.66454	1.6649522	0.905713	4.542772	0.43879443
