Epoch	TotalEnvInteracts	Time	AverageEpRet	StdEpRet	MaxEpRet	MinEpRet	EpLen	AverageTestEpRet	StdTestEpRet	MaxTestEpRet	MinTestEpRet	TestEpLen	AverageQ1Vals	StdQ1Vals	MaxQ1Vals	MinQ1Vals	LossQ1	AverageLogPi	StdLogPi	MaxLogPi	MinLogPi	LossPi	AverageAlpha	StdAlpha	MaxAlpha	MinAlpha	LossAlpha	AveragePreTanh	StdPreTanh	MaxPreTanh	MinPreTanh
0	999	1.097167730331421	21.867727	16.199148	88.12324	7.9728937	24.55	9.207225	0.22911604	9.605422	8.813919	38.3	0.0	0.0	0.0	0.0	0.0	0.0	0.0	0.0	0.0	0.0	0.0	0.0	0.0	0.0	0.0	0.0	0.0	0.0	0.0
1	1999	1.5484716892242432	21.89739	19.323784	91.71036	6.8197417	24.390244	9.207225	0.22911604	9.605422	8.813919	38.3	0.0	0.0	0.0	0.0	0.0	0.0	0.0	0.0	0.0	0.0	0.0	0.0	0.0	0.0	0.0	0.0	0.0	0.0	0.0
2	2999	2.0191774368286133	17.015001	11.203094	63.820225	6.1277585	21.404255	9.224884	0.3388997	9.823537	8.630303	38.3	0.0	0.0	0.0	0.0	0.0	0.0	0.0	0.0	0.0	0.0	0.0	0.0	0.0	0.0	0.0	0.0	0.0	0.0	0.0
3	3999	2.5214319229125977	18.893555	13.409136	77.89592	6.398895	21.644444	9.196348	0.17021175	9.584463	9.011229	38.2	0.0	0.0	0.0	0.0	0.0	0.0	0.0	0.0	0.0	0.0	0.0	0.0	0.0	0.0	0.0	0.0	0.0	0.0	0.0
4	4999	3.069607734680176	14.7635565	9.767971	51.274837	5.4382825	20.22449	9.321554	0.15404956	9.58349	9.060116	38.1	0.0	0.0	0.0	0.0	0.0	0.0	0.0	0.0	0.0	0.0	0.0	0.0	0.0	0.0	0.0	0.0	0.0	0.0	0.0
5	5999	109.50400590896606	160.62366	60.86803	223.98141	16.992573	81.083336	188.81528	2.012868	190.87398	185.09695	84.3	96.00652	56.851894	201.26935	-17.634548	5.8834267	-0.7112369	1.8234147	13.864113	-10.29748	-102.68899	0.88393724	0.0617032	0.99970007	0.782191	-0.19003722	0.8297221	0.6056066	4.6388893	1.206994e-06
6	6999	215.6138174533844	185.94507	47.025547	240.52962	85.03525	94.90909	144.1572	1.092079	146.01811	143.11092	74.3	191.81892	54.962215	230.56558	-28.53665	13.87487	-0.35792267	2.2815719	16.902756	-11.624624	-201.90547	0.6884278	0.052341517	0.7820033	0.5996755	-0.5097503	0.85919887	0.65737146	6.9969068	1.3113022e-06
7	7999	327.79020047187805	229.47949	82.41197	359.00272	108.941536	101.4	1060.5284	0.6446463	1061.4845	1059.3419	1000.0	195.61998	56.17362	231.62854	-44.72192	10.613859	-0.178923	2.3490744	18.24274	-10.40641	-204.5898	0.5260056	0.03887325	0.5994935	0.46402997	-0.7506513	0.857282	0.6699224	6.301044	5.9604645e-07
8	8999	434.9987065792084	289.543	113.298485	403.6669	110.318085	140.85715	665.4461	2.9395072	669.2824	658.0425	228.7	173.15828	50.46181	222.33762	-39.003014	6.613525	-0.19653936	2.33937	19.003101	-11.435574	-180.41937	0.4031539	0.033517968	0.46390367	0.34797585	-1.0895888	0.8365086	0.66404414	5.7182493	1.3411045e-06
9	9999	542.044353723526	354.37845	64.16188	412.4872	208.79333	141.42857	374.96448	2.1706257	376.78146	369.77597	131.8	161.4329	46.576412	200.03754	-40.942184	4.195775	-0.02874982	2.4017196	18.61834	-11.962374	-167.54553	0.30544594	0.023582121	0.34788194	0.2671494	-1.2194614	0.86401784	0.67912364	6.2476835	3.4868717e-06
10	10999	649.4049563407898	380.60843	24.65995	411.8769	331.65344	140.28572	369.7415	1.027174	371.89313	368.97662	153.2	161.99693	47.333366	198.76823	-34.713867	2.813929	0.17489518	2.479264	20.220432	-12.488652	-167.58563	0.23682863	0.016568938	0.26708978	0.2099526	-1.1856214	0.8774604	0.6939765	5.4898443	2.9802322e-07
11	11999	757.8878464698792	441.41055	58.41698	514.64624	369.6469	165.16667	524.07825	1.9209749	527.5693	521.2409	182.9	167.53123	50.737537	219.68393	-33.823277	3.4347649	0.52873856	2.6607466	23.825434	-10.129908	-172.93628	0.190548	0.009660732	0.20989987	0.1773408	-0.7733393	0.9164486	0.72766626	5.7281604	2.026558e-06
12	12999	865.9574339389801	528.9055	38.09712	571.2107	457.56998	189.0	476.66522	2.1709764	480.07596	473.80054	179.0	178.89948	57.00287	227.4183	-50.45007	2.9387374	0.84367764	2.728345	23.130596	-12.700114	-184.30663	0.17273392	0.0049180305	0.17750312	0.1623737	-0.27699438	0.9527265	0.76324356	6.221366	4.3660402e-06
13	13999	973.2247123718262	492.81442	149.4564	692.0865	269.03394	178.0	258.98193	0.9917193	260.07315	257.58212	108.6	179.2751	56.69238	227.61568	-42.62943	3.0186422	0.76476216	2.8088133	23.816952	-12.653893	-184.37556	0.14803669	0.007311877	0.1623385	0.13812312	-0.44598302	0.93261606	0.76027423	6.350442	2.3841858e-07
14	14999	1081.3841345310211	653.4179	50.067585	732.75195	599.27875	209.2	568.93994	120.33234	742.2162	424.6187	203.3	179.65169	56.846485	234.16083	-40.820732	2.5252235	0.9162756	2.8509803	24.077816	-11.577129	-184.3169	0.13273771	0.0030806789	0.13810554	0.1275851	-0.1688309	0.941156	0.7809303	6.9420767	5.9604645e-07
15	15999	1190.4708468914032	843.70795	34.742496	890.1749	806.6478	269.66666	815.50946	3.3212361	822.28046	809.1874	251.6	187.92671	58.88593	246.27321	-47.436474	2.3439696	1.0191119	2.8596487	32.312794	-10.98334	-192.59724	0.13081883	0.0018535992	0.13420199	0.1276339	0.03936857	0.9575395	0.7914154	7.171166	3.0994415e-06
16	16999	1298.1988966464996	777.843	58.57956	877.2484	726.73145	240.75	990.54407	3.3254635	994.65015	983.219	308.2	195.70883	61.614338	259.8882	-40.1762	2.255149	1.0409539	2.8447435	28.486433	-10.82977	-200.27953	0.13269497	0.0012975191	0.13634095	0.12978998	0.08265563	0.95216745	0.7948002	8.098282	2.5331974e-07
17	17999	1406.2314193248749	918.9938	122.54144	1114.8276	803.5588	286.5	1564.6925	55.11167	1657.9491	1512.0405	469.5	202.23056	65.19422	271.36584	-35.83913	2.28122	1.0774955	2.7811284	30.356575	-13.446437	-206.897	0.14538565	0.0041105566	0.15111092	0.1363884	0.15048416	0.9526185	0.7900817	8.081324	1.4305115e-06
18	18999	1514.8013939857483	2487.1719	0.0	2487.1719	2487.1719	806.0	767.8973	193.70271	840.95605	186.91788	301.1	206.99338	66.72564	282.84137	-40.108437	3.942183	1.0389966	2.7026358	26.90788	-10.282472	-211.49936	0.15692087	0.0018827062	0.15948328	0.15113188	0.07270528	0.9394605	0.773191	7.374097	6.2584877e-07
19	19999	1627.7479145526886	2251.4524	0.0	2251.4524	2251.4524	782.0	2697.5242	1.5672194	2699.5403	2693.7676	1000.0	211.53606	66.87313	288.86148	-31.135536	4.0921845	1.0552909	2.6810586	23.30901	-11.6274	-215.87921	0.1692633	0.004322286	0.17379183	0.1595051	0.09934261	0.927915	0.7724184	7.62096	5.9604645e-08
20	20999	1734.292079925537	1512.9355	647.8815	2404.985	885.772	474.0	1004.0358	15.161799	1015.91345	964.91315	314.0	214.90799	67.747475	298.10577	-30.911533	3.0865562	0.9786994	2.6785135	25.620014	-11.751299	-219.04225	0.16864014	0.0025753407	0.17319196	0.16538543	-0.037607636	0.9234302	0.7706921	7.0389156	3.5762787e-07
21	21999	1840.38316988945	1782.6952	0.0	1782.6952	1782.6952	572.0	397.40573	0.937609	398.85223	396.50095	163.4	216.59369	67.64632	298.4806	-40.41628	3.4750602	0.97489154	2.685113	25.606518	-12.577713	-220.61778	0.16773643	0.0027939936	0.17120077	0.1616335	-0.045108248	0.9196604	0.76969004	7.6761613	1.8626451e-07
22	22999	1946.9264376163483	3156.9783	0.0	3156.9783	3156.9783	1000.0	174.41527	1.3711956	175.95995	171.9569	84.4	220.60313	68.48929	304.87122	-38.746933	2.7052338	0.9937315	2.6930575	27.13274	-10.454823	-224.5224	0.16048746	0.0016087446	0.16311963	0.15796304	-0.01134905	0.90801334	0.7669658	7.9193554	1.9669533e-06
23	23999	2059.5598697662354	3174.3499	0.0	3174.3499	3174.3499	1000.0	3044.0098	1.5841223	3046.4949	3041.582	1000.0	228.38193	70.033714	310.63928	-30.230171	2.5841055	0.98827153	2.6512306	23.57793	-11.512298	-232.12987	0.16242439	0.0019816884	0.1645307	0.15735503	-0.021466976	0.9130458	0.7686656	7.3397884	5.185604e-06
24	24999	2165.826197385788	1721.7578	0.0	1721.7578	1721.7578	518.0	752.43115	4.146312	758.63696	745.1412	276.5	235.86508	71.69047	316.88406	-60.42018	2.5680575	0.94136995	2.6410773	24.935097	-12.950514	-239.5945	0.15321368	0.003746883	0.15875049	0.14488408	-0.110648856	0.8897299	0.7685156	7.5486813	2.8312206e-07
25	25999	2277.1229877471924	1598.2323	1577.523	3175.7551	20.709398	510.0	3086.5159	0.75889516	3087.4917	3084.9707	1000.0	239.25508	71.57838	317.68488	-26.439415	2.7238126	0.99722743	2.6872635	30.16269	-10.238745	-242.86256	0.14428157	0.000814065	0.14590666	0.14299625	-0.0052950666	0.8882326	0.77269214	8.597822	1.5497208e-06
26	26999	2389.033108472824	3128.0632	0.0	3128.0632	3128.0632	1000.0	2931.4766	0.87172174	2932.8367	2930.079	1000.0	243.11186	71.765686	318.11102	-33.019424	2.106482	0.99287844	2.7009854	30.560112	-12.104805	-246.66313	0.14450702	0.0011073233	0.146297	0.14272192	-0.013762041	0.8910175	0.7729588	8.240093	2.849847e-07
27	27999	2500.338452100754	3113.9216	0.0	3113.9216	3113.9216	1000.0	2429.745	494.56845	2957.0107	1589.7562	849.6	246.58371	71.20714	318.48303	-26.971714	1.9688245	0.9763343	2.6977139	27.993921	-9.896911	-249.98105	0.13965434	0.0017544891	0.1432175	0.137319	-0.046438124	0.88681525	0.7690983	8.821078	6.7055225e-08
28	28999	2606.230340719223	2744.2808	424.44214	3168.723	2319.8386	853.5	440.288	1.5012573	442.19885	437.22656	164.6	249.71513	70.95677	320.52307	-48.76912	2.126819	0.99333864	2.74972	26.96522	-10.975866	-253.02202	0.13638227	0.0008216975	0.13807327	0.13527998	-0.013188976	0.8904412	0.77385736	8.385024	3.2931566e-06
29	29999	2711.9612867832184	3270.538	0.0	3270.538	3270.538	1000.0	362.83322	87.67939	407.4847	187.28398	148.9	252.03506	72.01745	322.83093	-38.47492	2.0160253	0.98437047	2.7105105	28.70285	-12.168502	-255.21227	0.13478483	0.0011588152	0.13669266	0.13281833	-0.031291977	0.88392854	0.77009386	8.85661	4.7683716e-07
30	30999	2821.9535138607025	3182.0188	0.0	3182.0188	3182.0188	1000.0	3173.104	0.5205663	3174.454	3172.592	1000.0	252.45679	72.12193	322.6041	-22.60556	1.7962763	0.9937506	2.7284136	27.068024	-10.88125	-255.54694	0.1326857	0.0011568854	0.13447307	0.13102227	-0.01257057	0.8784928	0.7681614	8.164591	2.9802322e-07
31	31999	2933.9089064598083	3255.6365	0.0	3255.6365	3255.6365	1000.0	3120.1216	5.2259974	3130.8616	3115.725	1000.0	256.3019	71.69045	324.2151	-28.844595	1.774136	0.99313974	2.719249	27.41095	-11.102559	-259.36063	0.1309026	0.0008195698	0.1323403	0.12959354	-0.013893816	0.8838135	0.7683987	8.935758	1.0728836e-06
32	32999	3042.2944526672363	3235.9812	0.0	3235.9812	3235.9812	1000.0	1619.7356	26.379871	1652.3782	1572.5442	478.3	259.3456	71.52973	325.3097	-31.0433	1.8719755	0.9709707	2.7132697	25.268734	-11.468331	-262.34488	0.12641692	0.001787902	0.130416	0.12467361	-0.059751235	0.87524796	0.7608301	8.629671	1.6912818e-06
33	33999	3149.629475593567	3288.6765	0.0	3288.6765	3288.6765	973.0	726.2918	1.3613427	728.08624	723.88306	252.9	263.4984	71.18091	326.98688	-50.50199	1.6139688	0.9580282	2.710641	27.283932	-11.949515	-266.4055	0.12050005	0.002118139	0.12477784	0.11653245	-0.08875192	0.866858	0.7576112	8.80292	1.1175871e-06
34	34999	3256.691247701645	3261.5168	0.0	3261.5168	3261.5168	1000.0	808.2872	128.48123	939.71625	678.6726	283.3	264.50162	71.17999	328.11087	-31.15263	1.5546719	0.981414	2.7171106	26.239624	-12.047277	-267.31766	0.11509169	0.0010483987	0.116653815	0.113154314	-0.04015975	0.86502606	0.7599709	8.799562	1.4901161e-07
35	35999	3366.9547922611237	3213.8247	0.0	3213.8247	3213.8247	1000.0	2747.5415	623.2391	3295.143	1931.2761	836.5	265.6642	71.04055	329.07697	-27.406094	1.5538045	0.97758627	2.7400322	25.3387	-10.719323	-268.47336	0.11112419	0.001223348	0.11343053	0.10929347	-0.04915931	0.8637063	0.7611743	8.449004	7.4505806e-07
36	36999	3478.6717236042023	3277.668	0.0	3277.668	3277.668	1000.0	3331.2336	2.0286343	3335.9204	3328.2485	1000.0	267.98416	70.097984	329.2787	-22.670876	1.4712349	0.9933996	2.732761	25.23501	-10.093649	-270.62357	0.109479524	0.00045091513	0.11004412	0.108088866	-0.014607195	0.8611606	0.7582376	9.7408695	2.0191073e-06
37	37999	3586.210604429245	2095.0122	1207.2902	3302.3022	887.7219	637.0	897.09143	3.651047	904.0283	891.8703	269.8	271.03268	69.57095	332.10886	-19.135622	1.5671034	0.97420096	2.7777138	26.15367	-11.16636	-273.6688	0.10661003	0.0021532672	0.1094772	0.10310101	-0.057837747	0.862145	0.760042	8.291622	3.1590462e-06
38	38999	3696.712383031845	1142.377	187.50955	1329.8865	954.8674	340.5	3257.2644	0.92707896	3258.794	3255.5103	1000.0	270.96454	70.612564	331.75897	-21.093063	1.5858451	1.00048	2.7500985	24.73188	-10.411081	-273.4758	0.10334262	0.00037268753	0.10446312	0.102819055	0.0011414719	0.86070025	0.7583576	8.35557	8.940697e-08
39	39999	3807.2320759296417	3237.3909	0.0	3237.3909	3237.3909	1000.0	3037.9805	7.933855	3054.2458	3028.3345	1000.0	270.41983	70.24147	330.71793	-24.418707	1.4914473	0.9825592	2.759853	25.154274	-12.2974205	-272.89917	0.10448858	0.0013054648	0.10608293	0.10118629	-0.03963773	0.8658008	0.7613799	7.559173	5.9604645e-07
40	40999	3919.0999846458435	3230.3235	0.0	3230.3235	3230.3235	1000.0	3152.8313	2.1578152	3156.021	3149.529	1000.0	273.50415	69.60131	332.14682	-23.168116	1.4643282	0.9408697	2.7890122	25.598665	-11.462627	-275.9382	0.09717093	0.003127346	0.101757795	0.09268659	-0.1379263	0.86033756	0.75672525	9.032867	2.682209e-07
41	41999	4027.152829885483	3213.504	0.0	3213.504	3213.504	1000.0	755.7469	11.307166	771.544	739.21564	231.0	274.442	69.472694	331.9495	-37.763065	1.5405608	0.9889306	2.7982934	25.966812	-10.339982	-276.8822	0.091662474	0.0009262173	0.09353453	0.09053839	-0.026344283	0.8607229	0.7544139	9.434886	2.2649765e-06
42	42999	4136.912370920181	3283.5	0.0	3283.5	3283.5	1000.0	3079.9167	1.1741526	3081.635	3077.7441	1000.0	276.6184	68.56368	332.935	-29.222303	1.4740833	0.9810828	2.808744	25.006151	-10.266108	-278.97357	0.09060925	0.0013564815	0.092445835	0.088224694	-0.045482542	0.8580921	0.7534477	9.530872	1.6391277e-06
43	43999	4242.828674554825	2164.498	1107.2847	3271.7827	1057.2135	659.0	883.4486	6.647542	894.8064	875.5562	268.0	278.8052	67.61797	333.6835	-22.022444	1.3815058	0.97831315	2.8044312	25.884289	-12.462729	-281.0391	0.087395355	0.0011435951	0.08960465	0.08588947	-0.052812245	0.8584555	0.75217825	8.997809	4.4107437e-06
44	44999	4350.157531499863	3229.1377	0.0	3229.1377	3229.1377	1000.0	1091.7377	37.748085	1161.8113	1026.729	327.4	278.7939	68.3101	333.82767	-28.927181	1.3373686	1.0042988	2.7833295	27.4505	-11.333992	-281.01044	0.086473435	0.0002827207	0.087107874	0.08569405	0.010604047	0.8507588	0.75093764	8.513397	1.7881393e-07
45	45999	4460.225606203079	3230.2744	0.0	3230.2744	3230.2744	1000.0	3204.6855	4.9412594	3218.1426	3200.137	1000.0	279.89255	67.02532	333.8899	-31.459389	1.5125872	0.97268903	2.785516	26.172401	-10.952506	-282.13052	0.08599631	0.0014207019	0.08798187	0.08306897	-0.06732526	0.8440024	0.75035626	11.97089	4.7683716e-07
46	46999	4571.109131336212	1427.2382	346.0133	1773.2515	1081.2249	421.0	3309.9578	2.6623702	3314.647	3305.3337	1000.0	280.3564	67.62289	334.27176	-23.28305	1.3312835	1.006541	2.7728684	27.6659	-10.753857	-282.54074	0.08312793	0.0005535468	0.084265776	0.08222546	0.01630513	0.84529823	0.7522437	11.162011	1.3411045e-07
47	47999	4678.617835760117	3294.7354	0.0	3294.7354	3294.7354	1000.0	1735.2688	419.64383	2870.1816	1445.7842	554.2	280.76663	68.26214	335.45605	-33.47722	1.4370368	0.968289	2.7267058	25.868763	-10.443864	-282.88104	0.083643444	0.0017814654	0.08578835	0.07984481	-0.079279795	0.83358437	0.7421814	9.721729	1.0067597e-06
48	48999	4789.110299110413	3324.9397	0.0	3324.9397	3324.9397	1000.0	3326.7175	2.104273	3331.4578	3323.9226	1000.0	281.85315	67.28537	335.7751	-34.096554	1.3203956	0.9812914	2.7643292	26.422672	-12.030884	-283.95538	0.07843124	0.0010293785	0.080380134	0.07704927	-0.047457322	0.83139503	0.7460593	11.207988	1.2516975e-06
49	49999	4899.3321652412415	1858.3292	0.0	1858.3292	1858.3292	544.0	3328.5398	111.399284	3436.623	3079.1997	976.8	282.81528	66.79791	336.39484	-26.067112	1.2914441	1.0028555	2.743496	26.615198	-10.851178	-284.8484	0.078560166	0.0002904399	0.079098284	0.077642895	0.007356083	0.8407976	0.74962544	11.945409	1.1920929e-07
50	50999	5010.592372894287	3319.8413	0.0	3319.8413	3319.8413	1000.0	3297.7039	3.239063	3303.3894	3291.7256	1000.0	282.3301	67.24758	336.0413	-27.097178	1.2466047	1.0027312	2.7455685	25.468578	-11.33412	-284.35657	0.07920039	0.00073813234	0.08024526	0.07795533	0.007038151	0.8396353	0.7500098	13.235873	4.887581e-06
51	51999	5117.949368953705	2206.2441	1086.7318	3292.9758	1119.5122	667.5	704.6642	552.5623	1833.7778	324.92392	261.2	284.04395	66.31632	335.89062	-22.328571	1.2767334	0.97305787	2.7491348	25.517065	-10.484679	-286.03085	0.07667039	0.0013081155	0.07829025	0.07474466	-0.06914793	0.8392212	0.74709105	9.982483	7.227063e-07
52	52999	5225.275650262833	1088.5455	0.0	1088.5455	1088.5455	319.0	1175.592	38.036125	1224.0532	1104.4113	346.8	284.08527	66.43247	336.1142	-28.693048	1.3713425	1.0053139	2.7531414	24.170868	-11.331669	-286.026	0.075396955	0.00022365316	0.07590481	0.074965104	0.013808018	0.84174746	0.7560438	11.547794	1.4901161e-07
53	53999	5330.759441614151	3293.7642	0.0	3293.7642	3293.7642	1000.0	1104.9149	18.531973	1146.0372	1083.3069	323.9	284.12805	66.55193	336.90073	-28.16155	1.3736172	1.0006895	2.7676213	28.38153	-10.411153	-286.05194	0.07639761	0.00051585946	0.07709745	0.07545576	0.0018833409	0.84725136	0.76606095	10.750097	3.3918768e-06
54	54999	5440.5596787929535	3280.248	0.0	3280.248	3280.248	1000.0	3274.4172	0.7722112	3275.6626	3272.9363	1000.0	285.0954	65.70073	337.10455	-23.54339	1.3245581	0.9655582	2.7466667	27.469952	-9.781578	-287.00662	0.07438125	0.001428159	0.076439194	0.07190201	-0.08969655	0.84080565	0.75602895	11.533922	3.5762787e-07
55	55999	5546.260507822037	3300.9773	0.0	3300.9773	3300.9773	1000.0	947.12305	7.2224264	959.932	935.076	281.8	287.4552	65.39773	338.61426	-16.818565	1.2651607	0.991666	2.7852347	28.864645	-11.738113	-289.30075	0.072262846	0.0008840679	0.073327966	0.07064054	-0.021927113	0.844141	0.7595094	9.73931	1.4901161e-08
56	56999	5656.737755775452	1454.669	1353.4663	3308.5955	115.36615	447.0	3130.6458	2.8040154	3135.3513	3125.4705	1000.0	287.9357	65.13228	338.3226	-33.563328	1.6182839	1.0399302	2.7593627	27.153584	-11.767608	-289.76376	0.0723864	0.0015026025	0.07525424	0.07069497	0.10455797	0.837181	0.7572441	10.598048	1.0058284e-07
57	57999	5762.350897312164	3333.2744	0.0	3333.2744	3333.2744	1000.0	469.12857	85.66789	725.36395	432.4969	169.6	287.60788	65.47149	337.26758	-37.193665	1.5040014	1.020916	2.742413	26.41847	-12.027341	-289.40393	0.077025115	0.0007308245	0.078155346	0.075247385	0.053872216	0.8340446	0.75645703	9.012127	1.2889504e-06
58	58999	5869.370494604111	3318.845	0.0	3318.845	3318.845	1000.0	2160.0608	847.3574	3415.7986	1217.8562	627.5	286.7624	65.93464	337.33752	-41.43314	1.2665408	0.9619195	2.7239852	24.543987	-11.078439	-288.5043	0.076448984	0.001652697	0.07893439	0.07333174	-0.09827122	0.83644027	0.75945354	9.699128	1.1920929e-06
59	59999	5979.17575097084	2260.2068	1068.522	3328.7288	1191.6848	677.5	3167.3818	5.147122	3175.1277	3156.4377	1000.0	287.9078	65.54906	337.77942	-19.436838	1.3467526	0.9514837	2.7470353	27.772818	-11.388857	-289.631	0.07123491	0.0015991286	0.07441735	0.06868121	-0.12814683	0.8269939	0.7550547	16.290512	3.2987446e-06
60	60999	6090.242043495178	1188.6704	0.0	1188.6704	1188.6704	346.0	3288.4517	1.3934991	3290.1711	3286.0012	1000.0	288.50418	65.88616	338.3068	-23.790197	1.3049558	0.9925009	2.7675488	29.684093	-11.204405	-290.2287	0.06913193	0.000711974	0.07030357	0.0677664	-0.020035686	0.8338833	0.7616078	11.556412	8.1956387e-07
61	61999	6200.340598583221	3305.9155	0.0	3305.9155	3305.9155	1000.0	3330.645	2.2348182	3332.966	3325.1064	1000.0	290.66275	66.388504	339.46338	-26.117426	1.23125	0.9799306	2.7717853	26.540413	-11.942474	-292.39136	0.066996075	0.0008124548	0.068233885	0.06559228	-0.054203678	0.82651645	0.7546945	9.55014	7.8976154e-07
62	62999	6310.654933929443	3301.5588	0.0	3301.5588	3301.5588	1000.0	3304.233	2.5775483	3309.318	3298.7205	1000.0	290.98096	65.643814	340.3424	-32.83547	1.1892408	1.0038339	2.7643113	27.562855	-12.613449	-292.62762	0.06562239	0.00046700085	0.0664892	0.064653285	0.010481063	0.82196975	0.75235105	10.331351	4.7311187e-07
63	63999	6420.588992357254	3312.0781	0.0	3312.0781	3312.0781	1000.0	3298.3608	4.0494704	3303.8293	3289.4163	1000.0	291.6383	64.84322	340.6376	-33.679184	1.2123723	1.0037992	2.7722926	30.703419	-11.504348	-293.28412	0.06730612	0.00039045155	0.068185486	0.06635494	0.01038684	0.82900316	0.75300676	12.232103	4.1164458e-07
64	64999	6531.312803983688	3298.5945	0.0	3298.5945	3298.5945	1000.0	3278.4414	10.685938	3299.672	3261.0435	1000.0	292.09607	64.90926	341.73315	-21.28598	1.2959622	0.944968	2.7854133	27.195572	-10.752681	-293.7111	0.0642992	0.002059002	0.06740439	0.061142445	-0.15119396	0.8117188	0.74203455	9.15766	5.3346157e-06
65	65999	6639.224828243256	3289.309	0.0	3289.309	3289.309	1000.0	3316.6633	6.8472934	3327.016	3305.9097	1000.0	293.64838	63.504776	341.60455	-33.093544	1.2606609	0.97403914	2.836302	27.956596	-13.620111	-295.25745	0.06021594	0.0008268375	0.061761543	0.058878604	-0.07291795	0.81344545	0.7506583	11.202753	1.9744039e-07
66	66999	6747.596399068832	3367.6206	0.0	3367.6206	3367.6206	1000.0	3311.8774	2.064253	3314.7712	3309.1045	1000.0	294.28964	63.585873	343.61047	-30.441673	1.2771511	0.986445	2.818384	27.977152	-12.119877	-295.88147	0.058805034	0.0006203135	0.05954247	0.057615723	-0.03843731	0.8151599	0.747703	11.735355	6.2584877e-07
67	67999	6857.262995958328	3325.9204	0.0	3325.9204	3325.9204	1000.0	3327.4204	2.4539056	3330.7583	3322.8777	1000.0	295.82138	63.248257	342.93204	-29.534615	1.1863502	0.9856576	2.8357942	28.328274	-11.209247	-297.41318	0.057579026	0.00049123913	0.05834361	0.05636306	-0.040977973	0.8092422	0.7445892	9.7502985	1.5646219e-07
68	68999	6967.88791513443	3350.9253	0.0	3350.9253	3350.9253	1000.0	3279.5754	5.289097	3288.6316	3269.7732	1000.0	297.5987	63.37794	344.93738	-43.801247	1.2083716	0.9983618	2.8397713	28.037842	-13.539293	-299.17194	0.057022255	0.00027831172	0.05750917	0.056326	-0.004640804	0.81696135	0.7495431	10.411283	8.34465e-07
69	69999	7074.049987316132	2493.8008	854.1234	3347.924	1639.6772	735.5	1011.91113	15.244549	1047.275	992.8106	304.1	298.61322	62.725784	344.87854	-36.07647	1.1263647	1.0062745	2.8484375	29.836468	-11.643766	-300.1499	0.05666727	0.0004449039	0.05730966	0.055757474	0.018118305	0.82067055	0.75074893	10.09703	2.2053719e-06
70	70999	7183.426424741745	3328.6895	0.0	3328.6895	3328.6895	1000.0	2354.8135	1037.1808	3397.8533	1256.1448	694.3	297.71365	62.870846	344.78903	-24.111687	1.2182972	0.9931202	2.8172517	26.896156	-12.268459	-299.24207	0.05726293	0.0005506012	0.05804423	0.056260407	-0.019671144	0.8161446	0.75291485	12.416918	6.854534e-07
71	71999	7291.605910539627	3336.6216	0.0	3336.6216	3336.6216	1000.0	3297.1685	1.6759951	3299.5278	3293.77	1000.0	298.5817	61.874336	345.4335	-35.968716	1.1832641	1.0362803	2.8477716	30.913292	-10.228193	-300.05896	0.057565253	0.00091270334	0.059581168	0.05624288	0.10350526	0.81985694	0.75737375	15.292025	2.6971102e-06
72	72999	7400.277772426605	3355.4968	0.0	3355.4968	3355.4968	1000.0	3328.5508	3.284995	3333.9382	3322.1392	1000.0	299.15262	62.39788	346.3984	-30.50372	1.3596201	0.9822829	2.7893553	29.70491	-14.258365	-300.62006	0.05886024	0.000749835	0.060020227	0.057582542	-0.050190978	0.8187976	0.75172573	14.369017	7.4505806e-07
73	73999	7519.307724475861	3376.2832	0.0	3376.2832	3376.2832	1000.0	3369.1763	1.5899224	3373.2039	3367.202	1000.0	299.87488	62.0253	345.5365	-19.56725	1.1357377	0.97313	2.7810993	30.007025	-10.352075	-301.3305	0.05659111	0.0011049788	0.05844455	0.054978564	-0.07701683	0.8111701	0.7399333	11.365118	9.685755e-07
74	74999	7634.204237699509	3413.5183	0.0	3413.5183	3413.5183	1000.0	1031.265	28.211792	1071.3534	979.0409	302.7	300.693	61.844048	347.35385	-20.469406	1.1528593	0.9839082	2.8090708	29.252705	-12.967554	-302.11008	0.055283554	0.00067930523	0.056490988	0.05397701	-0.04661951	0.81019115	0.7426243	11.790224	3.2484531e-06
75	75999	7754.169458866119	3360.4824	0.0	3360.4824	3360.4824	1000.0	3413.618	3.7700396	3420.7957	3407.003	1000.0	300.8784	61.85122	346.23718	-26.801683	1.2553952	1.0069522	2.8607128	29.879099	-12.674545	-302.34958	0.054657806	0.0004148119	0.05555383	0.05398642	0.02031373	0.807991	0.74494076	11.938105	1.9669533e-06
76	76999	7873.162126302719	3359.3223	0.0	3359.3223	3359.3223	1000.0	3352.4224	1.3684564	3355.5413	3350.595	1000.0	301.29916	61.87695	346.77264	-28.045591	1.1486586	1.0055104	2.84283	28.872524	-13.027044	-302.71933	0.055752028	0.00025703953	0.0561443	0.054723866	0.016078338	0.81496125	0.7523398	11.694097	5.029142e-07
77	77999	7993.041052818298	3374.5354	0.0	3374.5354	3374.5354	1000.0	3431.7637	5.5799994	3436.619	3417.575	1000.0	302.2047	60.964897	347.45068	-30.452805	1.1528591	0.9980325	2.8310397	28.242811	-9.982971	-303.60495	0.054741997	0.0004144846	0.055469684	0.054137234	-0.0056346264	0.81411636	0.75555456	11.476662	9.536743e-07
78	78999	8107.642301559448	3370.879	0.0	3370.879	3370.879	1000.0	960.07385	11.356067	981.08264	946.25085	286.4	303.13916	60.2274	346.62234	-28.388464	1.1024075	0.98650944	2.8169534	27.999004	-11.426754	-304.54495	0.055008445	0.00066232483	0.05577601	0.053657863	-0.039208993	0.8109902	0.7523909	14.346104	8.940697e-07
79	79999	8227.431205511093	3379.085	0.0	3379.085	3379.085	1000.0	3345.9329	3.1141024	3350.966	3340.2832	1000.0	305.6311	60.474712	348.0586	-35.92575	1.1973794	1.0019323	2.8333576	29.506584	-11.551061	-307.04514	0.05450399	0.00025368363	0.0551323	0.053803362	0.005731447	0.81009686	0.7492465	12.853815	2.95043e-06
80	80999	8346.336899757385	3379.6365	0.0	3379.6365	3379.6365	1000.0	3339.3743	2.711617	3343.1794	3334.2969	1000.0	305.52863	60.437984	348.78598	-31.961493	1.2168846	0.97293365	2.8258736	29.387333	-10.631375	-306.91373	0.052992944	0.0007695003	0.054161586	0.05164093	-0.07949384	0.8033186	0.7430254	12.012367	3.3527613e-07
81	81999	8463.136514902115	3409.4834	0.0	3409.4834	3409.4834	1000.0	3369.3735	2.7017426	3374.4155	3364.6914	1000.0	306.40396	59.863625	348.86777	-22.530842	1.2192112	0.99519056	2.8446581	28.388563	-10.412695	-307.7984	0.05182111	0.00042030466	0.052663513	0.051275488	-0.014167661	0.803125	0.7423046	15.974116	1.8328428e-06
82	82999	8578.666532993317	3421.7202	0.0	3421.7202	3421.7202	1000.0	2963.4749	503.89096	3424.8118	1831.0774	860.4	307.4327	59.611347	349.05234	-35.092926	1.1065168	1.0302598	2.8374646	27.52798	-11.810548	-308.8525	0.05273481	0.0005548662	0.053729475	0.051400006	0.089212716	0.8115952	0.74640095	13.885106	8.046627e-07
83	83999	8694.725070476532	2217.467	1196.5116	3413.9788	1020.9555	650.5	3386.5806	4.037574	3394.3108	3382.1387	1000.0	307.65775	58.89899	350.47357	-21.18041	1.1161702	0.993091	2.7638326	27.086334	-9.856274	-309.0207	0.05415561	0.00061441027	0.0550975	0.05301633	-0.020134402	0.7984666	0.7370546	11.859621	8.940697e-08
84	84999	8807.579212665558	3367.0198	0.0	3367.0198	3367.0198	1000.0	2330.9094	496.08978	3415.0256	1666.191	670.2	307.88284	60.03744	350.78177	-33.439713	1.2618355	1.0021224	2.7925012	27.831594	-11.266176	-309.17883	0.054306418	0.00034715168	0.0546944	0.053094607	0.0063375663	0.8021848	0.7413898	11.110313	4.61936e-07
85	85999	8922.948462247849	3389.4043	0.0	3389.4043	3389.4043	1000.0	3330.737	2.1939876	3333.8184	3327.0955	1000.0	307.51843	59.614723	350.73093	-21.756065	1.1461316	0.9792666	2.8017378	26.947273	-9.6189	-308.86255	0.053200398	0.0006633817	0.05400247	0.051699165	-0.0610309	0.79603726	0.73778605	12.031907	1.66893e-06
86	86999	9034.26357293129	3426.632	0.0	3426.632	3426.632	1000.0	896.88525	10.585836	913.8502	880.64905	261.7	308.14108	59.2834	350.78244	-22.095104	1.0530137	1.012173	2.7908843	27.185532	-9.888247	-309.45325	0.052785285	0.00039541014	0.053300038	0.051670797	0.036038395	0.7976791	0.7328649	10.038242	4.4703484e-08
87	87999	9150.31344294548	3419.9424	0.0	3419.9424	3419.9424	1000.0	3413.114	5.432607	3424.3296	3406.8228	1000.0	309.50568	58.84705	351.49786	-25.135622	1.0747442	0.9869917	2.7758534	27.132946	-11.559722	-310.80112	0.052042652	0.00055170397	0.053222235	0.05113468	-0.038337823	0.7979859	0.7294906	12.1795025	6.7055225e-08
88	88999	9267.09471654892	3389.7158	0.0	3389.7158	3389.7158	1000.0	3382.2085	3.1336539	3386.4326	3377.2668	1000.0	309.73676	59.01682	352.56442	-27.61779	1.1585444	1.0155457	2.8251529	29.267214	-11.810618	-311.0335	0.052723456	0.0002561576	0.053135157	0.051536605	0.046024185	0.8012755	0.740627	12.474981	5.993061e-07
89	89999	9378.709507226944	3406.5105	0.0	3406.5105	3406.5105	1000.0	1145.598	550.7782	2701.152	752.6898	374.8	309.5317	58.12232	351.85394	-45.64742	1.1627258	0.980224	2.7788436	29.563652	-13.879946	-310.79126	0.05242411	0.0005417846	0.053308234	0.05114196	-0.058387652	0.80526197	0.7364317	12.559948	6.2584877e-07
90	90999	9491.030442237854	1151.2228	0.0	1151.2228	1151.2228	327.0	828.4207	492.98508	2307.213	656.26764	264.6	309.643	58.92954	351.70023	-24.715591	1.1321601	0.9960852	2.8047397	27.68298	-11.271517	-310.93625	0.050628893	0.0006994404	0.05182979	0.049720783	-0.011555941	0.8059091	0.73825544	11.338196	1.1026859e-06
91	91999	9607.149856567383	2155.4958	1248.7563	3404.2522	906.73944	633.0	3374.5059	2.9390042	3379.6924	3368.8665	1000.0	310.819	58.76329	353.43356	-18.271816	1.241938	1.0129293	2.8241441	28.865057	-10.144764	-312.08826	0.051501594	0.00029165187	0.05210939	0.050768666	0.038478382	0.8022449	0.74426067	15.819571	8.940697e-07
92	92999	9721.351600170135	3387.212	0.0	3387.212	3387.212	1000.0	3331.0464	2.3711562	3335.2478	3327.1365	1000.0	309.76263	58.104443	352.57977	-33.298424	1.1378056	0.978994	2.8105674	29.706192	-11.781126	-310.98157	0.051421583	0.00073914015	0.05268378	0.050151467	-0.062397204	0.79818696	0.7402646	15.053721	2.9802322e-07
93	93999	9836.487283945084	3371.899	0.0	3371.899	3371.899	1000.0	3385.121	1.3609554	3387.6768	3382.7468	1000.0	309.79874	58.27477	351.39285	-29.323257	1.1961672	1.004359	2.8598335	35.356667	-10.936169	-311.00394	0.05109261	0.00048809758	0.051918577	0.050194867	0.013108444	0.8035706	0.75334024	16.224073	3.926456e-06
94	94999	9950.034608364105	3407.303	0.0	3407.303	3407.303	1000.0	3387.4395	1.8710587	3390.5315	3384.4963	1000.0	309.35693	56.91701	351.36133	-26.287579	1.1300997	0.9750145	2.8117492	35.442043	-13.576905	-310.5541	0.05078773	0.0008907473	0.052084673	0.048680585	-0.07491	0.7933335	0.74267614	16.789524	1.1175871e-07
95	95999	10064.576272726059	3381.621	0.0	3381.621	3381.621	1000.0	3376.2246	9.412403	3392.8972	3366.8948	1000.0	311.01324	56.256027	351.1994	-29.374098	1.0474733	0.9949444	2.8071063	37.42872	-10.015816	-312.1991	0.049122352	0.0005044337	0.049951255	0.048256353	-0.015219952	0.79211366	0.7402553	20.37585	5.3457916e-07
96	96999	10178.896317958832	3390.6848	0.0	3390.6848	3390.6848	1000.0	2810.3696	102.481316	2934.104	2538.5354	1000.0	311.58536	56.681812	352.01575	-32.486786	1.1399353	1.0132401	2.8569727	31.710354	-11.219858	-312.76932	0.048895456	0.00045938275	0.049675766	0.048273474	0.040056154	0.8034644	0.7523131	23.068066	8.046627e-07
97	97999	10290.662227869034	2436.9167	1040.733	3477.6497	1396.1837	697.0	573.1159	738.971	2474.5835	154.53749	314.8	311.94788	56.657555	351.5847	-36.98285	1.0822829	0.99458885	2.8293498	35.93514	-12.034365	-313.1259	0.049091365	0.00051930355	0.05004557	0.048284512	-0.016204117	0.8005327	0.752386	26.257133	2.2351742e-07
98	98999	10405.734484910965	3400.152	0.0	3400.152	3400.152	1000.0	3398.3347	3.4067662	3402.9392	3393.711	1000.0	310.69263	56.937393	350.48712	-23.819223	1.1582148	1.0552503	2.8185694	34.80211	-11.12011	-311.8545	0.052330833	0.0011384296	0.053378347	0.048883885	0.1647209	0.81874335	0.7541638	13.498449	2.2687018e-06
99	99999	10520.107365846634	3377.727	0.0	3377.727	3377.727	1000.0	3278.903	2.2671402	3283.9177	3276.8403	1000.0	311.3156	57.39306	350.15213	-20.614742	1.0587403	0.98017883	2.7875152	35.413223	-11.511005	-312.4957	0.052625526	0.00088069943	0.05380688	0.051021256	-0.058456488	0.8112755	0.7451135	17.97298	4.7683716e-07
