Epoch	TotalEnvInteracts	Time	AverageEpRet	StdEpRet	MaxEpRet	MinEpRet	EpLen	AverageTestEpRet	StdTestEpRet	MaxTestEpRet	MinTestEpRet	TestEpLen	AverageQ1Vals	StdQ1Vals	MaxQ1Vals	MinQ1Vals	LossQ1	AverageLogPi	StdLogPi	MaxLogPi	MinLogPi	LossPi	AverageAlpha	StdAlpha	MaxAlpha	MinAlpha	LossAlpha	AveragePreTanh	StdPreTanh	MaxPreTanh	MinPreTanh
0	999	1.3269593715667725	18.500225	16.669497	111.7164	6.185877	21.911112	60.742584	0.8712576	62.711597	59.419106	53.6	0.0	0.0	0.0	0.0	0.0	0.0	0.0	0.0	0.0	0.0	0.0	0.0	0.0	0.0	0.0	0.0	0.0	0.0	0.0
1	1999	2.480607748031616	17.70907	14.165849	67.205025	3.9594252	21.891304	60.742584	0.8712576	62.711597	59.419106	53.6	0.0	0.0	0.0	0.0	0.0	0.0	0.0	0.0	0.0	0.0	0.0	0.0	0.0	0.0	0.0	0.0	0.0	0.0	0.0
2	2999	4.304222345352173	17.825142	22.95943	140.58832	5.134584	20.375	60.72522	0.67172784	61.81471	59.33523	53.7	0.0	0.0	0.0	0.0	0.0	0.0	0.0	0.0	0.0	0.0	0.0	0.0	0.0	0.0	0.0	0.0	0.0	0.0	0.0
3	3999	6.7109174728393555	15.418226	9.422609	55.177822	5.3764033	20.67347	60.627136	0.72425467	62.010853	59.745815	53.6	0.0	0.0	0.0	0.0	0.0	0.0	0.0	0.0	0.0	0.0	0.0	0.0	0.0	0.0	0.0	0.0	0.0	0.0	0.0
4	4999	9.663943529129028	19.112518	15.365239	93.06457	6.7504177	22.533333	60.7536	0.50940776	61.215862	59.76718	53.8	0.0	0.0	0.0	0.0	0.0	0.0	0.0	0.0	0.0	0.0	0.0	0.0	0.0	0.0	0.0	0.0	0.0	0.0	0.0
5	5999	124.93274664878845	168.611	135.77371	405.40738	8.223521	94.888885	329.98337	1.8360714	332.31915	327.73325	171.4	90.01309	52.60538	179.6213	-30.503029	6.2753787	-0.7511726	1.8762614	11.252401	-9.565437	-96.41406	0.88299423	0.06267121	0.99970007	0.7790609	-0.19849391	0.847781	0.6188581	4.756722	1.5199184e-06
6	6999	241.3661346435547	295.45267	61.142006	375.22983	176.57	142.5	297.40085	1.9372358	301.31247	294.67603	122.2	185.12216	53.077244	244.43134	-35.532097	10.683372	-0.3487502	2.3836465	15.853325	-10.589042	-194.91618	0.68681264	0.05218468	0.77888376	0.6011386	-0.50724185	0.8998415	0.6739888	5.136432	1.3113022e-06
7	7999	357.5210373401642	228.69035	96.30202	353.4379	52.326023	98.8	122.390724	51.452023	202.03369	86.220505	62.2	210.99844	61.67944	260.75726	-26.228903	10.816539	-0.16409233	2.4692838	25.618023	-11.432738	-220.74342	0.530296	0.040410567	0.60098326	0.46422893	-0.7396996	0.91505504	0.69567364	7.8028164	6.556511e-07
8	8999	476.67195439338684	236.98026	113.75837	372.2928	58.93234	115.625	369.4472	0.73411894	370.2071	367.36273	205.9	198.1185	66.46286	261.09225	-34.1501	9.165002	0.059949804	2.4932332	21.261608	-10.515679	-206.72823	0.4145882	0.029111108	0.46413943	0.36371577	-0.83288264	0.9197958	0.7029151	6.5100846	1.7434359e-06
9	9999	594.5977909564972	386.78027	103.89607	537.41815	211.34525	215.2	392.2843	0.79039466	393.236	390.06918	198.9	170.07213	57.089813	226.79628	-46.522484	4.281102	-0.027000412	2.4429865	23.311935	-10.434511	-176.82047	0.3161322	0.025999935	0.36361575	0.27316242	-1.1847497	0.8912752	0.6820085	6.6992917	9.119511e-06
10	10999	713.984992980957	266.5865	63.022137	358.03998	131.93626	125.0	344.00668	1.2389843	346.10956	342.20407	134.5	150.38644	46.547806	197.72195	-45.991028	3.0357149	-0.02766586	2.4850626	22.534933	-9.494833	-155.66685	0.23514022	0.02022554	0.27307823	0.20519333	-1.4805664	0.8869948	0.68984973	7.7367935	1.0728836e-06
11	11999	833.5549290180206	285.5121	85.198105	333.23694	63.124275	116.25	313.66122	0.84602934	314.87784	312.49655	140.5	150.3414	45.533638	214.21667	-26.607262	2.6863582	0.5867868	2.5732791	22.08438	-13.414587	-155.33247	0.1873364	0.00815762	0.2051449	0.1791842	-0.6802854	0.9592985	0.73317915	7.1292152	3.322959e-06
12	12999	953.5929818153381	332.40112	36.7198	410.76868	298.40082	153.85715	332.73877	1.3552134	335.5506	331.31055	136.6	151.31187	49.91961	217.61768	-21.575068	2.2948976	0.44978586	2.600657	23.09396	-10.750671	-155.93677	0.16442266	0.012939067	0.18027347	0.14158605	-1.0091798	0.96566623	0.7383721	7.9899154	9.0897083e-07
13	13999	1073.7394471168518	311.6319	13.881455	331.9531	290.72687	124.75	289.4	1.369626	291.3079	287.10477	116.1	141.60349	45.289165	179.9353	-24.531713	1.4890898	0.46781838	2.6728039	24.66209	-12.457849	-145.57907	0.12496903	0.009049845	0.14154895	0.111237966	-1.1032548	0.97083074	0.7428983	9.066505	8.158386e-07
14	14999	1194.602213859558	327.94073	22.647673	370.93716	298.60165	134.85715	326.3806	1.8977021	329.52353	323.07938	136.5	140.90633	45.163517	176.1437	-22.107079	1.2601732	0.78432184	2.783865	27.094536	-10.573301	-144.62953	0.10435275	0.0033065658	0.11121659	0.09816962	-0.48624578	0.99723893	0.76661724	8.783783	2.6524067e-06
15	15999	1316.1940755844116	349.84503	63.69629	451.98837	230.88028	141.57143	476.9838	1.2521031	479.50894	474.88373	203.8	140.52843	47.501247	180.71527	-17.378384	1.378054	0.90090525	2.7778435	25.953974	-12.845309	-144.05621	0.09331595	0.0027177706	0.09815857	0.0898012	-0.23356439	0.99172837	0.7751594	8.691265	8.6426735e-07
16	16999	1437.9156935214996	468.53796	70.2504	532.001	318.31177	169.66667	527.709	2.0438344	530.64954	523.37805	178.7	146.37718	48.463474	198.2512	-22.73853	1.6606289	1.1965593	2.8099556	27.762184	-10.853568	-150.04735	0.0978459	0.006261943	0.109704174	0.09088919	0.45300934	1.0216233	0.7948211	8.037223	3.1590462e-06
17	17999	1561.3288969993591	512.94855	34.172527	558.079	456.14188	175.6	538.5451	2.0405343	541.5995	535.6985	186.7	158.077	53.118835	207.14532	-27.461689	1.5549445	1.0458727	2.8292277	26.57481	-13.957701	-161.8747	0.11410963	0.001961119	0.11686346	0.10972159	0.10038715	1.0128554	0.78741837	9.791764	1.1593103e-05
18	18999	1685.7904613018036	563.42566	26.845282	608.9765	524.54706	188.83333	602.7089	2.198708	605.8096	598.88257	198.1	161.25432	54.238422	212.23897	-16.23745	1.4520369	0.98449373	2.831323	27.551582	-13.97813	-164.92453	0.11343961	0.0006355579	0.11528698	0.11234786	-0.033627756	0.9966166	0.7855983	8.06837	1.8179417e-06
19	19999	1811.1048746109009	474.60486	165.68372	611.9755	238.57349	164.66667	665.2213	2.0101712	668.88336	661.2006	216.8	167.50558	56.833294	224.04042	-24.120934	2.1089697	1.0492444	2.8276012	25.27213	-12.172902	-171.17563	0.115271434	0.0021233885	0.12068507	0.11243047	0.10589322	0.98814285	0.79354477	8.061106	9.23872e-07
20	20999	1935.8689620494843	636.76117	110.0477	833.86395	530.1169	210.0	699.05634	3.7750893	706.1482	693.18207	221.9	174.21089	59.192734	227.96422	-36.80356	2.1207016	1.0379179	2.7881725	27.132856	-10.213444	-177.84949	0.12504007	0.0013969684	0.12727837	0.12069788	0.07923391	0.9890311	0.7913151	7.7998867	8.130446e-07
21	21999	2062.030160665512	749.64746	22.145926	774.5763	713.8525	231.75	747.1082	4.026739	754.54724	742.1217	235.2	179.59882	60.748714	241.28575	-25.65346	1.8216791	0.9842328	2.7760656	26.55555	-11.373575	-183.22655	0.12607822	0.0010389917	0.12761869	0.12437776	-0.032596715	0.980979	0.78851944	8.2937355	1.9669533e-06
22	22999	2188.284543991089	764.0551	73.80365	862.9069	685.617	235.66667	862.14124	3.8363638	869.19556	854.7593	260.7	188.11104	64.706604	257.23264	-34.14079	1.9371562	1.0608406	2.825871	27.562876	-10.72833	-191.8359	0.12890966	0.0031316355	0.13570572	0.12450017	0.12416515	0.9841082	0.7986018	7.71296	2.965331e-06
23	23999	2317.063891649246	1523.1846	519.4145	2179.7478	909.62994	457.0	954.721	4.5413127	967.265	951.00446	290.3	196.05081	68.21255	272.77615	-32.700844	2.1181366	1.0531548	2.7909062	26.63364	-10.36762	-199.7763	0.14017044	0.0030986986	0.1466943	0.1357398	0.104132876	0.9842706	0.79710156	8.201856	1.6018748e-06
24	24999	2450.424594640732	1417.0713	479.11575	1896.187	937.9555	431.0	3085.2642	2.7318385	3089.7683	3081.2292	1000.0	203.24391	71.3638	285.37393	-33.958584	2.052628	1.0272698	2.7472196	25.73799	-13.403492	-207.09584	0.14978977	0.001464356	0.1525932	0.1466976	0.051847573	0.9777333	0.79795235	8.436497	6.556511e-07
25	25999	2584.7942910194397	1282.5527	225.54639	1508.0991	1057.0063	384.0	3012.4282	2.3599377	3016.0234	3009.2761	1000.0	208.86258	72.63387	293.2685	-49.31443	2.0943303	1.015164	2.687293	26.04285	-9.621312	-212.60547	0.15425763	0.00082195405	0.15602842	0.15248078	0.028379569	0.9683626	0.7863258	6.8870296	3.5408884e-06
26	26999	2719.542486190796	2815.2585	0.0	2815.2585	2815.2585	944.0	3157.0198	4.636715	3165.2983	3149.8433	1000.0	214.36276	73.690765	301.80682	-41.24835	2.8308985	1.044497	2.6560676	24.88689	-16.771244	-218.0425	0.16068216	0.0026189985	0.1674156	0.15604123	0.0811088	0.966763	0.78524023	7.3852177	4.7683716e-06
27	27999	2850.1689109802246	2872.1045	0.0	2872.1045	2872.1045	926.0	1233.8329	19.686796	1264.1011	1190.3394	358.9	220.78362	73.7731	307.19992	-23.984892	4.8648467	1.0532217	2.6485667	24.35477	-13.276355	-224.51508	0.17715226	0.004551219	0.18247977	0.16744706	0.09296184	0.9550995	0.77365637	7.3373904	5.9604645e-08
28	28999	2982.4218113422394	1930.166	1258.1138	3188.2798	672.0522	592.5	1559.1638	575.7246	3269.7578	1289.3619	459.3	226.90698	76.3838	317.4782	-23.050919	5.106718	0.9856967	2.7004635	24.14724	-11.065694	-230.70734	0.179858	0.0024928842	0.18325177	0.17622945	-0.024476642	0.94352436	0.7793036	8.029472	2.8014183e-06
29	29999	3118.9890689849854	1165.1748	43.69729	1220.148	1113.2415	345.66666	3088.4944	4.768545	3099.2864	3081.6692	1000.0	229.79022	78.13293	326.59036	-33.02642	5.334905	0.99979436	2.7445865	23.161894	-10.45323	-233.50737	0.17715494	0.0008272475	0.17870992	0.17551233	-0.0002971792	0.9477046	0.79055244	8.16785	3.7252903e-07
30	30999	3257.3386149406433	1443.3715	0.0	1443.3715	1443.3715	459.0	3061.0571	1.3500153	3063.7812	3059.2107	1000.0	231.38805	78.04064	321.13498	-65.785484	5.078548	1.0168908	2.726269	22.3483	-10.500253	-234.9918	0.17993906	0.0010924467	0.18250594	0.1776413	0.029016834	0.955111	0.78576547	7.441366	1.7881393e-06
31	31999	3394.8431544303894	2089.7046	1071.0027	3160.7073	1018.70184	649.5	3047.5632	8.574786	3058.8586	3036.4878	1000.0	233.37361	76.971565	326.29837	-73.14584	4.3508296	0.98843044	2.6648781	23.019157	-11.590629	-236.86086	0.18213199	0.0014228655	0.18377855	0.17899363	-0.019721678	0.94247776	0.7772776	7.914273	1.6763806e-06
32	32999	3531.64382147789	3189.7876	0.0	3189.7876	3189.7876	1000.0	2969.102	2.8394465	2974.0303	2964.0613	1000.0	234.62466	76.24915	314.55066	-36.57538	3.696087	0.9727213	2.6609912	22.343292	-11.0803	-237.97495	0.17544949	0.002445383	0.18039101	0.17191388	-0.04740184	0.9234949	0.7762415	7.1862373	2.4735928e-06
33	33999	3670.0595152378082	1811.8253	0.0	1811.8253	1811.8253	553.0	3060.8706	73.50967	3109.7578	2878.204	982.6	234.9175	76.42898	312.8566	-35.68449	3.19629	0.9576631	2.6683655	23.141674	-9.105942	-238.13338	0.16636713	0.003668769	0.1719142	0.16020308	-0.07595902	0.90845835	0.777184	7.5815606	2.8312206e-07
34	34999	3811.5899744033813	2332.5957	853.09595	3185.6917	1479.4998	728.0	3121.034	6.657869	3138.251	3114.2861	1000.0	235.849	76.65056	316.44095	-41.077126	2.839399	0.98130506	2.703407	24.521343	-10.573458	-238.98494	0.15907273	0.0018042659	0.16128178	0.15523914	-0.03440766	0.9093008	0.78276664	8.738298	1.3113022e-06
35	35999	3950.052924156189	3210.158	0.0	3210.158	3210.158	1000.0	3091.178	271.7524	3200.7625	2276.7407	969.0	237.49745	77.07117	314.69446	-56.324284	3.0222821	0.98919165	2.7375119	25.498428	-10.6167	-240.55266	0.15333664	0.0010262621	0.1556846	0.15151751	-0.02011174	0.9117929	0.78695565	8.494485	8.3073974e-07
36	36999	4089.805942296982	2625.9932	0.0	2625.9932	2625.9932	805.0	3225.8726	7.9727654	3237.2876	3214.2622	1000.0	240.19395	76.20187	315.31583	-37.222233	2.687766	0.9775716	2.7260172	23.996918	-11.772518	-243.11899	0.15125562	0.0015334401	0.15344653	0.1479872	-0.04243654	0.9089501	0.782099	8.067041	1.013279e-06
37	37999	4229.102411746979	3198.956	0.0	3198.956	3198.956	1000.0	3189.585	11.752982	3208.139	3167.571	1000.0	242.3032	76.73329	317.2548	-33.852825	2.3183427	0.97321045	2.7365842	24.362183	-11.618272	-245.20078	0.14452752	0.0019979682	0.1479641	0.14136636	-0.051716637	0.9060308	0.7824816	7.4469056	8.046627e-07
38	38999	4368.862806081772	3203.0425	0.0	3203.0425	3203.0425	1000.0	3207.4644	11.000085	3232.7258	3191.65	1000.0	245.30536	76.7358	317.63815	-28.77443	2.4889307	0.9869564	2.7446067	25.245235	-9.701303	-248.17477	0.13986588	0.0007752648	0.14178625	0.13869925	-0.025597744	0.8998046	0.7817438	7.537262	2.1643937e-06
39	39999	4510.776698589325	1677.0059	1109.9281	3243.8118	811.44507	509.33334	3150.56	5.3503485	3160.2632	3141.217	1000.0	247.12677	76.57088	320.60052	-28.810982	2.593354	1.0097369	2.7545996	24.333218	-10.002734	-249.88506	0.13810842	0.0012259348	0.14088488	0.13583091	0.019266687	0.9049357	0.7850102	7.709807	5.915761e-06
40	40999	4653.447441577911	1117.9349	78.822205	1181.6165	1006.86096	331.66666	3143.6792	2.3130145	3147.4033	3140.0234	1000.0	247.12712	76.88101	320.68246	-37.263073	2.705464	0.97530067	2.7305403	24.908958	-10.42749	-249.8942	0.13701364	0.0014976948	0.14077096	0.13497445	-0.048839718	0.9064846	0.786654	7.9462886	1.4156103e-07
41	41999	4795.974731683731	1134.957	77.8634	1244.84	1073.8218	332.66666	3104.1143	5.2744727	3114.6511	3097.329	1000.0	246.9239	76.15637	318.44275	-38.601536	2.3478656	0.98910105	2.7186797	24.425255	-10.442113	-249.57355	0.13382795	0.0006658711	0.1355767	0.13287869	-0.02182066	0.90283227	0.78169644	7.4492807	3.1143427e-06
42	42999	4938.853534221649	3228.6077	0.0	3228.6077	3228.6077	1000.0	3182.1907	3.6072314	3188.064	3177.6143	1000.0	247.88506	75.31181	318.50986	-43.421368	2.0754018	0.990626	2.7281694	25.56548	-11.631025	-250.44806	0.13326615	0.0012944745	0.13517505	0.13098517	-0.018899916	0.90233326	0.7846325	7.9562836	5.9604645e-08
43	43999	5082.835943222046	3252.5325	0.0	3252.5325	3252.5325	1000.0	3263.5278	6.242646	3274.602	3253.4292	1000.0	249.46007	75.346504	319.5689	-22.814083	2.5156493	0.9756682	2.7244496	24.028208	-10.164682	-251.98964	0.12913896	0.0013925522	0.1316496	0.12647519	-0.04980018	0.8978617	0.77757734	8.248983	8.6054206e-07
44	44999	5224.973522424698	3250.4148	0.0	3250.4148	3250.4148	1000.0	2663.067	854.13184	3246.1658	1310.515	820.6	251.78236	75.009445	319.70325	-61.56293	2.020957	0.98595744	2.7308834	23.754192	-10.0580225	-254.3095	0.1250642	0.0007965951	0.12646869	0.12344495	-0.029130507	0.89844817	0.7788952	9.020367	1.206994e-06
45	45999	5370.561632156372	3238.793	0.0	3238.793	3238.793	1000.0	3248.307	7.132396	3267.5605	3242.7239	1000.0	253.72879	74.62872	322.82874	-54.79347	2.1653316	0.9925638	2.739472	24.842525	-11.970911	-256.17316	0.12292384	0.000977729	0.12477466	0.12104649	-0.015515294	0.89394623	0.7788979	8.975274	5.364418e-07
46	46999	5516.059013366699	1190.7909	198.5429	1470.5941	1030.604	347.66666	3153.7417	2.7735493	3157.74	3148.711	1000.0	254.67723	75.013985	322.33337	-32.567986	1.8739221	1.0041329	2.7387884	28.20227	-9.958142	-257.12814	0.12245899	0.0002751633	0.12300462	0.1219001	0.008715178	0.8901456	0.7800491	7.8537154	4.3213367e-07
47	47999	5662.430291652679	3214.7495	0.0	3214.7495	3214.7495	1000.0	3126.7727	2.842756	3131.3464	3122.7842	1000.0	255.45703	74.12817	322.15283	-41.768185	2.4153657	0.9991259	2.7366402	25.451035	-11.482709	-257.85464	0.12260333	0.000529028	0.12355181	0.12159969	-0.0017872925	0.8861609	0.7765542	7.7077312	6.467104e-06
48	48999	5807.9756689071655	3210.9216	0.0	3210.9216	3210.9216	1000.0	3177.68	2.3245213	3182.3674	3174.4924	1000.0	256.8842	73.62692	321.54938	-26.836464	2.1722512	0.96949285	2.7249408	24.34688	-10.843167	-259.24307	0.119623154	0.0020895607	0.123059146	0.1169748	-0.06463654	0.8817573	0.77184725	7.9020452	9.0897083e-07
49	49999	5954.77033996582	3211.004	0.0	3211.004	3211.004	1000.0	3208.0298	1.8842685	3210.598	3203.8735	1000.0	258.19266	73.242325	321.75467	-36.58159	2.2036498	0.96339536	2.731763	23.198399	-13.351511	-260.4679	0.11434433	0.0023419212	0.117590554	0.11053584	-0.07948888	0.8749733	0.7673907	8.638269	2.9802322e-07
50	50999	6101.140676498413	3207.4373	0.0	3207.4373	3207.4373	1000.0	3232.9011	1.6650516	3235.966	3230.0896	1000.0	260.04355	72.91162	327.5445	-51.743305	2.2640166	0.9816706	2.767452	23.677246	-11.1249695	-262.222	0.10885288	0.0008019083	0.11056151	0.10712819	-0.04057425	0.87357277	0.7720524	8.462658	2.0861626e-07
51	51999	6249.097069501877	2956.894	0.0	2956.894	2956.894	883.0	3174.5928	4.4616075	3180.9448	3168.4143	1000.0	261.54828	72.9313	322.94547	-36.61295	1.5799437	0.982308	2.7763467	22.57863	-10.456318	-263.76407	0.10578442	0.0011510449	0.10776287	0.104130864	-0.039657082	0.87078196	0.77307576	8.364627	8.891802e-07
52	52999	6397.105073451996	3244.917	0.0	3244.917	3244.917	1000.0	3215.0771	3.095628	3220.4712	3210.508	1000.0	263.21802	72.640366	324.21698	-26.998074	1.8712804	0.986523	2.7807176	25.723162	-15.531479	-265.35468	0.10398294	0.0008360878	0.10513264	0.102147326	-0.030534435	0.8671775	0.76935023	8.50869	9.834766e-07
53	53999	6545.23669219017	3237.7244	0.0	3237.7244	3237.7244	1000.0	3234.5264	3.2047672	3240.1467	3229.6582	1000.0	264.97827	72.01595	323.86865	-51.696148	1.5849831	0.9846199	2.7856092	24.954594	-10.331524	-267.1515	0.1007454	0.00084271614	0.1024671	0.09974305	-0.03517748	0.8646964	0.77122843	9.849001	5.5134296e-07
54	54999	6694.884184122086	3248.2097	0.0	3248.2097	3248.2097	1000.0	3196.099	0.95898086	3197.3179	3194.1372	1000.0	265.976	71.86014	324.2784	-48.15442	1.8326547	0.98462075	2.8173232	24.061602	-10.795246	-268.07022	0.09874327	0.00059901894	0.099832244	0.097253196	-0.035564855	0.8609338	0.7733768	10.188223	3.874302e-07
55	55999	6843.359721183777	1269.393	0.0	1269.393	1269.393	374.0	3251.3418	2.330611	3253.4468	3244.7795	1000.0	266.89526	71.69428	325.53308	-39.00872	1.8254339	0.9991334	2.8102167	23.80923	-13.033846	-268.97446	0.09748584	0.00024949518	0.09809341	0.09697038	-0.0019681347	0.86464334	0.77656436	8.745244	7.376075e-07
56	56999	6993.738395452499	3243.1133	0.0	3243.1133	3243.1133	1000.0	3301.6997	3.4240036	3307.2568	3296.006	1000.0	267.98138	71.427315	325.58185	-39.827137	1.5807365	0.99823457	2.8148415	27.08131	-12.1328745	-270.0325	0.09660418	0.0004121268	0.09754928	0.09603605	-0.004047207	0.86194557	0.77416176	9.235789	1.4305115e-06
57	57999	7144.845411777496	3271.7913	0.0	3271.7913	3271.7913	1000.0	3261.5386	1.5258783	3263.3518	3259.1335	1000.0	269.03427	71.30291	326.06595	-43.033978	1.5616301	1.0059445	2.797574	24.493713	-13.583057	-271.07056	0.09649494	0.00049277686	0.0978905	0.095675945	0.013898047	0.8605786	0.77274376	9.098268	5.066395e-06
58	58999	7297.0237402915955	3266.5793	0.0	3266.5793	3266.5793	1000.0	3219.9165	1.5406876	3222.8264	3217.736	1000.0	269.99902	71.048416	325.69553	-27.895702	1.4894446	1.0041298	2.7994885	25.453682	-12.470474	-271.95343	0.09756059	0.00049861503	0.09862203	0.09672189	0.009648802	0.86357766	0.7761754	8.663199	3.0696392e-06
59	59999	7443.833030700684	3268.6746	0.0	3268.6746	3268.6746	1000.0	1159.1602	38.686504	1216.9498	1088.1941	332.6	271.0295	70.478485	326.86545	-29.828745	1.4844214	1.0013801	2.7936387	25.609737	-11.30106	-272.9727	0.09910901	0.00050877064	0.100216694	0.09812478	0.0032454738	0.86287606	0.7789213	11.206655	1.616776e-06
60	60999	7595.997802257538	3264.2146	0.0	3264.2146	3264.2146	1000.0	3261.2375	4.422063	3273.5396	3257.2083	1000.0	272.346	70.07643	326.74515	-39.2399	1.3570254	0.9786123	2.7743053	23.073124	-12.05026	-274.25946	0.09718361	0.0009965736	0.09895597	0.09560097	-0.049816124	0.8579583	0.77445364	10.126892	2.861023e-06
61	61999	7748.194813966751	3275.3254	0.0	3275.3254	3275.3254	1000.0	3261.434	2.6748397	3265.8394	3257.7888	1000.0	273.1976	70.0309	327.65015	-32.041035	1.3530176	0.97550416	2.784291	23.974026	-12.3249855	-275.05832	0.093848966	0.0006613673	0.09558324	0.09190375	-0.05795267	0.8505061	0.7743634	9.594019	7.897615e-06
62	62999	7903.838529586792	3236.485	0.0	3236.485	3236.485	1000.0	3225.498	6.523672	3241.547	3218.6648	1000.0	274.52307	69.16663	328.51718	-45.453182	1.3552449	0.99047494	2.7737565	24.467754	-10.45801	-276.36517	0.09091138	0.00040672914	0.09194791	0.09034811	-0.022763016	0.8439799	0.76990986	9.1777315	2.3245811e-06
63	63999	8058.32640171051	2321.8193	943.42914	3265.2485	1378.3903	700.0	3225.2124	1.1632948	3227.305	3223.845	1000.0	275.31522	69.062325	327.77417	-37.201355	1.3525469	0.9801599	2.7712092	26.335686	-12.224592	-277.1853	0.08936512	0.00072990725	0.09077065	0.087604016	-0.04792502	0.8427638	0.7681069	9.083024	4.544854e-06
64	64999	8212.578128814697	2216.8362	1054.0135	3270.8496	1162.8226	668.0	3278.2485	2.8459437	3282.447	3272.5596	1000.0	275.71268	68.68952	327.57486	-35.206745	1.3059909	0.9871848	2.7622764	26.622856	-12.874777	-277.54483	0.086924344	0.0005609577	0.08784236	0.08579408	-0.031273056	0.84132856	0.7694186	10.345208	8.940697e-08
65	65999	8367.764993667603	1513.4579	0.0	1513.4579	1513.4579	438.0	3277.1309	3.2799182	3282.0774	3272.1555	1000.0	275.38394	69.77118	327.51355	-21.832605	1.3906726	1.0078092	2.7775483	25.418924	-11.269088	-277.15277	0.08699992	0.00044001342	0.08766465	0.0857879	0.019177377	0.8402777	0.77082694	9.771577	1.66893e-06
66	66999	8523.591027736664	3257.5273	0.0	3257.5273	3257.5273	1000.0	3245.003	1.6833228	3248.896	3243.0093	1000.0	275.97205	69.2856	328.09808	-20.73527	1.4778525	0.9827278	2.7429452	26.52828	-11.509262	-277.73392	0.08549928	0.00089842436	0.08698984	0.08437641	-0.04234883	0.8331119	0.76830953	10.205817	1.3113022e-06
67	67999	8678.755285024643	2224.5615	1039.5897	3264.1511	1184.9717	672.5	3258.4	1.9644262	3263.5144	3256.6963	1000.0	276.54388	69.17223	327.96878	-29.88541	1.3305708	0.9812124	2.7560413	27.916258	-11.11509	-278.3085	0.084257364	0.00080180727	0.08537496	0.0822165	-0.046611596	0.83069086	0.7699669	11.0224905	5.9604645e-08
68	68999	8834.420241355896	3265.7778	0.0	3265.7778	3265.7778	1000.0	3194.972	0.7078786	3195.9636	3193.9033	1000.0	277.05963	69.182434	327.98874	-20.709934	1.5265903	0.9861037	2.7495792	26.346626	-12.646076	-278.75565	0.08113461	0.00035465907	0.08220972	0.08038813	-0.03482315	0.82540745	0.76234055	12.810705	2.3841858e-07
69	69999	8983.599202156067	3265.1523	0.0	3265.1523	3265.1523	1000.0	3261.1367	1.516451	3263.126	3258.1404	1000.0	277.68634	68.86502	329.97595	-62.145126	1.5328819	1.0081953	2.7885175	25.839745	-10.423761	-279.35657	0.08094116	0.00083989016	0.08210357	0.079196975	0.020684391	0.82574767	0.7721929	14.03711	5.9604645e-08
70	70999	9139.908366441727	3268.9358	0.0	3268.9358	3268.9358	1000.0	3269.429	2.5303612	3274.6753	3266.5088	1000.0	278.76312	68.56735	328.32867	-34.787304	1.6395131	0.9710031	2.753357	26.287085	-11.195523	-280.44955	0.07973937	0.0010223713	0.08150884	0.07755082	-0.07334927	0.8151756	0.7608881	9.247847	5.9604645e-08
71	71999	9293.23165512085	3260.9412	0.0	3260.9412	3260.9412	1000.0	3261.986	2.4351327	3264.7168	3256.6472	1000.0	279.6891	68.09924	328.47906	-67.413826	1.3383129	0.98144025	2.760375	24.340347	-11.137087	-281.31152	0.075939365	0.0008493284	0.07763675	0.074541725	-0.04761396	0.8209126	0.7624073	14.011292	5.9604645e-07
72	72999	9440.604546070099	3275.7568	0.0	3275.7568	3275.7568	1000.0	3285.352	3.7533796	3290.147	3278.1938	1000.0	280.75684	67.82719	329.2075	-23.962357	1.2588482	0.98879737	2.7640705	24.349361	-10.429692	-282.3675	0.07480149	0.0004832372	0.07544587	0.07377026	-0.028991066	0.81843007	0.75522536	9.807195	2.2351742e-08
73	73999	9589.86065864563	3281.7104	0.0	3281.7104	3281.7104	1000.0	3238.9062	1.5943224	3242.4717	3236.6248	1000.0	281.57144	67.54031	329.44846	-64.84626	1.4680471	0.9784359	2.7789502	24.725569	-9.666801	-283.21606	0.07235576	0.00061312504	0.074158095	0.07140432	-0.056401327	0.8190035	0.75686234	11.395221	1.1697412e-06
74	74999	9733.694860935211	2225.6707	1021.7236	3247.3943	1203.9471	678.0	1165.1952	27.769114	1223.5126	1106.7632	348.3	282.63373	67.0425	330.4227	-36.596085	1.2293645	0.9857058	2.780797	28.894772	-10.315031	-284.17413	0.07003302	0.0005976444	0.07168158	0.06925506	-0.037750233	0.8191564	0.76093125	10.361155	2.9802322e-08
75	75999	9882.72188615799	3293.3352	0.0	3293.3352	3293.3352	1000.0	3272.1333	1.4295924	3275.1711	3270.6516	1000.0	282.83032	66.87989	334.5847	-26.716806	1.3006399	1.031895	2.8087978	27.609783	-10.868764	-284.37662	0.072053805	0.0011954388	0.07389766	0.07001681	0.08407764	0.8217157	0.7647986	11.84993	1.3783574e-07
76	76999	10032.22587943077	3258.0176	0.0	3258.0176	3258.0176	1000.0	3274.1106	4.3244905	3279.3428	3265.78	1000.0	283.00293	66.73231	330.49945	-21.411697	1.3740908	1.007996	2.786184	28.361969	-11.375076	-284.5591	0.074356586	0.00032853926	0.07480964	0.07361556	0.02089209	0.8238457	0.76009154	11.6859665	1.1324883e-06
77	77999	10180.072530031204	3259.109	0.0	3259.109	3259.109	1000.0	3270.8965	1.2057337	3272.4854	3268.7368	1000.0	283.96185	65.979996	339.2477	-49.44171	1.2427329	0.9823552	2.7767951	27.205572	-10.758293	-285.48254	0.07397579	0.00059541623	0.07498369	0.07259585	-0.045967218	0.823657	0.76106197	10.665374	1.5236437e-06
78	78999	10325.886212348938	1177.5214	0.0	1177.5214	1177.5214	350.0	3267.6338	2.6783447	3273.226	3263.335	1000.0	283.86026	66.14463	329.8037	-42.94704	1.2224476	1.017666	2.802767	28.48656	-13.469559	-285.40555	0.07343946	0.0006969938	0.07456654	0.07239271	0.04615146	0.8280056	0.7685585	12.830008	1.2516975e-06
79	79999	10471.763748645782	3267.0386	0.0	3267.0386	3267.0386	1000.0	3267.0105	3.2348464	3273.1914	3261.4312	1000.0	284.5315	65.50749	329.6971	-39.067303	1.2665226	0.99915224	2.7850459	29.34992	-12.234267	-286.02542	0.074668884	0.0003115116	0.07531363	0.07402619	-0.0021443958	0.82464015	0.7650377	14.36531	5.5134296e-07
80	80999	10617.696030378342	3282.0542	0.0	3282.0542	3282.0542	1000.0	3256.0603	3.518953	3260.603	3249.1907	1000.0	284.9306	65.618675	329.75604	-43.66574	1.3055406	0.9770445	2.7684257	26.881893	-10.9564705	-286.40982	0.07353954	0.0008470691	0.07487916	0.071909636	-0.0599493	0.81925887	0.76237994	10.442653	7.8603625e-07
81	81999	10765.634351015091	3253.533	0.0	3253.533	3253.533	1000.0	3293.7473	4.616529	3300.7524	3287.4192	1000.0	285.47052	65.10385	332.82755	-29.15043	1.1576715	0.9996041	2.7852082	31.308329	-11.585357	-286.90756	0.07191954	0.00044453784	0.07244629	0.070844054	-0.0009762258	0.8221607	0.7644831	11.136889	2.0861626e-07
82	82999	10912.331534385681	3272.4956	0.0	3272.4956	3272.4956	1000.0	3294.1626	2.7976372	3299.678	3289.7554	1000.0	286.34872	64.7618	330.76862	-35.523773	1.456889	0.97838706	2.7811575	28.086319	-10.949968	-287.78427	0.0712419	0.00067896955	0.072034165	0.06932326	-0.057209484	0.8219658	0.7686571	12.40808	1.2516975e-06
83	83999	11059.224890470505	3285.9631	0.0	3285.9631	3285.9631	1000.0	3134.9973	540.70557	3320.2622	1512.9125	942.9	287.07037	64.376724	332.46564	-71.35085	1.5616255	1.0142763	2.8156075	27.748596	-12.666061	-288.46878	0.07042882	0.0005784533	0.07136002	0.06939343	0.038000252	0.82878685	0.7756031	11.227273	1.0058284e-06
84	84999	11206.709173440933	3307.558	0.0	3307.558	3307.558	962.0	3293.6616	3.1009283	3300.6938	3290.6458	1000.0	287.40643	64.29358	330.67105	-50.721977	1.2102209	0.9855682	2.8131518	27.648277	-12.844404	-288.80786	0.069960766	0.0006176494	0.07111002	0.06913399	-0.038292676	0.8294484	0.7734708	10.009193	1.4603138e-06
85	85999	11357.50610947609	3296.8105	0.0	3296.8105	3296.8105	1000.0	3278.2122	5.8532567	3286.592	3268.0227	1000.0	287.83173	64.43263	331.43784	-30.541594	1.4324508	0.9925251	2.8356662	32.132725	-10.738444	-289.25323	0.070200436	0.0008670112	0.071772374	0.06865305	-0.019835763	0.8240838	0.77571905	13.629316	3.2782555e-07
86	86999	11509.248331308365	3282.2273	0.0	3282.2273	3282.2273	1000.0	3299.3325	3.6157982	3305.0525	3292.5288	1000.0	288.44147	63.74791	332.81647	-28.262548	1.6374984	0.99849194	2.7981818	26.762924	-12.195255	-289.8003	0.068523765	0.00035511356	0.06925975	0.067853704	-0.0039778384	0.8228185	0.7700123	14.723096	1.9073486e-06
87	87999	11660.5002887249	3278.5583	0.0	3278.5583	3278.5583	1000.0	3294.6694	9.719829	3304.648	3277.486	1000.0	289.45346	63.372475	333.16556	-31.60568	1.0996089	1.0062089	2.8211873	25.884377	-10.4518	-290.81143	0.07001194	0.00067030324	0.07092815	0.06846362	0.016708497	0.8263124	0.7785086	10.919054	2.8312206e-07
88	88999	11811.052795886993	3324.8179	0.0	3324.8179	3324.8179	1000.0	3281.2056	5.532792	3289.9177	3270.5598	1000.0	289.80374	63.336838	332.10794	-24.197826	1.1120416	0.99554795	2.8017657	26.940775	-9.443115	-291.16895	0.069054574	0.00057027576	0.06994553	0.06809263	-0.011839135	0.8263142	0.77443886	12.941965	1.4901161e-07
89	89999	11961.155512332916	3295.08	0.0	3295.08	3295.08	1000.0	3295.705	1.4036185	3298.0613	3293.1807	1000.0	290.4598	62.853897	332.39673	-40.757465	1.308549	0.98385364	2.823551	28.583603	-11.511783	-291.78998	0.06777713	0.0006138736	0.06890849	0.06688503	-0.043410428	0.8262643	0.7735624	14.255276	1.9520521e-06
90	90999	12111.232080459595	3303.1343	0.0	3303.1343	3303.1343	1000.0	3302.8406	5.826134	3311.1936	3292.4016	1000.0	291.07898	63.021698	332.5563	-29.54641	1.3478867	1.0031619	2.834001	29.463533	-10.965544	-292.4324	0.067250155	0.00032603773	0.06805767	0.06680904	0.0086196	0.82845163	0.7760668	15.0623455	0.0
91	91999	12262.086918115616	3279.4038	0.0	3279.4038	3279.4038	1000.0	3298.6187	4.8958163	3303.915	3287.955	1000.0	291.5442	63.018593	333.16324	-40.51911	1.38704	0.9899441	2.8283799	26.773441	-11.024103	-292.8725	0.0673526	0.00058780826	0.068472765	0.066268206	-0.02715312	0.8314621	0.7744206	11.666248	7.60518e-06
92	92999	12416.139503002167	3311.4363	0.0	3311.4363	3311.4363	1000.0	3300.1348	2.6239681	3304.5676	3295.6187	1000.0	292.30997	62.241566	333.6572	-16.41851	1.076563	0.9981799	2.8305998	28.05907	-10.276414	-293.63074	0.06551477	0.0003182031	0.066266485	0.0649026	-0.004876217	0.8274942	0.773343	9.601727	2.8312206e-07
93	93999	12573.710879087448	3321.1548	0.0	3321.1548	3321.1548	1000.0	3326.641	6.327823	3337.8218	3311.9197	1000.0	292.8503	61.923523	333.5262	-29.323076	1.0718243	0.99312115	2.8395169	27.469559	-9.87015	-294.14874	0.06570141	0.00027986118	0.066264	0.06509242	-0.018675365	0.8270421	0.7736264	10.489845	2.9802322e-07
94	94999	12730.731190443039	3311.1902	0.0	3311.1902	3311.1902	1000.0	3329.7017	2.5977638	3334.1694	3325.5461	1000.0	293.28027	62.136837	334.21246	-26.45868	1.1209307	0.9875445	2.8261998	26.846277	-11.295887	-294.59512	0.06509141	0.0007534541	0.06611227	0.06394129	-0.0340376	0.8255747	0.7731455	10.65872	5.6028366e-06
95	95999	12888.739332199097	3325.5896	0.0	3325.5896	3325.5896	1000.0	3308.5562	7.386674	3323.9304	3300.0547	1000.0	294.19382	61.59892	334.16626	-22.077616	1.1147722	0.99362016	2.8575063	27.43692	-11.308531	-295.49228	0.06347725	0.00061655085	0.06462536	0.062642395	-0.01749317	0.8261118	0.77587354	13.767851	7.8976154e-07
96	96999	13047.525013923645	3303.107	0.0	3303.107	3303.107	1000.0	3325.543	2.98138	3329.7168	3319.6926	1000.0	294.64618	61.28042	334.643	-46.24444	1.0425155	0.9965065	2.8660073	26.90064	-12.637211	-295.9175	0.06341149	0.00024281954	0.06401061	0.06288262	-0.009562271	0.8310287	0.7808893	12.069141	1.4603138e-06
97	97999	13205.689186096191	3294.4114	0.0	3294.4114	3294.4114	1000.0	3314.597	1.9325689	3317.8662	3311.2188	1000.0	294.99667	61.38013	334.5443	-22.259554	1.1542698	0.98971283	2.827286	26.35444	-11.534833	-296.27933	0.06285674	0.00039151954	0.06336512	0.062017318	-0.028453149	0.8262772	0.7718634	10.35259	2.2351742e-08
98	98999	13365.471514463425	3327.942	0.0	3327.942	3327.942	1000.0	3320.1626	5.785392	3331.3909	3313.0208	1000.0	295.49866	61.16105	335.04807	-26.045717	1.0872276	1.005098	2.8690338	28.724964	-10.456776	-296.7707	0.062242202	0.00027571447	0.06275268	0.0616607	0.014231491	0.8308946	0.78248566	12.871907	1.0095537e-06
99	99999	13524.688961029053	3309.6348	0.0	3309.6348	3309.6348	1000.0	3299.314	5.897824	3309.1948	3289.6663	1000.0	296.26898	60.548546	336.24356	-41.78954	1.0514107	0.9904839	2.828233	27.234253	-13.975809	-297.49478	0.06191616	0.00037766312	0.06262683	0.061236817	-0.026368879	0.825087	0.77421045	11.051157	8.195639e-08
