Epoch	TotalEnvInteracts	Time	AverageEpRet	StdEpRet	MaxEpRet	MinEpRet	EpLen	AverageTestEpRet	StdTestEpRet	MaxTestEpRet	MinTestEpRet	TestEpLen	AverageQ1Vals	StdQ1Vals	MaxQ1Vals	MinQ1Vals	LossQ1	AverageLogPi	StdLogPi	MaxLogPi	MinLogPi	LossPi	AverageAlpha	StdAlpha	MaxAlpha	MinAlpha	LossAlpha	AveragePreTanh	StdPreTanh	MaxPreTanh	MinPreTanh
0	999	1.8493080139160156	19.052065	15.706	83.04234	5.1059	22.522728	71.25185	2.4303913	76.86563	68.148674	98.7	0.0	0.0	0.0	0.0	0.0	0.0	0.0	0.0	0.0	0.0	0.0	0.0	0.0	0.0	0.0	0.0	0.0	0.0	0.0
1	1999	2.441791296005249	18.730679	15.602331	83.04234	5.1059	22.222221	71.25185	2.4303913	76.86563	68.148674	98.7	0.0	0.0	0.0	0.0	0.0	0.0	0.0	0.0	0.0	0.0	0.0	0.0	0.0	0.0	0.0	0.0	0.0	0.0	0.0
2	2999	3.079944372177124	14.880216	10.057022	61.04082	6.0590525	19.9	73.33403	2.3587754	77.59022	69.48003	101.2	0.0	0.0	0.0	0.0	0.0	0.0	0.0	0.0	0.0	0.0	0.0	0.0	0.0	0.0	0.0	0.0	0.0	0.0	0.0
3	3999	3.735661029815674	17.850042	17.819202	90.71151	4.7930055	21.733334	72.55286	2.5269387	75.48222	67.00689	100.3	0.0	0.0	0.0	0.0	0.0	0.0	0.0	0.0	0.0	0.0	0.0	0.0	0.0	0.0	0.0	0.0	0.0	0.0	0.0
4	4999	4.426692724227905	18.229647	11.426507	58.095108	6.4634733	22.326086	71.42021	3.4153695	75.28027	65.58687	98.7	0.0	0.0	0.0	0.0	0.0	0.0	0.0	0.0	0.0	0.0	0.0	0.0	0.0	0.0	0.0	0.0	0.0	0.0	0.0
5	5999	105.8429901599884	161.06683	130.93222	376.05365	11.223851	85.181816	167.19193	1.1528275	169.13368	165.35403	88.0	93.580605	52.991062	185.43608	-16.136522	5.570676	-0.781611	1.8786919	12.929234	-10.390819	-100.07811	0.88198686	0.063858874	0.99970007	0.7758259	-0.20649682	0.8424456	0.61452615	4.6858954	2.7939677e-07
6	6999	206.45277047157288	312.74442	71.717804	408.25702	178.17755	147.28572	335.24347	1.1579013	336.61337	333.57126	151.6	188.57814	52.476746	235.38263	-18.180456	8.059872	-0.32711703	2.3172505	18.500082	-11.989186	-198.5521	0.68661636	0.050277933	0.7756446	0.6015585	-0.5005398	0.88859683	0.6580615	5.181953	1.9073486e-06
7	7999	308.9331388473511	343.81543	40.62002	389.85428	262.263	150.66667	179.76404	1.8217884	182.66066	176.64745	209.2	198.31499	60.181602	243.12848	-28.948475	6.301549	-0.13898438	2.4020076	19.80716	-10.500157	-207.64816	0.5326376	0.037906274	0.6013981	0.4657774	-0.720605	0.8971206	0.6733711	5.5388865	5.9604645e-08
8	8999	410.71117067337036	320.4127	42.551216	384.58282	257.60403	181.66667	359.6922	2.065636	364.1901	356.90424	155.5	176.94916	49.00472	222.67961	-19.58693	3.8240283	-0.32887763	2.4625738	21.962711	-11.48963	-184.1133	0.4010741	0.036250815	0.46564132	0.34195736	-1.2222288	0.8583809	0.67040765	5.9062824	2.7939677e-07
9	9999	515.435427904129	306.8047	122.30913	613.9451	186.2107	129.875	972.7086	209.56107	1081.1967	380.05414	867.0	166.21692	49.256767	201.69371	-17.683323	3.168128	-0.047173142	2.5309994	27.092188	-10.629231	-172.51006	0.3011344	0.0217647	0.34186125	0.26569036	-1.2527628	0.89093304	0.68690777	6.39936	1.5795231e-06
10	10999	617.3053455352783	321.87784	38.722008	395.63895	279.37006	133.71428	521.1095	2.1272218	524.729	518.2602	177.8	165.66316	46.462055	220.4232	-26.24925	3.6607962	0.1536617	2.6558008	27.371256	-10.242284	-171.36981	0.23502813	0.016362961	0.2656166	0.20967394	-1.2190127	0.9019981	0.7097992	6.558264	2.346933e-06
11	11999	719.3896405696869	420.59772	140.66771	629.0927	216.87457	150.85715	415.3786	1.6807265	418.48077	412.8062	152.8	173.23132	48.9206	238.37582	-32.517334	4.4948993	0.5751397	2.7646947	29.602022	-10.5436735	-178.82655	0.19360831	0.009148728	0.20964627	0.17980531	-0.69458824	0.95625734	0.74461204	7.071831	2.0861626e-07
12	12999	821.6448028087616	462.59033	146.7753	657.12366	270.47687	162.4	223.26172	1.6379558	226.34917	221.7672	111.3	185.38443	53.363865	248.34462	-49.438023	4.4002495	0.87503743	2.8429117	31.19384	-15.547147	-190.98691	0.17310178	0.0031922595	0.17979124	0.16846791	-0.21818614	0.9705617	0.7529639	7.927177	9.685755e-08
13	13999	921.6547322273254	600.1711	124.70528	673.93787	323.89764	198.5	728.4096	5.400477	740.878	721.53357	230.4	199.49997	57.560333	260.3206	-45.261368	3.644084	0.96996456	2.9459841	31.981308	-11.7585945	-205.21523	0.1673899	0.0008572744	0.16875459	0.16446109	-0.05379172	0.96220773	0.7647498	7.157554	1.3075769e-06
14	14999	1023.0939359664917	766.26654	62.16183	863.0848	704.342	235.25	665.615	2.3825521	669.51117	660.7162	227.1	203.57051	56.751816	255.62439	-46.000813	3.8640983	0.9491983	2.934034	32.516655	-10.773088	-208.89693	0.15849936	0.0019424248	0.16443643	0.15588045	-0.09284468	0.9652363	0.77751374	7.4187727	1.3709068e-06
15	15999	1127.08824300766	869.53125	267.30066	1217.8809	568.21924	278.66666	2525.9683	2.169945	2529.9382	2522.6555	1000.0	209.34346	58.598713	267.79224	-31.446178	3.2395015	0.9947817	2.9008007	34.705784	-12.392633	-214.56699	0.15638858	0.0010736873	0.15797503	0.15468085	-0.0096271895	0.95866245	0.77510446	7.419158	5.9604645e-08
16	16999	1228.8437640666962	809.92554	83.24358	936.5848	704.02356	248.25	755.3162	3.0617437	762.73584	750.39185	340.9	215.28549	60.832222	272.85464	-30.58506	3.1102736	0.9555992	2.9066372	34.272724	-10.44457	-220.25937	0.15339212	0.0029523715	0.15667616	0.14643142	-0.08388593	0.95063394	0.7750743	7.721156	6.3702464e-07
17	17999	1330.8294608592987	1304.5966	644.4343	2215.838	835.8292	411.33334	453.52206	1.7804084	455.83887	450.26273	182.8	217.33292	60.85976	274.25046	-23.142508	2.533497	0.97328466	2.96635	32.05282	-12.906224	-222.1276	0.14266251	0.0015128943	0.14696577	0.1409385	-0.051716935	0.9413995	0.7779992	8.270107	2.9802322e-08
18	18999	1436.0079200267792	902.7559	44.63228	938.10114	839.7943	281.0	3299.4363	4.149202	3306.2688	3293.4934	1000.0	218.43916	61.017605	279.0768	-34.5336	2.5767655	0.9984736	2.9671478	35.204624	-10.202136	-222.95	0.14090395	0.0011617234	0.14260468	0.1387277	-0.0029102482	0.93943894	0.7805763	8.44538	1.3150275e-06
19	19999	1537.2707724571228	849.1881	0.0	849.1881	849.1881	258.0	273.18567	1.5741652	275.77704	269.5543	114.7	222.79506	61.490307	289.18253	-34.58149	2.4274855	1.0050964	2.8567681	31.568878	-13.195645	-227.14139	0.14378066	0.00077076565	0.14460498	0.14100485	0.010053357	0.9342208	0.77192414	7.5427294	2.5182962e-06
20	20999	1640.6557145118713	1576.3027	971.92145	3248.842	890.60785	474.5	1284.2588	505.54407	2800.8672	1110.932	473.4	229.07378	64.040565	299.82907	-27.119205	2.18391	1.0036297	2.839233	31.69897	-10.788784	-233.4535	0.14308137	0.0009195948	0.14490905	0.14147803	0.0071544363	0.92488873	0.769909	8.009958	1.7881393e-07
21	21999	1745.6546630859375	3221.7864	0.0	3221.7864	3221.7864	1000.0	3019.2673	10.024616	3032.814	3003.5732	1000.0	233.97412	65.172356	305.7984	-36.50394	2.0888054	1.0092965	2.8035245	31.82918	-11.53204	-238.13069	0.14287071	0.0016589658	0.14512727	0.14029983	0.018109519	0.90954363	0.76551914	8.412574	2.4437904e-06
22	22999	1850.8119802474976	2721.584	0.0	2721.584	2721.584	824.0	3104.5693	2.9759746	3109.1702	3099.1357	1000.0	239.49565	65.23556	308.65244	-33.832676	1.9430027	0.9973738	2.7440915	34.706306	-12.1753	-243.45848	0.1458477	0.0007642253	0.14688833	0.143997	-0.0050296	0.90898234	0.75711215	8.156881	1.1473894e-06
23	23999	1954.0544579029083	674.96826	0.0	674.96826	674.96826	206.0	2395.9788	571.85486	3259.205	1873.9485	730.1	240.99338	65.75349	311.0853	-22.516212	2.0369706	0.99198234	2.7234533	32.214386	-12.437812	-244.88759	0.14409052	0.0015153371	0.14614815	0.14147434	-0.015526591	0.91448736	0.75942093	8.804911	2.5331974e-06
24	24999	2055.651344060898	2672.5918	461.7411	3134.333	2210.8508	831.5	710.5412	5.238203	719.81494	701.6547	227.7	243.60458	65.61581	312.2801	-23.778307	1.7767854	0.96566623	2.728853	35.520653	-11.693609	-247.31964	0.13787854	0.0029974836	0.14364032	0.13479869	-0.06776053	0.89458835	0.75472593	8.534311	4.3660402e-06
25	25999	2156.6330835819244	1404.5547	228.83368	1633.3883	1175.721	405.5	186.87167	1.3387341	188.41605	185.13995	85.5	244.95854	66.0029	314.73947	-67.8996	1.8004465	0.99777365	2.7306998	32.96739	-10.394522	-248.58534	0.13412799	0.0004231796	0.13541622	0.13335298	-0.004409403	0.89328176	0.7566418	8.661281	3.8929284e-06
26	26999	2258.6140656471252	3298.7043	0.0	3298.7043	3298.7043	1000.0	623.54333	528.20746	1765.1191	283.65787	226.8	248.40755	65.72115	319.42233	-20.733871	1.8350694	0.9874195	2.7186723	35.087193	-12.532633	-251.86803	0.13435026	0.0017612331	0.1370412	0.13162518	-0.0252662	0.9010953	0.76107866	8.422036	2.5518239e-06
27	27999	2362.6662929058075	1728.3529	373.53586	2093.8057	1215.2831	498.66666	2576.7083	675.52264	3340.275	1722.5823	760.7	250.7595	66.612274	322.58203	-30.649582	1.6605549	0.97972274	2.7172182	33.657433	-10.0682	-254.1849	0.13050662	0.0015185132	0.13292226	0.12763263	-0.041291278	0.8873402	0.7588833	9.040141	1.0430813e-06
28	28999	2465.1125440597534	3323.1887	0.0	3323.1887	3323.1887	1000.0	1297.5868	33.822567	1379.7659	1268.9493	375.3	253.59282	67.31995	323.4208	-19.515821	1.7010598	1.0103135	2.7278612	34.809334	-10.568911	-256.89145	0.12798369	0.00091694103	0.12988123	0.12678276	0.021181019	0.87822056	0.7637985	8.698896	2.078712e-06
29	29999	2570.4132990837097	3132.5867	0.0	3132.5867	3132.5867	896.0	3354.8384	3.634941	3360.4658	3349.6667	1000.0	257.65445	67.6595	328.3222	-22.818823	1.7605357	1.0119494	2.6819196	31.519138	-10.305948	-260.87204	0.13189596	0.00030881577	0.13240345	0.1299101	0.024348335	0.87801564	0.76447266	12.801477	3.9190054e-06
30	30999	2675.488065958023	3039.497	0.0	3039.497	3039.497	874.0	3117.897	6.9688063	3127.2998	3106.7195	1000.0	259.34372	67.58438	328.77353	-54.73876	1.6379017	0.98979443	2.6831305	36.395897	-10.800729	-262.43094	0.1311066	0.00091832515	0.13286687	0.12991923	-0.020652032	0.8696176	0.76114774	8.659824	5.5879354e-08
31	31999	2777.9557592868805	1494.9664	352.77942	1847.7458	1142.187	434.5	862.327	2.8969307	867.86914	858.9471	265.4	260.3569	67.708916	329.393	-26.087748	1.667586	0.99026406	2.6779907	31.954994	-10.447327	-263.32974	0.12981458	0.0010164111	0.13152121	0.12815759	-0.019847043	0.8688364	0.7639862	8.789444	3.0994415e-06
32	32999	2879.455089330673	3308.803	0.0	3308.803	3308.803	1000.0	8.596392	0.1281177	8.779898	8.364845	9.0	262.41885	67.99054	330.83417	-21.62824	1.6731632	1.0070336	2.6928391	33.463478	-9.831007	-265.3955	0.12940955	0.00084156025	0.13092403	0.12786326	0.014496395	0.87275994	0.7693482	9.63647	4.865229e-06
33	33999	2980.371085166931	1529.3823	190.26425	1755.9972	1290.4365	437.33334	8.383383	0.070068896	8.499113	8.255895	9.0	263.41205	68.18932	331.97745	-49.456474	1.6161903	0.9893121	2.668216	32.257187	-12.085593	-266.2542	0.12807849	0.001050599	0.13017748	0.12627295	-0.0218392	0.8670992	0.7696131	9.742409	8.34465e-07
34	34999	3084.8150939941406	1614.5725	403.75488	2018.3274	1210.8176	453.5	3393.032	23.43481	3428.0007	3335.96	1000.0	262.15265	68.3793	331.86078	-29.169415	1.5717065	1.0143265	2.6222348	30.552937	-11.857964	-264.9533	0.13038217	0.001130022	0.1322383	0.12745844	0.02944666	0.8644204	0.77040386	8.317106	3.1590462e-06
35	35999	3189.834513902664	1893.9633	0.0	1893.9633	1893.9633	542.0	3245.6772	7.4326906	3258.698	3234.284	1000.0	262.61694	68.40566	331.76733	-45.262165	1.6520605	0.9676318	2.6484747	33.211277	-11.10536	-265.35553	0.126922	0.0020593384	0.1305378	0.12400524	-0.0667128	0.8558947	0.7676574	9.892977	5.9604645e-07
36	36999	3290.8870391845703	1239.8615	1438.4928	3259.683	19.87423	389.0	12.266413	0.81737643	13.315413	11.165218	14.5	264.63174	68.52784	332.6196	-34.83432	2.2517838	1.0372504	2.6634178	32.938152	-10.005709	-267.3058	0.12696469	0.0023157161	0.13127026	0.124057285	0.07676635	0.8547136	0.768089	11.082743	2.6673079e-06
37	37999	3393.293154001236	2042.7394	0.0	2042.7394	2042.7394	570.0	634.7474	150.05281	1084.878	582.19794	232.3	263.97928	69.17639	333.0376	-41.74665	2.5098293	1.007895	2.659729	30.923925	-12.349187	-266.60522	0.13370447	0.0011221762	0.13592064	0.13129316	0.016068265	0.85296893	0.76805925	9.101978	4.172325e-07
38	38999	3498.8361439704895	1590.9556	1031.7767	3377.6199	972.23315	460.75	3359.5735	13.309058	3385.2314	3340.501	1000.0	266.5555	68.08993	333.583	-50.75584	1.912706	0.967026	2.6473413	33.79225	-12.131271	-269.13098	0.12988125	0.0017682412	0.13356441	0.12649263	-0.06724296	0.852132	0.7641355	7.8907146	7.8603625e-07
39	39999	3601.7882125377655	2338.11	0.0	2338.11	2338.11	668.0	1164.9559	48.825344	1275.6906	1120.2213	324.8	266.79736	68.70731	333.56335	-20.391619	1.9220684	0.9676884	2.6860461	34.596333	-11.832277	-269.32233	0.12406505	0.0019895658	0.12716872	0.12013064	-0.067489676	0.863484	0.7659875	8.727659	1.0840595e-06
40	40999	3707.3284928798676	2653.7288	0.0	2653.7288	2653.7288	765.0	3430.8345	25.932384	3480.585	3397.739	1000.0	268.27005	69.26704	335.87946	-38.49907	1.9786912	1.0214468	2.674414	34.349834	-10.485261	-270.7313	0.12183844	0.0007479786	0.12412942	0.120299146	0.04514624	0.860624	0.76386636	8.69553	1.2516975e-06
41	41999	3812.762218236923	1538.0121	586.49194	2360.2861	1032.7571	434.0	3264.204	3.0428047	3268.5125	3259.1294	1000.0	268.73563	69.5217	336.03223	-38.295414	1.8622956	0.99268585	2.6506023	36.32646	-10.721914	-271.15933	0.12470589	0.00088986906	0.12615652	0.122994006	-0.015212004	0.85753465	0.7610523	9.72191	6.854534e-07
42	42999	3914.290467977524	3167.8745	0.0	3167.8745	3167.8745	883.0	214.27963	1.0338382	216.00197	212.98846	94.3	270.01263	69.86634	336.51047	-21.981133	1.9216658	1.0019323	2.643648	32.467228	-9.687736	-272.41495	0.123379245	0.0005802534	0.124641635	0.12251137	0.0041131666	0.8542888	0.75634587	7.2221727	3.1143427e-06
43	43999	4018.0386996269226	2936.7183	0.0	2936.7183	2936.7183	831.0	1743.191	95.44866	1882.968	1626.6116	494.9	271.5565	69.34914	337.28757	-40.476116	1.6991998	0.9722079	2.6524036	36.562984	-10.602743	-273.84445	0.12133976	0.0019156857	0.1243611	0.11779211	-0.058682945	0.8437465	0.75030005	8.354232	3.311783e-06
44	44999	4121.496607065201	3267.2698	0.0	3267.2698	3267.2698	923.0	1776.3391	123.063	2004.6406	1638.8928	495.7	273.60788	69.44883	338.2848	-19.74399	1.5335845	0.9922354	2.655017	31.240194	-11.516799	-275.9051	0.1178372	0.0011885468	0.11920962	0.11561627	-0.016588928	0.84334725	0.7508687	8.901647	3.427267e-07
45	45999	4223.761501073837	1794.0464	502.09653	2493.4587	1338.1886	510.33334	2081.401	296.8164	2842.6614	1795.512	576.9	273.05835	69.84859	339.09714	-24.256306	1.8039026	1.0052166	2.6424978	32.85865	-12.029593	-275.2994	0.11737952	0.00052552635	0.11854363	0.11628577	0.011260579	0.8363632	0.7497817	8.240219	5.1781535e-07
46	46999	4328.365589618683	1539.2512	0.0	1539.2512	1539.2512	424.0	3420.0767	18.66542	3458.3733	3400.436	1000.0	274.0576	69.840515	339.0354	-23.696667	1.5661722	0.9965522	2.591254	33.316086	-9.525256	-276.21814	0.11825105	0.0008979388	0.11988078	0.11675006	-0.007310054	0.8413843	0.74785674	8.724857	4.068017e-06
47	47999	4433.916742563248	3516.2415	0.0	3516.2415	3516.2415	994.0	3401.2437	4.209839	3410.6772	3395.3774	1000.0	274.41785	70.568924	339.816	-36.00738	1.5447307	0.9896234	2.6119685	32.358162	-13.491327	-276.57724	0.115985624	0.00044860106	0.11722808	0.11490287	-0.022308223	0.84012526	0.74486005	7.8298926	3.1143427e-06
48	48999	4536.264226436615	3517.641	0.0	3517.641	3517.641	1000.0	1248.5608	47.7747	1332.5178	1208.6296	352.8	275.05167	69.565506	339.50708	-17.101126	1.6441867	0.9854194	2.587836	31.86728	-10.504719	-277.13586	0.11395656	0.0009912645	0.115598135	0.1124283	-0.03164334	0.8406913	0.74386877	8.530492	1.4230609e-06
49	49999	4641.03681230545	3382.14	0.0	3382.14	3382.14	1000.0	3367.5078	21.885288	3398.9524	3340.5806	1000.0	276.27057	69.088135	339.81714	-34.696682	1.5620683	0.99170953	2.6167948	31.611202	-11.861976	-278.39243	0.111789376	0.00035673555	0.11257215	0.11076198	-0.01812315	0.8482314	0.74737763	8.925178	1.6391277e-06
50	50999	4746.477040052414	3235.7527	0.0	3235.7527	3235.7527	910.0	3411.0632	10.986105	3423.4834	3393.0674	1000.0	278.12646	69.28807	340.79938	-33.49482	1.6931074	0.9744153	2.6274686	32.646297	-13.879331	-280.21252	0.10875127	0.001003708	0.11088196	0.106218964	-0.056747504	0.84402037	0.7482151	8.32041	1.9073486e-06
51	51999	4849.03387928009	3068.9194	0.0	3068.9194	3068.9194	872.0	1422.0278	39.857098	1491.1151	1368.5059	393.8	279.75513	69.00631	341.96265	-27.620363	1.6472975	0.9987138	2.6437402	32.763382	-12.634145	-281.77856	0.10603838	0.0005773225	0.106851555	0.10477863	-0.0028095723	0.83910257	0.74938214	8.369288	8.940697e-08
52	52999	4955.070571422577	3426.2153	0.0	3426.2153	3426.2153	1000.0	3382.0664	13.754906	3400.638	3356.1113	1000.0	282.23218	69.31528	343.6863	-25.968271	1.6430829	1.0090188	2.6614425	31.641151	-10.969568	-284.3227	0.10733244	0.0005155668	0.10853539	0.10610547	0.020234741	0.84852123	0.7590518	8.904355	1.4603138e-06
53	53999	5058.665385007858	3389.868	0.0	3389.868	3389.868	1000.0	3071.0781	423.8483	3577.282	2451.1663	872.6	284.1026	68.8617	343.87094	-28.818068	1.5498335	0.99431074	2.6444478	32.47215	-10.311921	-286.09482	0.10804984	0.00071071833	0.109033465	0.10664111	-0.012623817	0.85122776	0.75788593	9.241911	5.662441e-07
54	54999	5162.723140478134	2746.4312	623.48254	3369.9136	2122.9485	789.5	3419.308	17.578732	3463.87	3391.823	1000.0	283.9789	68.31235	343.6048	-28.928806	1.6885748	0.981416	2.6653473	33.925747	-12.869428	-285.93658	0.104974665	0.00074672006	0.10675563	0.1035328	-0.041808214	0.8494519	0.75885105	8.365685	1.3709068e-06
55	55999	5267.017204046249	1874.415	560.66846	2435.0835	1313.7466	547.0	3286.6519	1.7027618	3289.7249	3283.8528	1000.0	283.80502	68.17496	343.99814	-30.716248	1.8831555	1.0295343	2.6025126	28.89592	-12.207051	-285.7476	0.10561638	0.002239702	0.10853774	0.10241378	0.06639904	0.8313768	0.7450616	8.166225	1.4156103e-06
56	56999	5371.828953027725	3401.712	0.0	3401.712	3401.712	1000.0	3457.0156	17.2583	3476.9028	3422.4592	1000.0	284.93005	68.37891	344.69858	-32.07752	1.7535177	1.0197399	2.607923	32.50196	-10.427025	-286.84354	0.111046	0.0013708833	0.112783276	0.10838899	0.043592907	0.84290355	0.7492608	9.375452	1.0728836e-06
57	57999	5477.675838470459	3449.5205	0.0	3449.5205	3449.5205	1000.0	3358.4648	3.2310858	3362.2793	3353.4832	1000.0	285.6269	68.086105	344.63577	-25.709778	1.6037799	0.9715112	2.6050375	30.865654	-11.165402	-287.5136	0.109723784	0.002014278	0.11271298	0.10637442	-0.062988386	0.8368163	0.74525744	8.60514	1.4994293e-07
58	58999	5583.009003639221	3484.4685	0.0	3484.4685	3484.4685	1000.0	3469.8071	9.040843	3485.5183	3457.554	1000.0	287.0555	67.53636	344.59207	-42.015766	1.5542847	0.99464	2.6371932	32.321445	-11.327801	-288.90503	0.10770346	0.0010014724	0.109173276	0.10568422	-0.011946984	0.8576361	0.7568043	9.542601	2.682209e-07
59	59999	5686.010022878647	1806.838	0.0	1806.838	1806.838	493.0	2201.0688	1044.3647	3538.4307	1245.724	634.9	287.9381	67.520676	344.9625	-37.717564	1.6895407	0.9935516	2.6394587	33.148922	-12.114164	-289.74954	0.10600378	0.0005605514	0.1070384	0.104700424	-0.014444301	0.85635644	0.7550574	7.8687687	1.847744e-06
60	60999	5790.526985168457	2664.8245	770.25635	3435.0808	1894.568	765.0	3443.175	10.110312	3455.2056	3425.8994	1000.0	288.97354	67.61378	345.44882	-92.962456	1.5959303	0.99908763	2.661585	30.863777	-11.326565	-290.79272	0.105326325	0.0006572547	0.10643251	0.10377001	-0.0019979295	0.85339206	0.7566794	7.992157	2.7418137e-06
61	61999	5892.014720201492	1350.2903	0.0	1350.2903	1350.2903	392.0	1205.6454	20.061396	1238.1578	1177.0072	333.4	288.82126	68.257645	345.73123	-30.975697	1.6894969	0.99554056	2.627261	30.476807	-13.110891	-290.59894	0.105487436	0.0008944231	0.1067777	0.10358536	-0.010024509	0.84039974	0.7485031	7.8844404	1.0579824e-06
62	62999	5996.122457027435	2849.2217	185.55481	3034.7766	2663.667	790.5	2182.0142	860.43835	3521.0925	1473.5197	618.5	289.52444	67.7632	346.57584	-32.4389	1.623741	0.9758997	2.6147168	29.41523	-13.087722	-291.28482	0.1022267	0.0013157256	0.10404378	0.099779844	-0.05500037	0.8357333	0.74625266	8.158287	4.351139e-06
63	63999	6101.156148672104	2024.1559	753.0746	2777.2305	1271.0813	553.5	3415.0327	33.837578	3491.4426	3374.0234	1000.0	290.10233	68.35051	347.5043	-57.641132	1.7422513	1.0103106	2.6192071	30.997797	-11.224579	-291.88925	0.10182689	0.00052752334	0.10273861	0.09980538	0.023748076	0.83821934	0.75051	11.290014	1.847744e-06
64	64999	6205.819266319275	2069.1868	0.0	2069.1868	2069.1868	568.0	3073.7976	477.2548	3540.221	1929.3085	871.4	291.10898	67.87011	347.1584	-33.050804	1.7139663	0.9905906	2.6494153	29.399246	-9.639409	-292.87238	0.10059048	0.0005371579	0.10196812	0.09963305	-0.021519307	0.8420454	0.75450903	8.685968	2.8014183e-06
65	65999	6309.988901138306	1726.5758	329.59384	2143.8079	1337.998	481.0	3038.392	582.8743	3530.4243	2011.1592	855.8	291.06757	68.32029	347.67892	-33.9169	1.7356702	0.9876734	2.6119585	30.86938	-10.839869	-292.77255	0.09921405	0.0008262859	0.10060626	0.09777307	-0.028446877	0.8329162	0.74456584	8.692929	4.991889e-07
66	66999	6414.534989356995	1260.1394	77.98877	1338.1282	1182.1506	350.5	3413.3281	15.664958	3436.8547	3384.64	1000.0	291.54584	69.23402	348.564	-31.961	1.7233413	1.010583	2.6051784	29.868288	-12.7555065	-293.2009	0.098450564	0.0006172991	0.099555	0.09753219	0.024538131	0.82840323	0.7399316	9.452405	1.2516975e-06
67	67999	6516.3023853302	2371.2998	10.009277	2381.309	2361.2905	658.5	1643.2471	80.50653	1744.3903	1490.0247	454.0	291.34583	68.90501	353.77924	-29.304413	1.6891778	1.0086967	2.5848436	30.473913	-11.12466	-293.04343	0.10140863	0.00094487006	0.10249371	0.09920961	0.020052524	0.840451	0.74435717	7.7913556	2.503395e-06
68	68999	6620.899312496185	1667.4847	0.0	1667.4847	1667.4847	475.0	3346.5742	10.425239	3361.388	3332.5232	1000.0	291.61536	68.94728	356.08936	-32.95193	1.9462537	0.99380386	2.6273699	31.808327	-10.059586	-293.30026	0.10041898	0.00037167882	0.10119556	0.09988267	-0.014182229	0.84323007	0.74810225	11.611655	4.917383e-07
69	69999	6722.425041675568	3488.8047	0.0	3488.8047	3488.8047	1000.0	938.7316	9.0208435	953.08624	918.41815	263.4	292.0615	68.923546	347.83673	-24.878033	1.6500185	0.956411	2.6195722	32.142544	-11.30031	-293.73532	0.09648244	0.00236363	0.10051787	0.09286412	-0.101784244	0.82973456	0.7341942	8.921719	2.503395e-06
70	70999	6824.426889181137	1795.2555	924.2417	3019.881	787.2748	507.66666	585.95935	9.300562	606.7156	574.7644	202.3	293.00385	69.346245	364.52814	-47.267967	1.6818744	1.0175015	2.641065	32.89415	-9.949732	-294.68326	0.094553694	0.0008215148	0.09582876	0.09301613	0.041360214	0.83800006	0.7457083	9.83886	2.30968e-07
71	71999	6927.811124324799	1639.5404	591.5111	2231.0515	1048.0293	467.5	1709.054	240.67468	2046.7639	1366.8896	483.3	293.1296	68.81941	362.3579	-47.68394	1.7906559	1.0167943	2.6079755	30.710667	-12.321848	-294.7576	0.09771696	0.00060597213	0.09885202	0.095771365	0.039253175	0.84638745	0.75008863	9.321606	2.8461218e-06
72	72999	7031.393986225128	2970.6147	0.0	2970.6147	2970.6147	825.0	3240.9304	455.3659	3468.3064	2071.7815	939.9	289.97577	69.61417	348.12573	-23.416332	1.8500793	1.0109708	2.561607	28.038795	-11.220369	-291.52432	0.09932748	0.0003187375	0.10004543	0.098472364	0.025412908	0.83111286	0.7404965	8.768864	9.611249e-07
73	73999	7136.222408294678	3440.8655	0.0	3440.8655	3440.8655	1000.0	3443.8716	12.914085	3468.5098	3423.0437	1000.0	290.5255	69.24131	347.47705	-27.846294	1.7515864	0.97940826	2.562425	29.604939	-10.300946	-292.093	0.09927563	0.0010344685	0.100518346	0.09675658	-0.04765851	0.82821405	0.7357815	8.5243845	2.3841858e-07
74	74999	7241.624324321747	3447.622	0.0	3447.622	3447.622	1000.0	3138.5366	396.0409	3538.8792	2388.52	896.9	291.94977	69.0345	346.92398	-61.29599	1.7439612	0.98177594	2.591042	30.73389	-10.093598	-293.5338	0.09673062	0.0010052468	0.097802676	0.09392301	-0.04276466	0.8270421	0.7319235	7.9361043	3.2782555e-07
75	75999	7347.2176015377045	3411.3596	0.0	3411.3596	3411.3596	1000.0	3466.7957	6.3465247	3475.3389	3451.4846	1000.0	292.47003	68.71394	346.71707	-23.864069	1.9508576	0.9652016	2.6194005	29.708225	-10.814452	-294.02878	0.09193711	0.0017116328	0.0943184	0.08865596	-0.083163604	0.8252573	0.73641413	10.463408	5.364418e-07
76	76999	7451.308115720749	2414.8472	0.0	2414.8472	2414.8472	669.0	3397.3215	16.863396	3424.7063	3371.6519	1000.0	294.9842	68.287	348.0301	-30.723913	1.6066592	0.97943366	2.638155	33.71254	-9.735077	-296.52	0.08758121	0.0010163555	0.08935328	0.0859723	-0.0500207	0.8240279	0.7327402	9.515154	1.2516975e-06
77	77999	7553.337394952774	2540.4858	895.5679	3436.0537	1644.918	723.5	1344.1406	21.17499	1377.7303	1319.9246	364.8	295.60355	68.71915	348.92325	-43.384266	1.5976539	0.9931681	2.6233106	33.797073	-14.248864	-297.12332	0.08612401	0.00055184076	0.08710224	0.08494219	-0.016736384	0.8232489	0.73206276	9.690001	7.1525574e-07
78	78999	7658.224977493286	3415.9885	0.0	3415.9885	3415.9885	1000.0	3446.2097	5.553777	3456.5227	3437.754	1000.0	295.97787	68.50024	348.7657	-47.412704	1.5190036	0.98514134	2.6171052	32.495758	-12.142801	-297.4499	0.084004946	0.0008165738	0.08553751	0.08295135	-0.03669249	0.815827	0.7296688	9.527763	1.0728836e-06
79	79999	7761.341681003571	3450.8945	0.0	3450.8945	3450.8945	1000.0	1601.9436	23.033485	1628.3126	1564.8402	433.2	296.5412	68.17006	348.65463	-33.77377	1.4573022	0.98286366	2.6305356	33.41239	-9.524137	-298.06757	0.082991175	0.0009749534	0.08438931	0.08084228	-0.04276304	0.8229032	0.73585373	8.271041	4.172325e-07
80	80999	7866.498533010483	2092.6775	124.20172	2216.8792	1968.4757	558.5	3411.6433	18.175245	3432.5872	3376.5256	1000.0	297.25696	68.07876	349.20123	-40.237747	1.5333443	1.0094497	2.64294	31.265297	-9.384739	-298.72208	0.082801424	0.0004106563	0.08336079	0.08088861	0.02377401	0.8308509	0.73679185	8.39323	3.8444996e-06
81	81999	7972.445024251938	3628.8765	0.0	3628.8765	3628.8765	1000.0	3444.8079	13.252167	3475.6003	3432.5933	1000.0	297.57333	67.55866	349.1706	-53.40995	1.4054658	0.9964525	2.6408007	29.791122	-12.00191	-299.02448	0.08225755	0.00040688293	0.08310435	0.081539586	-0.008800125	0.82830435	0.73807824	8.745989	3.2521784e-06
82	82999	8076.065858364105	3543.3594	0.0	3543.3594	3543.3594	1000.0	1475.1255	43.96488	1517.8744	1361.4858	402.8	298.97583	68.091545	350.53906	-21.3305	1.4625766	1.0120425	2.6549926	33.544807	-10.135655	-300.42337	0.08287378	0.0006254435	0.08371304	0.08166283	0.030122243	0.82805014	0.73776364	8.432474	6.4074993e-07
83	83999	8176.810487985611	1653.7106	0.0	1653.7106	1653.7106	450.0	8.424631	0.05691822	8.539975	8.342399	13.0	299.87756	67.553734	350.73102	-43.364914	1.4043819	0.98106354	2.6394508	30.571754	-10.464407	-301.31924	0.08148355	0.00071421755	0.08331674	0.080395795	-0.047296632	0.8254918	0.7316976	8.978852	7.4505806e-08
84	84999	8281.499238967896	2499.5486	604.77435	3104.323	1894.7743	686.0	3452.1223	148.53513	3568.6877	3049.171	974.5	300.18497	67.62271	350.9919	-23.388962	1.4273347	0.99856526	2.6277134	27.424143	-10.234205	-301.59406	0.08077025	0.0008152314	0.08207347	0.07946118	-0.0035310497	0.8340519	0.7392972	8.14984	3.1292439e-07
85	85999	8384.969844818115	3430.1519	0.0	3430.1519	3430.1519	1000.0	3426.909	4.9759703	3435.803	3417.8164	1000.0	299.4769	68.017296	351.2247	-49.972088	1.5282811	1.0231876	2.6327555	32.521233	-10.764962	-300.87155	0.083018914	0.0007923393	0.083847195	0.08037701	0.058102656	0.834255	0.746024	8.4416275	9.536743e-07
86	86999	8488.256515264511	3519.295	0.0	3519.295	3519.295	1000.0	1598.3586	50.96987	1698.6757	1533.5596	429.9	299.0191	67.10261	350.0843	-37.825512	1.5357465	1.0026509	2.6673174	34.30452	-10.484504	-300.40665	0.08404381	0.00045048524	0.0848881	0.08312386	0.006661041	0.83692425	0.7485536	10.010138	5.5506825e-07
87	87999	8592.531052589417	2256.6914	0.0	2256.6914	2256.6914	613.0	3464.5652	12.664333	3485.2524	3440.0127	1000.0	299.7879	67.07131	350.86682	-14.714125	1.35444	0.99317133	2.6258974	33.47763	-10.800301	-301.10257	0.08310672	0.0006852701	0.08437221	0.082236774	-0.01690388	0.8311222	0.74015576	8.8054	2.2649765e-06
88	88999	8698.080909967422	3504.794	0.0	3504.794	3504.794	1000.0	3497.787	5.5676694	3508.4395	3489.6216	1000.0	300.4749	67.16168	351.537	-26.043545	1.3995413	1.0042542	2.656302	34.926445	-10.276113	-301.85062	0.08367845	0.00037751655	0.08447284	0.08280418	0.010645537	0.83560485	0.74651265	10.064338	2.9802322e-06
89	89999	8801.439293146133	2698.9675	826.9711	3525.9387	1871.9965	750.5	3364.347	10.092881	3381.52	3346.8975	1000.0	300.95587	66.93265	352.4359	-39.82444	1.4024397	0.9992711	2.649093	30.06466	-9.99898	-302.3008	0.08429917	0.00040525646	0.08484658	0.083298765	-0.0017531395	0.8445457	0.749857	7.872327	6.444752e-07
90	90999	8907.063617229462	3459.3142	0.0	3459.3142	3459.3142	1000.0	3486.894	6.1127944	3494.4526	3471.349	1000.0	300.80835	66.70841	351.79315	-65.16628	1.3684129	0.9961356	2.6212373	32.672462	-10.121933	-302.10855	0.0829254	0.000506882	0.08381625	0.08208691	-0.009560759	0.83547133	0.74202913	7.958023	2.0563602e-06
91	91999	9011.91596364975	1977.1902	0.0	1977.1902	1977.1902	539.0	3568.7798	59.055176	3608.8179	3399.9473	990.0	301.82993	66.579666	353.17624	-38.38324	1.447859	0.9978917	2.5984578	29.623306	-11.179114	-303.18018	0.08271683	0.00058315735	0.08389724	0.081789665	-0.005192751	0.83334756	0.7406468	8.86088	1.2516975e-06
92	92999	9117.933167696	3510.0608	0.0	3510.0608	3510.0608	1000.0	3493.5222	3.024331	3498.7747	3487.784	1000.0	302.6825	66.63786	354.58463	-43.64863	1.4709473	0.9904999	2.6326933	32.19515	-11.614918	-304.0244	0.08225832	0.0006243904	0.08346286	0.08107448	-0.02369168	0.8421175	0.7464826	8.535364	2.0861626e-07
93	93999	9221.609308242798	3434.0708	0.0	3434.0708	3434.0708	1000.0	3247.2515	431.0515	3615.8455	2537.132	896.6	303.09222	66.08936	354.57007	-36.290512	1.3260052	0.9849044	2.6301527	32.817677	-12.096694	-304.34494	0.08118419	0.0005447937	0.08192669	0.07924063	-0.038013235	0.8408605	0.74676585	8.870036	1.899898e-07
94	94999	9326.162668943405	3492.4822	0.0	3492.4822	3492.4822	1000.0	3246.9749	545.9637	3548.2793	2070.749	917.0	303.64514	66.37528	354.8303	-48.754753	1.3943193	1.0080146	2.6436994	35.48898	-10.839155	-304.9598	0.07954481	0.00038732312	0.08015632	0.07858441	0.020353103	0.846481	0.7463713	9.564529	7.0929527e-06
95	95999	9431.560185432434	3532.9573	0.0	3532.9573	3532.9573	1000.0	3520.857	6.9897175	3532.3765	3510.5503	1000.0	304.59686	65.332535	354.8036	-48.37738	1.4748635	0.98524064	2.617702	31.888939	-12.06142	-305.83887	0.07965593	0.0006179656	0.08071049	0.07834697	-0.03732468	0.8546447	0.7488589	8.462599	4.7683716e-07
96	96999	9535.463748455048	2286.3281	135.84692	2422.175	2150.4812	622.0	1975.8002	476.9024	2925.5706	1517.6569	544.3	305.62772	65.64525	356.21924	-52.01969	1.4310071	0.99295336	2.6651647	35.623066	-11.443067	-306.9026	0.07823004	0.0004756661	0.078874715	0.0772468	-0.017914075	0.8457228	0.7502866	9.066995	1.1920929e-06
97	97999	9640.809647321701	3567.566	0.0	3567.566	3567.566	1000.0	3465.862	12.987714	3485.3313	3445.8047	1000.0	305.69012	65.69448	356.47815	-43.812534	1.3845273	0.97369254	2.618918	29.712982	-10.588604	-306.9275	0.07527491	0.00097246136	0.07760988	0.07426447	-0.06776695	0.8335332	0.7366591	8.151472	1.758337e-06
98	98999	9745.687256336212	3533.7021	0.0	3533.7021	3533.7021	1000.0	3512.2825	10.900115	3532.013	3497.0828	1000.0	306.7623	65.33638	357.7039	-40.08157	1.2845733	0.9950491	2.6365185	32.839314	-10.101336	-307.98218	0.07431055	0.00029894116	0.07492249	0.073681824	-0.012842684	0.8404058	0.7373399	7.849347	3.5762787e-07
99	99999	9847.646699666977	3625.5847	0.0	3625.5847	3625.5847	984.0	2312.0535	476.25842	3081.559	1796.7856	619.8	306.90814	65.25211	357.0178	-37.39051	1.4409729	0.9788114	2.6314774	31.146305	-11.646292	-308.16013	0.072566114	0.0013942723	0.074656785	0.070650145	-0.05552958	0.83024037	0.7353417	8.206816	3.5203993e-07
