Epoch	TotalEnvInteracts	Time	AverageEpRet	StdEpRet	MaxEpRet	MinEpRet	EpLen	AverageTestEpRet	StdTestEpRet	MaxTestEpRet	MinTestEpRet	TestEpLen	AverageQ1Vals	StdQ1Vals	MaxQ1Vals	MinQ1Vals	LossQ1	AverageLogPi	StdLogPi	MaxLogPi	MinLogPi	LossPi	AverageAlpha	StdAlpha	MaxAlpha	MinAlpha	LossAlpha	AveragePreTanh	StdPreTanh	MaxPreTanh	MinPreTanh
0	999	1.1169350147247314	18.531794	9.892109	51.2227	6.696097	22.83721	47.272575	0.66995394	48.6391	46.31941	50.2	0.0	0.0	0.0	0.0	0.0	0.0	0.0	0.0	0.0	0.0	0.0	0.0	0.0	0.0	0.0	0.0	0.0	0.0	0.0
1	1999	1.6087100505828857	20.151817	12.101919	65.203514	6.7891846	24.195122	47.272575	0.66995394	48.6391	46.31941	50.2	0.0	0.0	0.0	0.0	0.0	0.0	0.0	0.0	0.0	0.0	0.0	0.0	0.0	0.0	0.0	0.0	0.0	0.0	0.0
2	2999	2.1365880966186523	17.428719	10.798082	63.36147	5.468231	21.723404	47.385536	0.84493065	49.07926	46.138054	50.2	0.0	0.0	0.0	0.0	0.0	0.0	0.0	0.0	0.0	0.0	0.0	0.0	0.0	0.0	0.0	0.0	0.0	0.0	0.0
3	3999	2.69167423248291	18.014074	11.071851	50.493156	5.792627	20.6875	47.49043	0.9026875	49.102757	46.253006	50.3	0.0	0.0	0.0	0.0	0.0	0.0	0.0	0.0	0.0	0.0	0.0	0.0	0.0	0.0	0.0	0.0	0.0	0.0	0.0
4	4999	3.3106415271759033	20.566559	16.361631	99.95171	5.1732616	23.32558	47.594963	0.88666356	49.293304	45.661358	50.5	0.0	0.0	0.0	0.0	0.0	0.0	0.0	0.0	0.0	0.0	0.0	0.0	0.0	0.0	0.0	0.0	0.0	0.0	0.0
5	5999	108.08478617668152	161.48424	85.46059	317.90067	10.283395	82.545456	328.05762	1.1655265	330.19812	325.58313	150.1	94.21336	53.932693	184.92888	-18.666004	7.81938	-0.7888807	1.8260269	14.3473835	-9.97429	-100.551956	0.8826651	0.06320279	0.99970007	0.7763803	-0.20611575	0.8291686	0.6068224	4.373725	9.536743e-07
6	6999	211.28014945983887	224.75452	73.3997	302.73987	59.676674	103.6	67.64359	1.5396054	70.51769	66.39347	40.5	188.85759	51.923046	238.75635	-26.87639	14.472119	-0.36516052	2.2112582	18.406498	-10.083081	-198.55852	0.68447196	0.050405297	0.77617764	0.6008175	-0.51534754	0.8589109	0.64308983	4.850554	4.9620867e-06
7	7999	316.6882073879242	229.68471	62.151573	291.68192	115.49503	109.44444	343.62857	2.0050967	347.50583	341.34387	187.0	199.65536	60.445457	240.51407	-24.140322	10.308716	-0.2557537	2.3841944	20.231829	-12.43157	-208.76225	0.527933	0.040895663	0.6006585	0.45798403	-0.80732054	0.8655603	0.659106	5.488129	1.1026859e-06
8	8999	422.22178506851196	263.62003	97.85286	390.11157	97.102455	138.71428	420.02286	3.2142103	426.17603	415.1336	240.2	172.60062	55.50067	224.77458	-26.585897	7.7709365	-0.2779846	2.3697486	20.214935	-9.95653	-179.67297	0.39826015	0.033408623	0.45785487	0.34245297	-1.1828823	0.84437793	0.65562904	5.973961	3.9190054e-06
9	9999	525.3175065517426	230.13443	114.157585	412.56815	60.678757	110.5	213.72395	2.6653783	217.76886	208.70598	92.7	150.56831	41.24314	185.52554	-31.77162	4.2648206	-0.24728543	2.3312814	19.62352	-10.710697	-156.09131	0.29674038	0.025268804	0.34235236	0.25706348	-1.5147841	0.8218361	0.6485941	6.076892	7.4505806e-07
10	10999	629.989837884903	266.33914	53.76217	327.3484	188.7153	113.375	352.76898	1.8314	355.22882	349.26184	141.3	149.40671	42.16977	181.39386	-19.187069	3.9851012	0.012280403	2.4388022	21.977623	-11.00846	-154.56075	0.22753698	0.016589904	0.25699878	0.19994839	-1.4628934	0.8533024	0.6641919	6.530292	1.7434359e-06
11	11999	735.0286433696747	299.8743	77.6523	344.3547	85.7235	118.333336	334.735	1.7421683	337.7341	332.14658	148.3	150.91568	43.97205	201.30373	-23.861126	3.296232	0.43129483	2.539019	21.625996	-12.761901	-155.72972	0.18139929	0.009116023	0.19990048	0.16808747	-0.9623255	0.8822471	0.69613993	7.2454367	6.2584877e-07
12	12999	839.1608777046204	343.7212	9.664585	360.17496	329.7521	143.83333	349.0558	1.5259017	350.7285	346.58206	159.3	155.72035	48.06897	203.15688	-30.792542	2.83905	0.38390195	2.5548387	22.388317	-10.238572	-160.27054	0.15038726	0.010980096	0.1680625	0.13113375	-1.1736523	0.88180524	0.7056701	6.2383485	1.9595027e-06
13	13999	942.7319493293762	348.03937	19.13856	385.81223	315.31482	146.0	348.0246	1.2502607	350.4131	345.93646	133.9	140.82771	42.596935	180.91086	-26.578072	1.8929219	0.26759595	2.5379088	22.596888	-13.020021	-144.58844	0.11279206	0.009881965	0.13109663	0.097552724	-1.5966765	0.8500741	0.6861735	6.882876	4.708767e-06
14	14999	1046.1750826835632	345.85864	10.438911	361.7274	330.15155	127.42857	353.77496	1.011745	355.8182	352.79483	134.3	139.84064	42.565414	176.27689	-18.0496	1.6877152	0.61087555	2.6023788	22.097143	-10.091383	-143.32663	0.088885896	0.00464089	0.09752833	0.08132681	-0.93933725	0.8735073	0.70417315	7.3697977	9.313226e-07
15	15999	1147.7455303668976	356.8532	9.561569	370.83658	336.6533	129.75	365.4244	1.4762437	367.567	362.57587	135.2	142.09291	44.237095	179.9024	-25.697464	1.4863168	0.86354595	2.6839163	24.204731	-10.291651	-145.56064	0.077528015	0.002024662	0.081320375	0.074558645	-0.34792787	0.8973277	0.72634226	8.724741	2.0788284e-06
16	16999	1260.8064141273499	366.83136	8.603326	377.53046	348.36	129.375	390.0078	1.1045935	391.5116	388.41025	135.4	143.10426	44.949196	180.75224	-32.02234	1.4575763	0.9349299	2.7056289	24.233845	-11.59238	-146.30684	0.07227675	0.0014107319	0.07455563	0.07019172	-0.17070575	0.90288776	0.739153	7.692535	1.15484e-07
17	17999	1374.9947199821472	372.65085	11.730117	386.78796	353.24423	130.42857	400.47275	2.194707	404.64197	396.9544	138.2	145.2827	46.21843	184.468	-19.315493	1.2943977	0.97864	2.7411323	24.369434	-11.623085	-148.48538	0.069487184	0.00053866574	0.07042248	0.06828782	-0.056926798	0.8939456	0.73848003	7.76588	5.9604645e-08
18	18999	1486.7371323108673	380.12827	4.4854703	385.7746	373.82404	131.5	366.59247	1.333427	368.2655	364.19086	126.8	147.31035	47.035442	187.11247	-18.670359	1.1644853	0.9832591	2.8055425	25.654598	-11.278135	-150.34877	0.067697234	0.0008223251	0.06878604	0.06633368	-0.044990554	0.8953936	0.7573	8.171599	2.0116568e-06
19	19999	1597.5078265666962	377.9022	11.377991	394.05948	362.46054	130.375	368.52014	3.310876	373.38776	360.10956	130.6	150.38219	48.104725	189.88086	-21.797802	1.2385048	1.0000824	2.8397446	25.626669	-10.055173	-153.26015	0.06769898	0.0006769408	0.06877576	0.06668711	0.00032998086	0.89746916	0.76778525	8.119246	4.7683716e-07
20	20999	1709.3034811019897	393.77805	6.9565916	403.98856	385.03918	134.85715	343.94443	1.3935777	346.33722	342.31207	123.2	151.03627	48.90522	190.5494	-15.155557	1.2843558	0.9756248	2.8448138	26.795952	-10.644573	-153.86903	0.065861955	0.00089221966	0.06768597	0.06427524	-0.06623197	0.8764277	0.76035863	8.526077	3.747642e-06
21	21999	1820.6369495391846	393.65958	4.564051	400.79083	383.868	134.5	396.95465	1.3468937	399.0906	394.35794	136.9	152.41112	49.726013	193.04753	-27.192879	1.2187542	0.98078805	2.8300014	25.231617	-11.298168	-155.19469	0.06444973	0.00077925023	0.06545091	0.06285796	-0.052811682	0.87801325	0.7646389	8.386218	9.23872e-07
22	22999	1931.594884634018	395.33585	8.463828	408.91275	382.17972	133.85715	393.4604	1.4130658	395.1248	391.4267	134.6	155.04807	50.463398	195.88947	-23.52568	1.2362434	1.0227637	2.8372688	29.197264	-11.181275	-157.75928	0.06418132	0.00027529642	0.06467277	0.0628646	0.06283339	0.88602775	0.768122	7.949938	4.4526532e-06
23	23999	2041.9927678108215	406.81223	3.9829645	413.74103	401.9014	137.0	471.88852	1.8344814	475.14868	469.7306	154.5	156.13594	51.08435	196.98807	-22.750614	1.1333232	1.0057509	2.8458343	28.604498	-10.038299	-158.75047	0.06540009	0.0003714132	0.06604242	0.06459653	0.015834078	0.89327246	0.7791398	8.587342	1.1920929e-07
24	24999	2153.469580411911	411.96777	4.8366127	422.2715	406.46768	138.625	388.94382	38.18233	410.5743	307.9678	135.2	157.21175	51.529263	198.63622	-20.577347	1.0350407	0.9922363	2.8682814	31.555927	-10.678021	-159.78397	0.0654023	0.0006825368	0.066830784	0.06451252	-0.021096969	0.8818671	0.77818775	11.4192295	2.3543835e-06
25	25999	2266.878928422928	405.24362	37.76404	425.38486	313.0587	138.0	427.43002	1.8020599	430.36633	425.03232	143.8	158.32526	52.343044	200.1925	-20.158236	1.0362511	0.9893095	2.8100333	26.60375	-12.972298	-160.77544	0.063569196	0.00063484	0.06502705	0.062723465	-0.029292515	0.87811905	0.77525115	8.962999	8.940697e-07
26	26999	2380.6144213676453	397.55746	58.860897	432.09686	253.8415	137.0	420.18634	0.9020833	421.59427	418.85886	140.8	160.41745	53.20257	204.3938	-16.401054	1.1327242	1.0014081	2.7900674	29.510292	-10.741711	-162.8667	0.06490621	0.00057195453	0.06575915	0.06346528	0.0039789276	0.87788117	0.7789849	10.815298	3.6358833e-06
27	27999	2494.4987280368805	421.02655	5.943827	430.7087	413.22574	142.71428	434.7644	1.9079156	438.82324	432.15997	145.7	161.53584	54.411243	205.08344	-16.073904	1.1730453	0.98649514	2.8146112	27.011288	-10.843784	-163.93016	0.06326847	0.00053469953	0.06385767	0.06222391	-0.03726686	0.87936157	0.78163034	8.966712	6.854534e-07
28	28999	2606.4620819091797	424.27713	4.6523237	430.6783	416.80164	143.28572	419.26422	1.411567	422.66583	417.7954	142.6	161.46054	54.73423	206.15488	-36.748047	1.1617075	0.98601836	2.8129368	29.024765	-10.820038	-163.80838	0.0611179	0.0007097322	0.06258384	0.0601128	-0.038869753	0.87681663	0.78211844	8.834714	8.34465e-07
29	29999	2717.7977583408356	407.29242	53.39583	434.77374	277.16693	141.71428	532.05316	9.633777	557.32263	523.86334	164.0	162.35718	55.055386	211.61723	-28.623074	1.1046336	1.0260155	2.8619356	26.810413	-11.530806	-164.63026	0.062591605	0.0012389941	0.064363435	0.06086182	0.07236988	0.8947429	0.7975044	12.336706	7.1525574e-07
30	30999	2828.3817949295044	450.5161	38.395393	505.39792	386.78238	154.83333	477.8786	2.7843993	483.1485	474.16638	159.0	165.58846	56.707676	225.92136	-20.818018	1.2805473	1.2046192	2.8677452	26.904339	-13.2368765	-167.93791	0.07068805	0.005385728	0.080714494	0.06335368	0.5387633	0.9040781	0.8160687	10.470376	5.5134296e-07
31	31999	2936.657751083374	518.6776	22.443645	559.8821	491.58456	169.83333	64.8763	1.4237	67.51537	63.621834	39.6	172.6018	61.43229	228.51178	-36.475933	1.4943862	1.0501382	2.7352192	28.017994	-13.057575	-175.06975	0.08460295	0.0009099341	0.08577733	0.080742925	0.124970086	0.89316237	0.80055165	9.379581	1.0840595e-06
32	32999	3047.5347356796265	536.5787	17.33027	565.725	511.60947	170.5	316.50275	1.7168806	318.66595	313.05804	120.3	173.27696	60.50742	224.97679	-26.061209	1.3286165	0.9704773	2.7456667	25.76114	-10.191843	-175.70181	0.08253457	0.0016144371	0.085779496	0.08101474	-0.0731576	0.87369716	0.7959652	9.754238	1.1920929e-06
33	33999	3157.4708371162415	507.3655	59.526463	608.368	404.8091	163.16667	552.8411	4.552182	558.16235	545.7742	177.7	177.118	62.37982	230.77357	-19.4945	1.3827475	0.9942351	2.780762	26.242218	-13.056204	-179.56778	0.083457	0.0011598325	0.08514573	0.08133095	-0.014357956	0.88053554	0.80145943	9.085536	2.9802322e-07
34	34999	3266.5580093860626	615.73236	46.633907	670.57544	546.7569	191.2	241.18002	1.3996003	242.2649	237.44643	100.7	176.52892	61.806774	229.76852	-23.367233	1.3552524	1.026755	2.8035	26.115452	-13.850569	-178.88087	0.08020761	0.0014099728	0.08418072	0.07809666	0.066815935	0.8976395	0.80019116	9.3006735	1.66893e-06
35	35999	3375.1243138313293	646.30206	30.811848	675.43646	588.12354	200.2	642.6513	2.3941414	647.4321	639.68054	200.5	183.07935	64.69157	239.97426	-18.642551	1.2784572	1.066751	2.7326732	27.802975	-11.584645	-185.53038	0.08983179	0.0022121854	0.092258506	0.08421364	0.16221043	0.9009274	0.79523754	10.3010235	5.453825e-06
36	36999	3484.0122134685516	708.8566	72.5522	844.3301	645.03125	218.6	647.1306	6.8750153	664.9608	640.7897	209.0	187.41809	66.58553	249.15707	-23.477375	1.5214219	1.0694834	2.7572572	27.184816	-11.118262	-189.90858	0.097521745	0.0024156172	0.10130573	0.09226257	0.16244227	0.9103689	0.796091	9.429544	1.616776e-06
37	37999	3594.9372494220734	783.36945	96.57441	880.6235	649.53314	243.5	929.15967	4.567274	937.3679	923.74713	288.1	191.47466	68.40886	252.9756	-31.87308	1.6632061	1.0416728	2.748735	25.383867	-9.700344	-194.05022	0.10486765	0.0016301249	0.107807666	0.101330295	0.09416098	0.9129162	0.7972721	12.02547	1.7881393e-07
38	38999	3705.34010386467	690.6282	297.2802	1011.5991	227.22673	220.25	346.063	1.539976	348.07297	344.18735	136.5	192.97162	68.711815	256.44165	-22.192892	1.7827709	0.98693895	2.7251322	28.207664	-11.093205	-195.49503	0.10761941	0.00094346417	0.108804084	0.10563497	-0.029166946	0.9057395	0.7867168	10.453792	1.6391277e-06
39	39999	3815.9447286129	820.00085	115.51235	952.61676	634.6828	250.25	1055.3403	15.041799	1083.6788	1026.5753	316.4	196.47221	69.62133	267.68704	-25.941143	1.8044798	0.9733108	2.7358959	25.346952	-10.631555	-199.00987	0.10392023	0.0017481185	0.10659921	0.101209596	-0.060390543	0.8864147	0.78314227	9.061361	3.3527613e-07
40	40999	3925.303116798401	915.8454	39.697426	957.64716	858.24725	273.75	864.38165	21.613897	894.0593	835.2716	254.1	200.60323	71.68872	277.44098	-19.72304	1.6017189	0.99473625	2.773754	26.062618	-10.765198	-203.17603	0.10139115	0.0007200679	0.10267847	0.10042162	-0.012011494	0.90200496	0.7955501	9.384034	3.2782555e-06
41	41999	4035.4103791713715	904.2446	232.83383	1134.5049	515.67114	268.0	979.7759	24.148413	992.5391	907.68567	293.5	203.70976	72.818184	283.76425	-23.045277	1.871287	1.0212921	2.7422514	24.572172	-10.228314	-206.24803	0.10272289	0.0015822772	0.10488971	0.10017309	0.048614673	0.88719565	0.79126203	8.46482	3.695488e-06
42	42999	4145.348848581314	940.22217	76.32771	1045.537	867.0593	289.33334	1428.474	18.724258	1450.127	1397.7499	413.6	206.09065	73.82101	292.8904	-21.61192	2.0270486	1.0500455	2.7305765	27.116306	-12.547413	-208.69553	0.10962349	0.0019554761	0.112041794	0.10410003	0.11147716	0.8863925	0.7889259	10.672793	9.834766e-07
43	43999	4254.82541179657	988.40765	108.43439	1176.0518	918.49866	288.75	905.412	77.50878	1128.6603	861.43066	284.1	207.71156	74.53364	291.41492	-44.957962	1.8560781	1.0002912	2.6527581	24.545767	-17.206963	-210.23907	0.11262176	0.0003282894	0.1136718	0.11205208	0.0007023435	0.8787485	0.78112334	9.750235	2.5480986e-06
44	44999	4363.230894327164	910.51245	27.02027	933.63086	872.6037	271.0	836.23596	12.51962	857.3622	818.16174	249.8	208.8197	75.10147	294.78018	-18.610374	1.9712745	1.0070033	2.6554	24.976177	-9.744939	-211.31854	0.11296687	0.0008769281	0.11422504	0.11102189	0.015343938	0.8766589	0.78366506	9.346607	9.685755e-08
45	45999	4472.931511163712	1009.65955	129.21454	1232.0038	912.13104	295.25	843.9798	12.132514	863.0862	821.33	281.4	210.6884	74.71155	294.4358	-18.058235	1.7686979	0.9921043	2.701359	28.335634	-12.167702	-213.15411	0.11334751	0.0008339662	0.11510522	0.111989476	-0.017152159	0.8725389	0.7851311	9.002056	3.8594007e-06
46	46999	4583.330158472061	1529.741	450.9693	1980.7102	1078.7716	456.5	573.8505	14.675557	612.0068	556.0667	208.0	212.18378	75.526405	296.27872	-53.312527	1.8142837	0.9997759	2.6833704	25.573318	-10.709621	-214.61174	0.11181929	0.0005620241	0.11289594	0.11092683	-0.00042448426	0.8731279	0.78760225	8.889144	8.34465e-07
47	47999	4693.3897931575775	3168.1174	0.0	3168.1174	3168.1174	1000.0	1234.6287	87.02882	1419.0902	1150.9948	375.0	213.82524	74.93133	294.77655	-22.262089	1.806515	0.9902508	2.6908386	26.283903	-10.565113	-216.20544	0.11126715	0.0006451655	0.11222246	0.10989543	-0.021382611	0.8721481	0.7888858	8.777549	4.7683716e-07
48	48999	4803.9322299957275	1499.3865	223.65363	1723.04	1275.7328	460.0	1034.7	23.454216	1079.0474	1003.85516	306.3	215.87381	74.94705	295.1658	-29.546886	1.9201562	1.0154554	2.7095873	28.035614	-11.229814	-218.23518	0.110656306	0.0009863302	0.112983756	0.10914028	0.033958986	0.873348	0.7929224	9.786873	5.1409006e-07
49	49999	4916.524519205093	1181.9894	310.6383	1436.4033	744.6222	364.0	1997.0754	420.2993	2952.4294	1735.5916	643.7	217.72615	75.755585	300.814	-31.350622	1.9003357	1.0167745	2.6941411	26.494804	-10.892156	-220.0375	0.11428364	0.00085827004	0.11612821	0.112968266	0.036407646	0.8688108	0.7858598	9.221283	8.34465e-07
50	50999	5031.22135591507	2880.9226	0.0	2880.9226	2880.9226	1000.0	2857.6257	20.183975	2894.5989	2833.2852	1000.0	219.83011	77.055824	302.36685	-30.147652	1.8948742	1.0441858	2.6464934	26.354885	-12.319208	-222.21619	0.12039865	0.002292908	0.12434876	0.11602172	0.09370211	0.8658068	0.78191125	8.774927	2.592802e-06
51	51999	5141.1482656002045	2921.6523	0.0	2921.6523	2921.6523	1000.0	946.58026	5.957817	957.24915	937.9616	277.6	220.89801	76.68981	299.4734	-21.34801	1.9216148	0.99561834	2.6120765	26.645319	-11.358118	-223.26173	0.12517941	0.00069979014	0.12657487	0.12358816	-0.009093607	0.86713916	0.7764504	8.414325	4.982576e-06
52	52999	5253.836689710617	1236.702	380.63055	1773.3163	931.6084	365.0	2797.4863	625.7549	3268.7769	1796.6836	863.9	222.41171	76.155945	301.60757	-30.31884	1.7684084	0.97085774	2.5973964	27.020233	-12.053951	-224.68556	0.12015491	0.0017947009	0.123666	0.117545985	-0.06159871	0.8552518	0.772367	8.819968	1.7974526e-06
53	53999	5368.449291229248	977.5755	66.2342	1027.0399	883.95636	288.0	3058.6133	3.1616807	3063.2031	3053.3079	1000.0	222.77214	76.6604	301.57407	-18.980444	1.7592738	1.0093958	2.6315603	26.66257	-11.445843	-225.00676	0.11756811	0.00085897115	0.11930661	0.11611849	0.020111287	0.8588824	0.7784977	11.821093	2.115965e-06
54	54999	5482.818359136581	3290.6902	0.0	3290.6902	3290.6902	1000.0	3306.3386	6.1825805	3318.1638	3298.0134	1000.0	224.43932	76.21114	301.21872	-37.34749	1.753438	0.97605944	2.6240838	26.068579	-11.281387	-226.67508	0.1170644	0.0019239786	0.119423345	0.11367492	-0.051288083	0.8594134	0.7753645	8.1055765	1.6391277e-07
55	55999	5595.6511154174805	3267.856	0.0	3267.856	3267.856	1000.0	2738.162	605.3458	3434.4792	1891.8339	818.4	226.34612	76.99222	305.32172	-29.338871	1.8092768	1.005039	2.5995913	25.36114	-11.544076	-228.50798	0.11427835	0.00054023025	0.11562402	0.11298604	0.01094492	0.8591523	0.77434444	9.175615	5.4836273e-06
56	56999	5704.7188839912415	3232.0815	0.0	3232.0815	3232.0815	1000.0	894.8545	1.9823726	899.0474	892.5643	271.1	228.30873	77.34029	306.91208	-18.54722	1.6965516	1.000991	2.6130662	27.787703	-10.456546	-230.5249	0.114809625	0.0007758151	0.11595922	0.11353716	0.0021885147	0.8581451	0.7746178	9.101051	2.9802322e-07
57	57999	5819.085946321487	962.1497	0.0	962.1497	962.1497	286.0	3216.1692	12.222811	3241.8982	3199.9998	1000.0	230.35544	77.89608	309.20114	-30.613985	1.6776941	1.0014577	2.6446831	27.55293	-12.634099	-232.5621	0.117349796	0.0006395175	0.11822987	0.115820736	0.0031953012	0.86585784	0.7825128	8.94646	1.2814999e-06
58	58999	5932.862114429474	1890.9723	978.70154	3270.089	1099.8628	567.6667	3213.197	1.0651082	3214.947	3211.6118	1000.0	232.45695	78.61083	310.52713	-23.845938	1.7086827	0.9925861	2.6545775	27.305862	-12.28701	-234.6414	0.1147583	0.0008006386	0.11687678	0.1135572	-0.015931357	0.8612823	0.78609586	9.21327	1.3411045e-07
59	59999	6046.53732585907	3265.6826	0.0	3265.6826	3265.6826	1000.0	2690.62	783.07574	3385.2026	1537.477	801.7	232.68399	79.19047	312.79092	-24.009512	1.7031721	0.98292947	2.6517324	27.332825	-11.114355	-234.80986	0.11269047	0.001219687	0.1148108	0.11127882	-0.03713471	0.8514533	0.77957034	10.27113	2.0500738e-07
60	60999	6158.884436368942	3251.6108	0.0	3251.6108	3251.6108	1000.0	3305.0547	1.9634218	3307.9802	3301.6504	1000.0	235.11078	79.283966	313.8907	-26.712347	1.6601409	0.9934929	2.6688025	27.461731	-11.9575615	-237.21342	0.11102338	0.00037887503	0.11183723	0.11035162	-0.014246655	0.852693	0.78057534	9.468352	4.7683716e-07
61	61999	6271.1693868637085	3248.323	0.0	3248.323	3248.323	1000.0	2865.7532	577.29346	3305.831	1737.8682	858.2	237.33928	78.848366	315.1007	-20.717	1.6060703	1.0034776	2.64148	26.198145	-10.316183	-239.39629	0.11177701	0.00069278985	0.11296832	0.11038441	0.0077159423	0.85236245	0.7747381	11.83913	2.3655593e-07
62	62999	6383.903404712677	1229.1912	0.0	1229.1912	1229.1912	352.0	3234.5168	4.342874	3239.4106	3226.9368	1000.0	238.42493	78.90089	315.89026	-22.296713	1.6914631	1.0052729	2.66311	27.298622	-10.190838	-240.52621	0.11167871	0.0005795873	0.11251116	0.11013218	0.011622059	0.8568925	0.7788611	10.610856	2.9802322e-08
63	63999	6492.930835008621	1948.7842	955.31757	3287.1309	1119.7091	581.0	1173.9425	76.45608	1299.4259	1115.8488	339.2	240.26202	78.96558	317.00766	-27.280281	1.6376867	0.99905646	2.647619	27.73713	-11.065179	-242.27698	0.111775756	0.00037630377	0.11259714	0.11096	-0.0020088057	0.85480475	0.7737934	9.935422	7.4505806e-07
64	64999	6606.2011976242065	1195.0132	187.35013	1382.3633	1007.663	348.5	3135.5745	1.9190457	3139.168	3132.8308	1000.0	240.3453	79.97779	318.9938	-25.885668	1.7825255	1.0010904	2.64152	27.675392	-11.242065	-242.39513	0.11190279	0.00034816167	0.11263946	0.11110303	0.0024459534	0.85312855	0.7730715	8.925344	5.26011e-06
65	65999	6715.399704694748	3208.53	0.0	3208.53	3208.53	1000.0	1005.4872	4.6492405	1013.57245	998.6999	298.1	241.37743	79.68041	319.89444	-24.550594	1.592529	1.0034078	2.614553	28.679749	-10.819357	-243.32178	0.111089095	0.00067486963	0.112619504	0.1102088	0.0074948026	0.84960896	0.76987076	11.034399	1.1920929e-06
66	66999	6829.139135122299	3188.6875	0.0	3188.6875	3188.6875	1000.0	3057.4607	1.3288753	3059.8206	3054.7886	1000.0	241.52538	79.68301	318.66354	-17.078014	1.6152333	0.98596984	2.6370735	28.612587	-13.137682	-243.46323	0.11203181	0.0010281838	0.1135374	0.110199235	-0.030726368	0.852778	0.7717773	9.067211	9.685755e-07
67	67999	6943.213480234146	3287.4666	0.0	3287.4666	3287.4666	1000.0	3164.628	2.6382716	3168.7812	3160.7573	1000.0	243.13928	79.17976	319.33154	-18.499495	1.6456555	0.9860497	2.6471202	27.080404	-10.76372	-245.11119	0.10901711	0.0010342877	0.11069816	0.10731289	-0.030883942	0.8499108	0.76940256	10.92647	1.6987324e-06
68	68999	7057.182536125183	3220.795	0.0	3220.795	3220.795	1000.0	3120.0872	1.3763877	3123.0486	3118.14	1000.0	245.32054	79.67904	320.40482	-20.019342	1.5448927	0.98922396	2.656193	27.552095	-10.767214	-247.25072	0.10741713	0.0006459035	0.10849836	0.10584818	-0.024052667	0.84926337	0.77056235	10.02558	7.4505806e-07
69	69999	7170.266901254654	1375.1082	0.0	1375.1082	1375.1082	395.0	2478.3154	933.4053	3420.7712	1396.9045	718.8	247.28958	79.76069	321.6135	-48.432938	1.5315747	0.9928512	2.644192	28.228455	-10.876474	-249.18857	0.105289124	0.0009847814	0.106587164	0.10360593	-0.016033143	0.8483882	0.77044773	11.552269	9.1455877e-07
70	70999	7280.726663351059	2181.9722	1066.5602	3248.5322	1115.4119	660.0	1191.7585	49.217594	1260.7229	1125.1296	349.4	247.45863	80.05387	322.24936	-24.231676	1.6614022	0.9980859	2.67057	28.985203	-11.545685	-249.30113	0.10521055	0.00041303088	0.105871476	0.10427652	-0.0042658346	0.84370375	0.7699798	11.05789	1.758337e-06
71	71999	7395.529188871384	2401.369	834.45355	3235.8225	1566.9154	726.5	3177.091	1.7740841	3179.3333	3173.95	1000.0	248.36299	79.024475	322.27475	-32.70208	1.6384956	0.9707825	2.6443279	26.272999	-13.69012	-250.24222	0.10228333	0.001550746	0.10500376	0.09925588	-0.0666787	0.84520864	0.7707147	9.135185	2.9802322e-07
72	72999	7511.013266086578	3216.0234	0.0	3216.0234	3216.0234	1000.0	3304.7493	3.3725886	3310.1726	3298.9443	1000.0	249.08612	79.55856	323.34058	-36.7087	1.5585965	0.995372	2.6594973	27.596088	-12.156728	-250.91266	0.099118106	0.0006188624	0.100551784	0.09821679	-0.010642286	0.84504247	0.77379435	9.63422	8.34465e-07
73	73999	7624.766191482544	3275.518	0.0	3275.518	3275.518	1000.0	3389.4146	5.0847363	3395.831	3380.4019	1000.0	250.23502	79.52591	324.04477	-22.775585	1.5390778	0.97968876	2.6696558	25.319168	-11.235021	-252.02434	0.09733183	0.0013394477	0.09945226	0.09508097	-0.04732456	0.8423507	0.77098966	9.904103	1.0430813e-06
74	74999	7738.312161445618	3283.596	0.0	3283.596	3283.596	1000.0	3247.3398	4.06136	3254.607	3238.4514	1000.0	251.47523	79.094025	324.8854	-27.587875	1.4201454	0.99625564	2.672865	25.709534	-12.353519	-253.21303	0.09487333	0.00060815905	0.09594373	0.09399707	-0.008753241	0.8350406	0.7687194	12.076833	1.5422702e-06
75	75999	7850.793571949005	3255.259	0.0	3255.259	3255.259	1000.0	3302.896	1.5958661	3305.1187	3300.506	1000.0	251.82571	79.43367	324.82504	-29.0264	1.5083445	0.99381727	2.6783571	26.193865	-11.191365	-253.62328	0.095464736	0.00054201833	0.09643119	0.094048336	-0.014521357	0.8367539	0.77048594	10.048321	5.19678e-07
76	76999	7964.347132921219	1316.8387	0.0	1316.8387	1316.8387	370.0	3239.8203	2.6135054	3243.3806	3234.6252	1000.0	253.73286	79.14716	325.71292	-23.882591	1.5244895	1.0020828	2.6640694	27.656937	-11.372276	-255.42412	0.09454481	0.0002093157	0.095019944	0.09402139	0.004959363	0.827637	0.7636748	9.325458	4.8056245e-07
77	77999	8078.723466873169	3292.846	0.0	3292.846	3292.846	1000.0	3325.2944	4.709795	3334.2178	3318.2678	1000.0	254.77484	79.55661	327.16342	-31.523317	1.5277611	0.9968987	2.6775835	26.165108	-10.585614	-256.5287	0.0944826	0.00080595183	0.09567672	0.09327338	-0.0072690295	0.8342265	0.76702565	10.354976	9.23872e-07
78	78999	8192.719623327255	2660.233	672.6562	3332.8892	1987.5768	777.0	3355.105	2.4139996	3358.2866	3351.0627	1000.0	255.4601	79.595665	326.95407	-24.279652	1.430156	0.9936921	2.667727	28.506779	-10.659484	-257.16974	0.09282974	0.0005098528	0.09400265	0.091923565	-0.014911315	0.8302428	0.76375103	12.379398	3.5762787e-07
79	79999	8306.66301202774	3292.6833	0.0	3292.6833	3292.6833	1000.0	3281.7644	3.7277122	3289.5132	3277.8037	1000.0	255.96394	79.78479	327.4254	-21.208448	1.3640407	1.0045662	2.6655667	26.397873	-11.391675	-257.65527	0.09303092	0.0002482155	0.09349509	0.09254474	0.0108890915	0.8330784	0.76777613	9.904182	6.426126e-07
80	80999	8421.182374954224	3295.5205	0.0	3295.5205	3295.5205	1000.0	3294.5125	2.3263822	3297.843	3289.2358	1000.0	257.97998	79.38095	328.29407	-23.854063	1.3810481	0.97902346	2.6732812	27.033495	-12.865625	-259.64853	0.09206209	0.000972173	0.094080985	0.090282135	-0.050011642	0.8287813	0.763031	10.530671	1.0430813e-06
81	81999	8531.358470201492	3300.1538	0.0	3300.1538	3300.1538	1000.0	853.60583	100.2952	1154.4241	815.93634	264.0	258.509	79.290276	328.58612	-37.39567	1.4345264	1.0039674	2.7212331	27.040426	-9.478193	-260.20782	0.09135762	0.0006240475	0.09237553	0.09029152	0.009581608	0.83351797	0.7673	10.618017	3.5762787e-07
82	82999	8644.679433345795	3301.7217	0.0	3301.7217	3301.7217	1000.0	3353.403	1.6960323	3356.3413	3350.6177	1000.0	260.13828	79.35789	329.51605	-55.719105	1.347816	1.0002714	2.7012568	26.585016	-11.386628	-261.76886	0.091396414	0.00025297515	0.09198363	0.09091457	0.0007065325	0.83336663	0.76599216	10.195782	4.4703484e-08
83	83999	8757.730371236801	3298.9038	0.0	3298.9038	3298.9038	1000.0	3356.0183	4.374123	3361.6216	3349.0154	1000.0	260.72668	79.46578	329.47476	-27.497196	1.349356	0.99718475	2.691462	29.822811	-11.305729	-262.33377	0.090465315	0.00037060803	0.09105082	0.08953177	-0.0067049037	0.8274419	0.7668562	9.277786	2.577901e-06
84	84999	8872.88687467575	3291.9268	0.0	3291.9268	3291.9268	1000.0	3408.968	7.778759	3425.1992	3400.096	1000.0	262.92468	78.97526	330.958	-16.477797	1.312312	0.9837409	2.6786075	26.501911	-10.443119	-264.50272	0.08969551	0.00078723585	0.090636805	0.08795748	-0.039219204	0.82412535	0.7669572	11.45243	3.6507845e-07
85	85999	8986.234174489975	3334.51	0.0	3334.51	3334.51	1000.0	3426.646	1.6066173	3428.6807	3423.4927	1000.0	263.63702	79.48216	332.28174	-33.88262	1.328764	1.0200219	2.6894064	26.885006	-10.382008	-265.2209	0.08998784	0.0007087194	0.091014095	0.08803825	0.048377413	0.8227768	0.76674324	12.277761	2.3841858e-07
86	86999	9100.383355855942	3316.997	0.0	3316.997	3316.997	1000.0	3327.8762	3.4219112	3334.0173	3322.573	1000.0	264.20963	79.02168	331.53412	-21.292173	1.3527961	0.98879576	2.692479	30.877419	-12.786877	-265.8155	0.090947084	0.00072432857	0.091759466	0.089326784	-0.026888197	0.8223269	0.7679331	12.8814125	1.899898e-07
87	87999	9213.469522953033	1365.5444	0.0	1365.5444	1365.5444	383.0	3380.8625	1.7175162	3383.468	3377.9883	1000.0	264.40808	79.11364	331.98187	-19.934921	1.3264924	1.0124514	2.6629033	26.439007	-10.54532	-265.92435	0.089408934	0.0009843517	0.091434486	0.08818968	0.030011643	0.8203535	0.7652972	11.380708	2.9802322e-08
88	88999	9327.15321969986	3309.2988	0.0	3309.2988	3309.2988	1000.0	3326.2922	2.39038	3330.9236	3323.2373	1000.0	265.0251	78.97353	332.07007	-38.35875	1.4517415	0.9928804	2.6782365	26.314842	-10.33964	-266.6042	0.09082519	0.00055230333	0.09185061	0.08998318	-0.017021762	0.8242098	0.7660671	11.66676	1.7732382e-06
89	89999	9441.32335639	3325.342	0.0	3325.342	3325.342	1000.0	3293.7761	1.2796978	3295.8264	3291.6802	1000.0	266.29285	78.71058	332.3041	-51.74261	1.284509	0.98264486	2.6766288	27.828262	-14.011646	-267.79013	0.088783786	0.0007529415	0.09028078	0.087626934	-0.041931663	0.82453907	0.76438934	11.27586	1.4901161e-07
90	90999	9551.543637752533	3316.6768	0.0	3316.6768	3316.6768	1000.0	1873.474	76.14942	2041.4104	1784.1841	532.2	266.89023	78.86398	332.6916	-31.666391	1.4220434	0.9984204	2.6783834	27.393501	-11.438013	-268.38458	0.08762827	0.0006325237	0.08897009	0.08667736	-0.0037704743	0.82474846	0.7663151	10.280714	1.1920929e-07
91	91999	9665.37280535698	3308.6624	0.0	3308.6624	3308.6624	1000.0	3309.4185	4.8529787	3316.927	3300.8926	1000.0	268.0205	78.61389	333.75656	-25.610012	1.3067051	0.97905016	2.6881952	27.96915	-12.332556	-269.56146	0.08592584	0.0013565358	0.08823788	0.0838285	-0.05129215	0.82488096	0.76482666	10.818523	9.536743e-07
92	92999	9778.666462421417	3325.1592	0.0	3325.1592	3325.1592	1000.0	3357.271	1.5577197	3359.0671	3354.783	1000.0	268.74484	78.13527	333.71036	-33.69438	1.3111147	0.9948035	2.655829	27.26426	-11.7416	-270.25732	0.08448349	0.0004584412	0.08528225	0.08363988	-0.012803805	0.82220566	0.76153463	13.542816	2.2277236e-06
93	93999	9891.879193544388	3356.8518	0.0	3356.8518	3356.8518	1000.0	3279.2612	5.072711	3286.094	3268.6328	1000.0	269.38855	78.32476	334.16873	-28.84823	1.2818408	0.9868486	2.6704574	25.958014	-11.067928	-270.84018	0.083910115	0.0007198132	0.085034676	0.08217521	-0.032652903	0.8190779	0.7603323	11.033333	4.4703484e-07
94	94999	10004.272840499878	3343.4324	0.0	3343.4324	3343.4324	1000.0	3411.5845	3.1968338	3416.8523	3407.371	1000.0	270.77893	78.27949	334.9268	-24.4395	1.3798959	0.98732984	2.7101483	30.412336	-12.5261	-272.2462	0.08189516	0.001086413	0.08381983	0.080241926	-0.031710334	0.82572186	0.76804864	11.7572565	5.9604645e-08
95	95999	10116.171208143234	3341.9617	0.0	3341.9617	3341.9617	1000.0	3343.235	5.7169642	3356.1196	3333.4624	1000.0	271.59808	78.36939	336.4492	-18.655853	1.401167	0.99826	2.6956177	27.983187	-11.733963	-273.08624	0.07941409	0.000617642	0.080631845	0.07836946	-0.004320671	0.82050526	0.7677435	11.888087	2.1457672e-06
96	96999	10227.938985586166	3347.4734	0.0	3347.4734	3347.4734	1000.0	3336.1355	11.791559	3364.717	3323.3054	1000.0	272.12946	77.877495	335.18387	-25.77181	1.2741306	1.0091753	2.6938012	30.756004	-10.322516	-273.59995	0.08117757	0.000336487	0.0816825	0.080134764	0.023141958	0.8204318	0.765246	11.639023	5.848706e-07
97	97999	10340.737947940826	3352.4434	0.0	3352.4434	3352.4434	1000.0	3318.5806	2.394773	3321.4382	3312.8923	1000.0	272.94742	77.68947	335.12515	-26.15294	1.2303343	0.98662335	2.692373	29.105349	-13.691426	-274.39706	0.08063287	0.0007423074	0.082082435	0.07955312	-0.033633832	0.8236391	0.7643884	11.746068	1.5497208e-06
98	98999	10453.165295362473	3347.1904	0.0	3347.1904	3347.1904	1000.0	3375.5542	2.9491076	3381.7346	3371.3184	1000.0	274.36322	77.05611	335.6146	-20.922739	1.1867913	0.98385787	2.6757903	28.795567	-9.871121	-275.774	0.07901877	0.0005096845	0.07985814	0.0776611	-0.040964272	0.8210879	0.7628798	14.375685	3.874302e-07
99	99999	10564.945739746094	2539.63	806.48315	3346.113	1733.1467	741.5	3330.2798	5.229328	3338.854	3323.3105	1000.0	274.86957	77.60982	336.60995	-30.441633	1.2851174	0.987895	2.6715803	31.541056	-10.488416	-276.28406	0.07682548	0.00054270553	0.07784694	0.07593502	-0.030991344	0.8164953	0.76002586	15.529777	1.9073486e-06
