Epoch	TotalEnvInteracts	Time	AverageEpRet	StdEpRet	MaxEpRet	MinEpRet	EpLen	AverageTestEpRet	StdTestEpRet	MaxTestEpRet	MinTestEpRet	TestEpLen	AverageQ1Vals	StdQ1Vals	MaxQ1Vals	MinQ1Vals	LossQ1	AverageLogPi	StdLogPi	MaxLogPi	MinLogPi	LossPi	AverageAlpha	StdAlpha	MaxAlpha	MinAlpha	LossAlpha	AveragePreTanh	StdPreTanh	MaxPreTanh	MinPreTanh
0	999	1.647620439529419	19.052065	15.706	83.04234	5.1059	22.522728	71.25185	2.4303913	76.86563	68.148674	98.7	0.0	0.0	0.0	0.0	0.0	0.0	0.0	0.0	0.0	0.0	0.0	0.0	0.0	0.0	0.0	0.0	0.0	0.0	0.0
1	1999	2.205383062362671	18.730679	15.602331	83.04234	5.1059	22.222221	71.25185	2.4303913	76.86563	68.148674	98.7	0.0	0.0	0.0	0.0	0.0	0.0	0.0	0.0	0.0	0.0	0.0	0.0	0.0	0.0	0.0	0.0	0.0	0.0	0.0
2	2999	2.773209571838379	14.880216	10.057022	61.04082	6.0590525	19.9	73.33403	2.3587754	77.59022	69.48003	101.2	0.0	0.0	0.0	0.0	0.0	0.0	0.0	0.0	0.0	0.0	0.0	0.0	0.0	0.0	0.0	0.0	0.0	0.0	0.0
3	3999	3.3339855670928955	17.850042	17.819202	90.71151	4.7930055	21.733334	72.55286	2.5269387	75.48222	67.00689	100.3	0.0	0.0	0.0	0.0	0.0	0.0	0.0	0.0	0.0	0.0	0.0	0.0	0.0	0.0	0.0	0.0	0.0	0.0	0.0
4	4999	4.01503586769104	18.229647	11.426507	58.095108	6.4634733	22.326086	71.42021	3.4153695	75.28027	65.58687	98.7	0.0	0.0	0.0	0.0	0.0	0.0	0.0	0.0	0.0	0.0	0.0	0.0	0.0	0.0	0.0	0.0	0.0	0.0	0.0
5	5999	97.8852891921997	136.03952	63.752586	230.00308	11.223851	74.23077	115.53754	0.9597533	117.54735	113.88268	65.9	93.97032	52.74961	180.54187	-20.238577	5.647678	-0.8517332	1.7978921	12.050944	-9.878192	-100.49036	0.8801057	0.06565662	0.99970007	0.7707248	-0.22262606	0.82748795	0.6032003	4.5995092	4.3213367e-07
6	6999	191.38455176353455	152.73734	40.375336	196.42294	55.862835	87.63636	365.91028	0.9972633	367.29517	364.45068	180.7	176.31267	51.725464	217.5119	-19.85687	9.685106	-0.3979495	2.1916547	13.545206	-11.016176	-185.86198	0.6802306	0.049556155	0.77051413	0.5977728	-0.5361568	0.85865176	0.640415	4.949193	1.0728836e-06
7	7999	288.8109874725342	422.7683	26.079926	448.84824	396.6884	200.0	1026.2369	0.7679399	1027.2252	1024.9851	1000.0	173.43796	53.67328	218.16965	-31.087389	7.85094	-0.24977563	2.2681363	15.977928	-10.810532	-182.0198	0.5256007	0.040227026	0.5976153	0.45925963	-0.8045323	0.8624742	0.6555481	5.2146387	5.4836273e-06
8	8999	381.98822379112244	639.4751	310.85352	1075.1031	370.51422	507.33334	431.13336	52.38742	587.24054	401.40485	261.6	178.0074	44.197872	210.99992	-22.64509	5.044002	-0.14902815	2.264885	16.373972	-11.997503	-185.54843	0.40403017	0.03143595	0.4591415	0.35003257	-1.0478308	0.8732836	0.6554281	5.147526	2.9802322e-07
9	9999	569.5614895820618	354.84518	92.78937	548.2449	245.29832	182.16667	115.51115	4.041135	122.83129	111.48464	82.3	168.56017	39.22304	200.20161	-22.6738	3.7327747	-0.13712636	2.3018658	17.565475	-10.627088	-174.81728	0.30400053	0.024482032	0.34993306	0.26464358	-1.3508779	0.86403	0.65479094	5.6827216	7.688999e-06
10	10999	662.9605832099915	260.16464	76.98707	322.1753	73.97918	121.375	300.69135	2.0691762	303.4881	296.8603	125.3	160.13152	39.116478	201.78725	-29.419254	4.468502	0.20149599	2.4389207	21.361994	-14.132721	-165.64957	0.2343075	0.015009882	0.26457357	0.21320285	-1.1448852	0.930859	0.6969058	8.792663	1.7881393e-07
11	11999	757.2450478076935	346.84793	45.280987	449.49805	309.2488	156.28572	381.33737	1.2142135	383.72168	379.7239	161.7	161.95625	44.17823	200.94763	-29.166504	2.4598083	0.35800332	2.5012436	21.336498	-10.103454	-167.18932	0.19285026	0.013026867	0.21317126	0.16961895	-1.0637319	0.94565994	0.71021056	6.068869	2.220273e-06
12	12999	851.3415265083313	483.74008	127.177864	719.98096	343.94452	192.2	694.84	4.2017245	704.80023	689.6349	267.8	149.63715	40.247173	186.9355	-24.3891	1.5753267	0.37321043	2.560199	25.030958	-15.813131	-154.05878	0.14909677	0.010546704	0.16956659	0.13249363	-1.187671	0.93212694	0.710923	6.7570877	5.066395e-07
13	13999	945.6149933338165	637.26843	139.3753	833.8501	456.3114	244.75	497.21246	5.7318544	501.16736	480.34628	190.7	153.03229	40.591267	211.39816	-21.70227	1.71398	0.8215211	2.6387103	25.397724	-13.190163	-157.36415	0.12392335	0.0032877792	0.1324629	0.12120654	-0.36784497	0.9661171	0.7505795	6.9631605	2.3953617e-06
14	14999	1134.8856959342957	629.01855	143.8597	872.61115	498.52136	241.25	169.35864	9.680746	188.585	156.85803	198.6	164.21434	45.762974	222.57906	-15.5009775	2.2113943	1.0890725	2.5914402	24.102465	-11.942728	-168.63109	0.12519561	0.0022762313	0.1305936	0.121983625	0.18454757	0.97796935	0.7569201	7.825656	2.5629997e-06
15	15999	1229.9693014621735	582.32117	282.43936	886.94696	89.89098	209.4	1076.2769	9.775016	1094.1705	1062.5568	349.4	167.50526	45.314163	228.74356	-28.79107	2.9301279	1.0264667	2.6274328	25.454868	-11.582341	-171.76155	0.13203518	0.0021594241	0.13526358	0.12824368	0.053940184	0.96456826	0.7638277	8.929651	8.800998e-08
16	16999	1324.0369262695312	612.9208	211.52971	748.7351	194.02168	209.4	1118.4208	13.436429	1145.0391	1099.1647	349.4	181.19757	50.9264	249.8538	-34.59525	3.2454336	1.0485089	2.6905875	26.88734	-11.324821	-185.5958	0.13597095	0.002585595	0.14187077	0.13373281	0.09618093	0.9532919	0.76450676	7.709217	1.3522804e-06
17	17999	1419.1171491146088	1074.7158	35.366882	1110.0828	1039.349	357.5	1263.2244	5.802116	1271.5547	1255.0381	410.6	191.95758	55.28018	259.45316	-18.574316	2.763704	1.0184639	2.7299097	28.12928	-14.266863	-196.4379	0.14179832	0.0017010331	0.14558026	0.13968371	0.035862982	0.9337827	0.76758575	7.916466	3.5203993e-07
18	18999	1516.498375415802	1553.709	324.73187	1878.4409	1228.9772	491.0	2993.188	2.6375477	2998.832	2988.1772	1000.0	199.1304	57.173046	270.69824	-33.673283	2.3270116	0.99597573	2.678325	24.394138	-10.4102545	-203.51273	0.14600056	0.0006045603	0.1470236	0.14466551	-0.0077141114	0.9267574	0.7624211	7.0924745	2.9802322e-07
19	19999	1705.0628666877747	1203.261	311.60153	1504.289	774.0359	375.0	393.6522	313.16602	1131.8248	33.406998	186.9	203.66893	58.557106	285.90808	-30.993782	2.2434418	0.9934531	2.6744688	24.659811	-12.413521	-207.87909	0.14322183	0.00075458817	0.14485024	0.14200485	-0.0126349805	0.91948754	0.75366426	7.437625	2.9206276e-06
20	20999	1802.0107979774475	904.8025	78.31653	1015.0052	840.1232	278.0	3106.1719	2.8300192	3110.3904	3101.5825	1000.0	192.97322	55.139767	283.4618	-36.20281	3.1414423	1.0481005	2.684485	27.959015	-10.655529	-196.868	0.15254971	0.0021666524	0.15471093	0.14299832	0.09222064	0.9438162	0.7751916	8.215649	8.940697e-08
21	21999	1899.4259445667267	3181.2583	0.0	3181.2583	3181.2583	1000.0	3173.098	4.7379208	3178.2085	3163.9358	1000.0	208.55296	60.389843	297.04468	-32.82556	2.3400958	0.9927491	2.6208882	26.826538	-10.791424	-212.51895	0.15164703	0.00061042345	0.15305674	0.15048586	-0.013630392	0.90582764	0.74862224	7.1439686	1.1026859e-06
22	22999	1997.076955318451	3142.989	0.0	3142.989	3142.989	1000.0	3191.0493	1.3471254	3193.3257	3189.483	1000.0	220.50566	63.32316	303.63394	-22.057417	2.079662	0.98673576	2.621958	25.131542	-11.513624	-224.40556	0.14886798	0.0010134751	0.15083253	0.14708059	-0.025178444	0.8871905	0.74031305	7.5175996	1.3113022e-06
23	23999	2094.5861105918884	1426.9714	67.38226	1494.3536	1359.5891	419.0	3229.1401	2.6188924	3235.4136	3225.374	1000.0	226.32579	65.38278	309.82077	-51.492115	2.1080647	1.004641	2.6689348	27.518005	-10.44598	-230.21396	0.14763221	0.00090075843	0.14934522	0.14605245	0.008909575	0.8894197	0.7459767	7.5375595	3.0845404e-06
24	24999	2283.3455097675323	2112.7317	1111.7246	3224.4563	1001.007	647.0	917.1891	4.2528834	924.9291	910.95026	273.5	231.21288	66.78123	313.19998	-24.344324	2.1304302	0.97262436	2.653141	27.938496	-11.585024	-234.95969	0.14728893	0.0019934634	0.14945911	0.14272147	-0.052649587	0.8814947	0.7435383	7.4988594	8.34465e-07
25	25999	2380.839367866516	1425.1417	0.0	1425.1417	1425.1417	421.0	3153.372	1.2273915	3155.4158	3151.013	1000.0	215.96463	62.342457	303.73682	-29.97189	2.322056	0.9571828	2.6139534	29.299599	-11.97393	-219.35118	0.14276126	0.004351197	0.14738709	0.13402677	-0.08448219	0.9020201	0.75274503	8.570644	5.9604645e-08
26	26999	2478.346417427063	3238.7893	0.0	3238.7893	3238.7893	1000.0	3244.9626	3.6495025	3250.7432	3239.7966	1000.0	232.76543	65.78722	315.2978	-33.91315	1.9282169	0.96948993	2.6313393	32.089993	-9.846264	-236.21906	0.1312391	0.0016033989	0.13404804	0.12808543	-0.061931174	0.87538624	0.74152625	8.040225	9.432435e-06
27	27999	2574.721191883087	1820.7764	1024.2976	3267.6943	1037.3197	548.6667	3282.5027	7.8426814	3303.5063	3274.2864	1000.0	242.54143	68.418755	321.71472	-33.186512	1.940418	0.9996838	2.6722524	31.009132	-10.85801	-246.02946	0.12789428	0.0003936612	0.12878805	0.1269514	-0.0006014914	0.8695106	0.7442021	8.403752	1.475215e-06
28	28999	2672.3985550403595	971.4962	55.149567	1026.6458	916.3466	291.0	2942.2285	78.711044	3082.361	2818.1863	990.1	247.42006	70.04547	322.75647	-46.307186	2.3073864	1.1011027	2.6636913	31.6503	-10.535912	-250.90378	0.13490668	0.006432834	0.1492661	0.1277774	0.19993567	0.887054	0.75624436	8.378457	3.5017729e-06
29	29999	2860.4983949661255	3075.343	0.0	3075.343	3075.343	1000.0	246.21948	116.9866	309.08817	12.286445	112.0	250.24484	68.091125	321.4575	-32.83597	2.3265786	0.9372036	2.609247	31.189697	-10.914798	-253.64635	0.14579958	0.0046029217	0.15171275	0.13611424	-0.12209872	0.8810329	0.74469936	8.641689	5.6624413e-06
30	30999	2957.337940454483	1489.0425	1251.6659	3166.4583	160.73409	473.0	3256.5303	5.414813	3262.6116	3243.5066	1000.0	229.70294	62.235893	309.52365	-50.58876	2.6774418	0.9327925	2.6302083	33.270187	-10.285651	-232.64122	0.14097443	0.00661637	0.14899956	0.12748033	-0.13552465	0.9073877	0.7597215	9.546698	2.682209e-07
31	31999	3051.8869802951813	1262.8635	0.0	1262.8635	1262.8635	372.0	604.9689	859.3281	3182.9336	314.71362	221.1	242.3549	66.73251	322.739	-44.422222	2.1612012	0.9436931	2.6319854	32.842796	-11.685408	-245.32642	0.1226429	0.0018738287	0.12745753	0.1197305	-0.11765887	0.8725113	0.7350553	8.640709	6.183982e-07
32	32999	3149.344512462616	2920.998	333.31055	3254.3086	2587.6875	876.5	3204.053	3.0580468	3207.3313	3196.1067	1000.0	250.59706	68.23857	326.79825	-53.61433	2.107165	0.9804224	2.651143	32.12542	-12.282208	-253.67609	0.11893858	0.0009036764	0.12059392	0.116560794	-0.04178613	0.87253606	0.7394967	8.814695	4.172325e-07
33	33999	3246.69154381752	319.04932	0.0	319.04932	319.04932	137.0	3339.0398	11.400107	3353.2295	3325.0327	1000.0	253.58919	69.53189	330.62054	-25.829306	3.3258924	1.0498533	2.6523871	32.30825	-9.936071	-256.5945	0.121421255	0.0037963	0.12562877	0.11577745	0.10553438	0.88221574	0.74876195	8.381526	2.2584572e-06
34	34999	3438.477121114731	2432.7214	850.6665	3283.388	1582.0549	732.0	3368.436	5.393199	3380.7324	3360.1199	1000.0	255.6782	69.60695	330.01178	-30.984007	2.641621	0.98677486	2.6641185	31.5605	-11.368471	-258.60806	0.124342255	0.00089752726	0.1259992	0.122442454	-0.027537335	0.8757912	0.74678785	8.717417	2.3841858e-07
35	35999	3535.8214814662933	1393.2078	493.83185	1887.0397	899.376	411.5	3290.5715	150.24606	3463.403	2899.9265	966.9	240.62918	65.41999	319.97574	-42.86155	3.0292633	0.9850423	2.665197	30.868608	-11.2241955	-243.3504	0.12757806	0.0035936926	0.13210918	0.12032329	-0.031092606	0.8933878	0.75767064	9.323959	4.5716297e-07
36	36999	3633.5887224674225	2161.615	1120.0764	3281.6914	1041.5385	652.5	3236.083	7.2802033	3249.3933	3228.2107	1000.0	252.6589	67.445206	325.603	-74.63976	2.3403401	0.93240446	2.6572275	30.981396	-10.693447	-255.37865	0.11435213	0.0028719986	0.12029975	0.11054715	-0.1458061	0.86725795	0.73731947	8.250663	2.0861626e-06
37	37999	3731.2734797000885	3315.2441	0.0	3315.2441	3315.2441	1000.0	3296.4285	3.9189844	3301.9993	3289.4624	1000.0	258.77106	68.33865	329.8052	-39.056396	1.9933505	1.0148284	2.6799262	28.491655	-13.790304	-261.45816	0.111951225	0.00092476804	0.113763824	0.11056022	0.03252153	0.86515844	0.7439924	9.226746	4.3613836e-06
38	38999	3828.807005405426	1130.2009	0.0	1130.2009	1130.2009	325.0	3179.8235	458.20343	3495.508	1918.7511	933.6	261.6244	68.824844	333.07788	-55.971924	1.9539297	1.012229	2.6860142	31.624393	-13.539284	-264.28674	0.11449418	0.0008300508	0.11595316	0.1127807	0.0265859	0.8711299	0.74758345	8.979966	1.3113022e-06
39	39999	4020.897807598114	3381.199	0.0	3381.199	3381.199	1000.0	2912.929	2.5680194	2919.3926	2909.5059	1000.0	264.3322	68.45875	335.13907	-54.571564	1.8106245	1.0091141	2.6495743	28.874184	-10.886385	-266.977	0.116354704	0.00045176572	0.117364325	0.11536017	0.019667266	0.8697399	0.7399353	7.9908795	4.2021275e-06
40	40999	4118.568483114243	1644.1506	968.46216	3319.3528	1033.97	485.5	3350.0532	2.782033	3353.7117	3343.713	1000.0	245.29112	64.87434	320.72647	-20.882051	2.520984	0.97114784	2.6269796	32.6855	-10.5630045	-247.67928	0.12074507	0.0042719436	0.12686537	0.11360537	-0.06166687	0.88207453	0.75221837	11.664082	1.5050173e-06
41	41999	4216.194539785385	966.88635	21.885742	988.7721	945.0006	279.5	3356.9473	1.722485	3361.3674	3355.1292	1000.0	259.34732	66.958885	328.4601	-55.450844	1.9938133	0.96323043	2.609527	30.164522	-12.248447	-261.78683	0.11072084	0.0014076071	0.11358996	0.108494505	-0.08073812	0.8581071	0.73474276	8.380035	3.1664968e-08
42	42999	4313.531302928925	2188.5513	1161.1488	3349.7	1027.4023	650.0	3318.4272	4.6642003	3324.597	3311.9155	1000.0	264.61688	68.06797	332.63602	-44.809196	1.7202	0.99823326	2.6394193	28.68205	-9.884158	-267.0718	0.10772441	0.00050162664	0.10864093	0.106944144	-0.0038902569	0.86410797	0.7395615	9.831398	3.874302e-07
43	43999	4409.398789405823	3194.6501	0.0	3194.6501	3194.6501	921.0	2115.642	1071.7048	3418.9553	958.1169	611.6	267.7555	67.63549	333.81235	-43.336758	1.7652087	1.0076983	2.6364348	30.316462	-9.745332	-270.16043	0.10915819	0.00047416825	0.110004015	0.108114384	0.017112052	0.8637715	0.73975056	8.593712	3.695488e-06
44	44999	4601.085388422012	3303.9734	0.0	3303.9734	3303.9734	1000.0	3290.0894	3.05182	3295.9902	3285.3098	1000.0	269.40552	67.37852	334.36243	-29.833258	1.7367765	0.9827535	2.629248	29.996475	-10.593615	-271.792	0.10871063	0.0008948759	0.11036249	0.10674743	-0.038286187	0.8621478	0.73922575	9.267983	6.9104135e-07
45	45999	4696.268162488937	886.933	1.4962463	888.42926	885.43677	253.0	2044.6213	730.18335	3388.7427	1338.7551	587.1	256.40073	64.463905	327.58878	-29.219236	2.118148	1.0019683	2.6208704	32.630035	-11.118957	-258.5912	0.11030988	0.0017425814	0.11276502	0.10658383	0.004859764	0.88558465	0.75395024	10.918617	6.7800283e-07
46	46999	4794.717804431915	2634.346	0.0	2634.346	2634.346	739.0	3402.0474	6.3800874	3411.815	3392.4595	1000.0	266.21127	66.13643	332.4984	-24.234879	1.7350899	0.9744894	2.6124468	31.75462	-9.729839	-268.4224	0.1045878	0.0010040557	0.10657987	0.102815695	-0.05748005	0.8606465	0.7372637	9.791036	1.6912818e-06
47	47999	4893.173052310944	3362.9268	0.0	3362.9268	3362.9268	1000.0	3398.6277	6.397882	3407.491	3384.7913	1000.0	271.3036	66.4884	335.6274	-34.00555	1.7370769	1.0040336	2.647119	32.684055	-14.0214	-273.5628	0.10322552	0.00020897732	0.10367648	0.10272058	0.009203396	0.86690044	0.74498725	9.982801	2.9802322e-07
48	48999	4990.808830499649	2218.3176	905.07465	3367.4263	1155.4989	645.3333	3394.8633	3.4556425	3399.7493	3388.6853	1000.0	273.98032	66.63431	336.92984	-37.457153	1.6728979	1.0213107	2.6371443	32.674694	-11.934053	-276.1945	0.104887746	0.000982014	0.10717742	0.1036835	0.047989365	0.8712544	0.74786085	11.243773	5.9604645e-07
49	49999	5180.290773391724	999.32904	0.0	999.32904	999.32904	277.0	6.818071	0.80145645	7.9262557	5.680827	29.2	274.45575	66.90555	337.7867	-30.66062	1.5615115	0.99618834	2.6627064	31.804176	-10.516287	-276.6503	0.10678656	0.0004067604	0.10745482	0.10591679	-0.00846924	0.8745092	0.7514733	10.732608	1.385808e-06
50	50999	5278.46635055542	3386.3127	0.0	3386.3127	3386.3127	1000.0	3365.3132	2.2265618	3369.522	3362.2705	1000.0	261.34097	63.515476	328.71204	-21.24152	2.1253972	1.0218728	2.6424918	38.06168	-13.315922	-263.4016	0.112456605	0.0015836066	0.113998815	0.10642726	0.049042374	0.88648194	0.7573292	11.0063715	2.2798777e-06
51	51999	5376.008703708649	3356.648	0.0	3356.648	3356.648	1000.0	3384.6538	3.8210003	3392.193	3377.8826	1000.0	272.17365	65.10678	334.66165	-26.209131	1.6157509	0.9501498	2.6077626	31.470184	-11.163834	-274.24326	0.10547916	0.002212575	0.108965114	0.10165588	-0.112171866	0.8620987	0.7315596	11.979164	6.482005e-07
52	52999	5474.156167268753	3327.6113	0.0	3327.6113	3327.6113	1000.0	3368.4556	55.02082	3395.661	3204.4004	989.5	277.29248	65.38019	337.25253	-28.416525	1.5877175	0.9909541	2.6291	35.126465	-10.605733	-279.38257	0.10090045	0.0005820693	0.101747386	0.09954316	-0.020697758	0.8651464	0.7326687	10.756439	1.1920929e-06
53	53999	5572.668882608414	3390.0493	0.0	3390.0493	3390.0493	1000.0	3382.356	8.716345	3391.9578	3366.6343	1000.0	279.94174	65.30605	338.29428	-40.355755	1.6475867	0.9964692	2.6481726	32.397873	-10.87215	-281.99362	0.101333596	0.00064902735	0.10224186	0.0997607	-0.008080292	0.8727438	0.73883253	11.576033	1.013279e-05
54	54999	5761.803240299225	3340.536	0.0	3340.536	3340.536	1000.0	1.3282306	0.52804214	2.3800142	0.50382423	22.1	281.1154	65.553604	339.2255	-31.481064	1.5584407	0.98504895	2.6682634	31.855862	-11.413301	-283.1515	0.09905129	0.00069843786	0.099913485	0.09684418	-0.034619074	0.8689796	0.7370775	11.613633	1.5199184e-06
55	55999	5857.204667568207	2936.4465	412.92627	3349.3728	2523.5203	856.5	1209.874	63.287086	1313.0284	1131.6215	337.2	268.39407	62.904163	331.6632	-71.89203	1.9276302	1.0231837	2.6747165	33.313416	-12.388588	-270.29633	0.10238422	0.0020128095	0.10458972	0.096914195	0.05445653	0.893973	0.7513722	11.377147	3.516674e-06
56	56999	5955.12006855011	983.06146	0.0	983.06146	983.06146	276.0	3382.5396	6.8573227	3391.0706	3372.2483	1000.0	278.4783	64.3336	337.29483	-32.610104	1.5472573	0.9381975	2.6533384	31.202686	-12.145609	-280.42545	0.09473821	0.0020601708	0.09816578	0.091681704	-0.14539936	0.86405236	0.73226637	12.944786	3.2186508e-06
57	57999	6053.718611955643	3392.2434	0.0	3392.2434	3392.2434	1000.0	3381.1177	6.8405833	3393.1936	3367.462	1000.0	282.50378	64.90402	339.58188	-28.007086	1.409363	0.96142465	2.691559	32.91565	-11.756908	-284.45438	0.08981431	0.0015226845	0.09188105	0.0871028	-0.09305797	0.8601161	0.73368645	11.90399	1.4305115e-06
58	58999	6151.392905950546	2837.7222	535.03906	3372.7612	2302.683	824.5	3415.1802	5.7089148	3423.843	3408.1475	1000.0	284.62964	64.552185	340.63806	-23.620378	1.49308	1.0229355	2.6936495	32.877518	-14.376646	-286.5515	0.08871835	0.0010584119	0.09026559	0.08685027	0.05567126	0.8677384	0.74110425	12.310743	5.364418e-07
59	59999	6338.72659778595	1891.0317	0.0	1891.0317	1891.0317	526.0	6.913409	0.07490749	6.999124	6.7573156	12.0	285.46448	64.66402	341.23163	-25.239603	1.4204448	1.0189004	2.668003	30.671467	-11.3077545	-287.32013	0.091165416	0.0010128749	0.093374886	0.08967858	0.045285325	0.8677041	0.7385981	12.262445	1.6391277e-07
60	60999	6436.029224157333	3391.5957	0.0	3391.5957	3391.5957	1000.0	3369.407	6.0378404	3380.0776	3360.7437	1000.0	271.14172	62.343914	332.43594	-28.882767	1.8758371	1.031143	2.65135	31.6665	-9.836154	-272.9214	0.098161176	0.0016035999	0.099926926	0.09280921	0.07396989	0.8863828	0.7459726	11.460257	7.376075e-07
61	61999	6533.494549274445	3355.7385	0.0	3355.7385	3355.7385	1000.0	3364.6895	6.536277	3382.3254	3357.9148	1000.0	282.1576	63.730232	338.21906	-25.245008	1.4191799	0.9484873	2.6589203	33.038757	-12.433538	-283.96033	0.09209613	0.0017852342	0.09521976	0.088887185	-0.12273258	0.86708665	0.73670995	11.924623	1.9073486e-06
62	62999	6630.838732242584	3383.76	0.0	3383.76	3383.76	1000.0	3383.2766	6.077867	3391.7417	3371.2832	1000.0	287.12982	64.444496	341.06238	-31.580116	1.4023377	0.9838217	2.6821783	29.913984	-10.803808	-288.90125	0.08741091	0.00096579886	0.08913904	0.08610276	-0.039243024	0.86241674	0.7363397	10.869442	5.2154064e-07
63	63999	6728.567233324051	3380.2073	0.0	3380.2073	3380.2073	1000.0	3413.398	7.4697447	3422.059	3400.5713	1000.0	289.2966	64.688835	342.5088	-26.584219	1.3306111	1.0112607	2.7185836	32.983185	-11.689046	-291.11014	0.08887973	0.00069529883	0.08988911	0.08712148	0.02743713	0.86437947	0.7395226	11.552146	5.066395e-07
64	64999	6917.42822265625	2414.2588	970.4917	3384.7505	1443.7671	702.0	2147.1309	751.08844	3450.7388	1497.1884	603.2	290.50186	64.53239	342.89325	-51.279957	1.3086364	0.9857129	2.6929438	30.952705	-10.52051	-292.30963	0.08714319	0.0007925038	0.08867964	0.085956745	-0.034734137	0.8637221	0.7380852	11.367374	1.2218952e-06
65	65999	7015.475550889969	1606.3076	476.0581	2082.3657	1130.2495	453.5	3394.218	6.720382	3406.8435	3385.4702	1000.0	275.71262	62.49589	334.52054	-27.641546	1.9124655	1.0706574	2.6968572	37.827427	-10.541598	-277.36887	0.09297226	0.0013008305	0.09442019	0.08641934	0.17154126	0.8800457	0.7561306	11.048206	3.427267e-06
66	66999	7113.4516813755035	3383.3088	0.0	3383.3088	3383.3088	1000.0	3383.5247	16.935318	3426.5774	3367.4324	1000.0	285.2855	63.606537	340.04507	-27.236767	1.3255205	0.91890985	2.7047267	36.35006	-12.393446	-286.91003	0.08725561	0.0021545026	0.09117431	0.08331082	-0.19768603	0.85788316	0.7400334	11.230906	1.2695789e-05
67	67999	7211.065161705017	3381.684	0.0	3381.684	3381.684	1000.0	3429.6792	9.515295	3443.9163	3409.8994	1000.0	289.29086	64.21034	342.5137	-41.42532	1.3474514	1.0033417	2.7243009	32.571445	-12.860235	-290.99774	0.08293158	0.0005325894	0.08384669	0.08198582	0.008341722	0.8544216	0.7408559	11.080586	2.2053719e-06
68	68999	7308.324761390686	3369.1895	0.0	3369.1895	3369.1895	1000.0	3411.7202	5.9994097	3418.7524	3402.8848	1000.0	291.3101	64.17196	343.42294	-43.130142	1.5668786	0.9930573	2.7338872	29.773472	-10.343716	-292.9876	0.08342705	0.00040375572	0.084017	0.082578026	-0.017193532	0.8599932	0.7414906	12.661906	5.327165e-07
69	69999	7495.950001239777	3404.3513	0.0	3404.3513	3404.3513	1000.0	217.68245	0.98597676	220.09969	215.79146	97.0	292.55203	64.00825	344.0382	-35.33208	1.3472879	0.9963066	2.723402	33.48406	-10.890731	-294.25333	0.08279833	0.0003121555	0.08333156	0.08221382	-0.009157286	0.85977536	0.7425135	10.914392	3.0994415e-06
70	70999	7593.611277341843	1520.0026	0.0	1520.0026	1520.0026	445.0	3393.4797	13.8476925	3418.748	3371.8064	1000.0	282.08755	62.27028	337.6533	-47.591164	1.7814817	1.0524502	2.726148	33.575882	-9.754056	-283.66376	0.08810214	0.0012053212	0.089581266	0.08228645	0.13020231	0.88533616	0.75858814	15.728609	1.9073486e-06
71	71999	7690.690751314163	3505.827	0.0	3505.827	3505.827	1000.0	3360.3774	6.8299165	3370.264	3349.2542	1000.0	289.61255	63.168182	342.3028	-22.547127	1.4001845	0.9536362	2.7160254	33.190174	-11.6130085	-291.17926	0.083376504	0.0012382264	0.0860252	0.08138297	-0.11493594	0.86024237	0.7418073	11.792797	3.2782555e-06
72	72999	7787.201500654221	2901.7004	470.54614	3372.2466	2431.1543	841.0	2301.2825	736.12213	3448.316	1682.4958	647.5	292.82767	63.58769	343.7145	-31.72474	1.24381	0.9769512	2.7311711	31.227665	-11.657605	-294.43774	0.08029363	0.00082785595	0.08153352	0.07868064	-0.05816745	0.8546118	0.7417397	11.683401	3.874302e-06
73	73999	7884.296503305435	1127.6967	0.0	1127.6967	1127.6967	314.0	2700.4363	702.6905	3503.264	1675.3881	765.1	294.0858	63.822792	344.87292	-32.649426	1.4010051	1.0052383	2.712937	34.233845	-10.281754	-295.68936	0.07863057	0.00036624554	0.07951472	0.078140594	0.013355468	0.8521517	0.73813635	11.0326605	4.7683716e-07
74	74999	8076.286844968796	2230.0867	870.0811	3100.1677	1360.0055	627.5	3349.7156	7.96879	3362.6619	3338.4617	1000.0	294.08688	63.980972	345.55325	-37.596764	1.3124237	0.99058634	2.766363	34.762127	-10.798197	-295.67584	0.0795399	0.0005530949	0.08029015	0.07807702	-0.023866896	0.8529228	0.74564475	11.10445	1.2516975e-06
75	75999	8173.754372835159	3532.808	0.0	3532.808	3532.808	1000.0	3195.1675	559.51306	3393.8342	1516.883	941.8	285.92624	62.277668	340.38858	-42.35538	1.5343649	1.0280794	2.7451015	34.58259	-11.405395	-287.4422	0.08230493	0.0012586348	0.08379135	0.07811735	0.07145791	0.8747008	0.7565937	10.975347	3.6358833e-06
76	76999	8268.750113725662	2305.4446	1095.4932	3400.9377	1209.9513	667.0	1112.8997	20.483473	1144.5905	1090.4153	309.7	292.00244	63.38591	343.6586	-25.874275	1.302378	0.97764385	2.7091675	33.771465	-10.481508	-293.5149	0.07866846	0.0010158137	0.08040478	0.07722938	-0.056620255	0.85287076	0.7386144	13.541259	6.854534e-07
77	77999	8366.570922136307	3399.74	0.0	3399.74	3399.74	1000.0	3412.646	17.464808	3450.9368	3381.725	1000.0	295.17493	63.383106	345.53198	-24.222122	1.1728095	0.9833177	2.699267	32.343094	-11.434263	-296.70395	0.077206984	0.00071746856	0.07809889	0.07600452	-0.04272633	0.85060114	0.73644346	9.378278	6.2584877e-06
78	78999	8460.648396730423	1283.9335	154.02856	1437.962	1129.9049	354.0	6.390222	0.057201352	6.480616	6.3032174	11.0	296.2849	63.434864	346.04373	-29.543606	1.2534182	0.9932467	2.7485561	31.691412	-11.200517	-297.7961	0.075405724	0.0004946286	0.07610336	0.074327044	-0.017385578	0.84941405	0.74266464	12.124264	9.462237e-06
79	79999	8652.510952949524	1937.1108	749.698	2686.8088	1187.4127	544.0	3466.3113	16.989365	3496.683	3437.998	1000.0	296.09894	63.841515	346.42352	-29.259659	1.5640413	0.9928054	2.7558234	32.673607	-10.273397	-297.64868	0.07490151	0.0006719735	0.07593815	0.07384855	-0.018588256	0.84637606	0.7445864	11.198265	9.536743e-07
80	80999	8750.607354402542	1842.2786	787.1758	2629.4543	1055.1027	515.5	3400.5266	5.1738095	3408.5645	3391.8794	1000.0	291.75842	63.02353	344.5214	-38.797276	1.4891797	1.0203543	2.7014954	35.837387	-10.836956	-293.1919	0.0770509	0.00073619897	0.078254975	0.074318275	0.052822344	0.8608821	0.7449824	11.324104	6.556511e-07
81	81999	8848.24123120308	3420.608	0.0	3420.608	3420.608	1000.0	3403.903	4.7925663	3411.676	3396.7864	1000.0	294.82788	63.33015	345.66888	-25.7865	1.2139957	0.99020624	2.7117174	32.779907	-10.780121	-296.25345	0.07629607	0.0005042936	0.07688108	0.075168885	-0.025208233	0.8512856	0.7420886	11.618614	1.4603138e-06
82	82999	8945.353026390076	1808.551	0.0	1808.551	1808.551	503.0	3082.575	527.8753	3562.4983	2232.2126	874.8	296.137	63.41658	347.0024	-19.28081	1.1851931	1.0036288	2.7498348	33.892445	-10.052624	-297.56854	0.07507001	0.0004246575	0.0757737	0.07426825	0.009444124	0.85225934	0.7473262	11.444772	0.0
83	83999	9041.891438007355	3417.0117	0.0	3417.0117	3417.0117	1000.0	3430.2876	9.233676	3444.915	3418.34	1000.0	297.4859	62.98145	346.91034	-25.983093	1.1423224	1.0083275	2.7327423	32.35919	-10.213829	-298.95312	0.07632985	0.00044585558	0.077059895	0.075525396	0.021502625	0.85999274	0.75064886	11.30794	2.6077032e-06
84	84999	9231.950160741806	2590.1396	819.4607	3409.6003	1770.6788	747.5	14.667349	1.708221	16.431639	11.367083	38.2	298.285	62.990456	347.48395	-26.55075	1.1342093	0.9721005	2.712227	34.681274	-10.670231	-299.6711	0.07437195	0.0011888901	0.07660116	0.07274277	-0.072222956	0.8539382	0.7453478	12.653566	1.1324883e-06
85	85999	9329.968083143234	3394.7505	0.0	3394.7505	3394.7505	1000.0	3390.7856	5.0482106	3398.1697	3378.7366	1000.0	282.4151	61.28394	338.95804	-34.39134	1.5811416	1.1185865	2.778455	34.769566	-12.684324	-283.7488	0.080149695	0.0015304288	0.081817046	0.07317262	0.3059799	0.89500487	0.7803723	11.20588	1.6987324e-06
86	86999	9427.717864274979	2468.8223	0.0	2468.8223	2468.8223	694.0	3363.8599	6.2828827	3372.2786	3356.4744	1000.0	293.3591	62.2182	344.56387	-19.010492	1.2011416	0.9458942	2.7366166	33.78644	-11.223816	-294.7435	0.0769733	0.001232296	0.07891057	0.07480795	-0.13875562	0.85965616	0.74979496	11.127488	1.0728836e-06
87	87999	9526.11680650711	3385.8838	0.0	3385.8838	3385.8838	1000.0	3420.341	6.9864664	3428.3213	3407.9883	1000.0	297.79648	62.71861	347.97882	-30.66415	1.1780596	0.96283644	2.742132	36.405823	-11.195393	-299.1498	0.072765455	0.0010615273	0.07480094	0.07122881	-0.097165346	0.8591955	0.7550479	12.715122	5.066395e-07
88	88999	9624.821440458298	3379.6604	0.0	3379.6604	3379.6604	1000.0	3402.2427	8.493377	3421.8245	3391.287	1000.0	299.67767	62.651314	349.25726	-20.694305	1.1446768	0.99808383	2.732727	37.572124	-10.525025	-301.07263	0.0707062	0.00040147215	0.07152383	0.070081644	-0.0050047226	0.85523593	0.75181454	11.360613	1.9073486e-06
89	89999	9814.88083410263	3391.3132	0.0	3391.3132	3391.3132	1000.0	150.42152	11.34602	176.08812	141.33444	74.9	300.8074	62.169327	350.6281	-39.950886	1.1385891	0.98898745	2.729817	30.158743	-12.089827	-302.15036	0.07035042	0.0003707518	0.071254395	0.06978068	-0.02912257	0.8536597	0.7476978	12.400671	1.0728836e-06
90	90999	9913.110723733902	3147.917	0.0	3147.917	3147.917	898.0	3410.1223	1.9525108	3412.4395	3406.2969	1000.0	291.3168	60.991787	345.74808	-26.25256	1.5374637	1.0081092	2.7227116	34.45926	-11.199974	-292.5889	0.07254335	0.0010691328	0.07401518	0.07001454	0.021752624	0.8741814	0.7594123	14.348696	1.3560057e-06
91	91999	10010.986814260483	2915.5076	481.61865	3397.1262	2433.889	841.5	3422.5715	8.994061	3434.8347	3405.516	1000.0	297.66562	61.913578	349.10287	-33.573895	1.1710328	1.010161	2.7519472	34.73175	-11.061086	-298.98407	0.07202461	0.0005302181	0.072937	0.07062931	0.026925005	0.86203897	0.75634235	12.014596	8.419156e-07
92	92999	10107.949033498764	3397.1685	0.0	3397.1685	3397.1685	1000.0	3281.6382	222.755	3411.6868	2808.319	958.6	300.07922	62.36107	350.53354	-26.893965	1.1605507	0.98025864	2.706678	33.627937	-11.695081	-301.427	0.070563965	0.00067479117	0.07170599	0.06945827	-0.052289497	0.85391754	0.74900794	12.727989	8.940697e-07
93	93999	10205.127087831497	3430.5193	0.0	3430.5193	3430.5193	1000.0	3429.83	10.515023	3448.264	3416.5261	1000.0	301.6587	62.15946	351.3064	-33.827652	1.1470925	1.0015455	2.7638695	34.15796	-11.309532	-302.96286	0.06933035	0.00022161877	0.06966846	0.06883836	0.0041664783	0.8569702	0.75554603	11.560431	1.9017607e-06
94	94999	10393.95047545433	3427.0332	0.0	3427.0332	3427.0332	1000.0	1554.5907	64.0164	1649.5222	1464.6427	435.1	302.15	62.023075	352.32977	-60.1582	1.0803977	0.9989169	2.7271955	33.696106	-11.111745	-303.4657	0.069564804	0.0005489077	0.07055615	0.06878394	-0.0028185672	0.8509567	0.74828064	10.966913	5.066395e-07
95	95999	10491.443719148636	2505.3833	0.0	2505.3833	2505.3833	703.0	3404.2065	9.01459	3419.3896	3390.6404	1000.0	297.83798	60.92066	349.56003	-47.783756	1.2735808	0.985796	2.692322	35.674095	-11.06373	-299.01935	0.069253325	0.0009867718	0.07065677	0.06773188	-0.037906524	0.85784686	0.7451188	12.451947	6.198883e-06
96	96999	10589.517521858215	2357.6624	1049.246	3406.9082	1308.4164	680.5	3397.8794	2.5950367	3403.481	3393.809	1000.0	301.41617	61.668354	352.53458	-40.289093	1.135717	0.9931258	2.7882724	36.855743	-12.5634985	-302.6869	0.06862457	0.0010010467	0.07028346	0.06715621	-0.018396892	0.8587604	0.76253235	20.096363	3.7252903e-07
97	97999	10686.758566617966	3447.8494	0.0	3447.8494	3447.8494	1000.0	3432.3008	157.46712	3509.649	2961.574	981.2	302.87308	61.73378	352.57822	-23.8358	1.296386	1.0148244	2.7456257	36.153114	-10.331344	-304.1212	0.06836415	0.0007112323	0.069101356	0.066827394	0.039891943	0.8621808	0.7555105	13.519718	5.9604645e-07
98	98999	10785.700297355652	3416.0205	0.0	3416.0205	3416.0205	1000.0	3451.0854	4.9178505	3457.0635	3440.9375	1000.0	304.17783	61.04082	352.23785	-29.480701	1.1845412	0.98198134	2.7166977	36.288116	-10.809401	-305.35645	0.06706521	0.0007714574	0.06892816	0.06604595	-0.048393037	0.8540946	0.75224763	13.472731	1.4901161e-07
99	99999	10978.765490055084	3415.3289	0.0	3415.3289	3415.3289	1000.0	3364.5015	5.810521	3373.1543	3358.212	1000.0	304.5812	61.11635	353.24405	-38.50407	1.1011634	0.990355	2.7330458	35.299496	-11.448047	-305.83145	0.06618446	0.000416919	0.0670048	0.06558954	-0.026097216	0.85356486	0.75293905	12.934526	7.450581e-09
